hour_timestamp,high_price,low_price,open_price,close_price
2024-04-12 10:00:00.000 UTC,0.614272,0.61086,0.614272,0.612912
2024-04-12 09:00:00.000 UTC,0.617032,0.614245,0.616896,0.614863
2024-04-12 08:00:00.000 UTC,0.618976,0.61511,0.61511,0.616583
2024-04-12 07:00:00.000 UTC,0.617532,0.61335,0.616292,0.61473
2024-04-12 06:00:00.000 UTC,0.619893,0.61598,0.619413,0.61598
2024-04-12 05:00:00.000 UTC,0.622499,0.618884,0.622499,0.619959
2024-04-12 04:00:00.000 UTC,0.623712,0.61833,0.619299,0.623712
2024-04-12 03:00:00.000 UTC,0.620243,0.61767,0.618791,0.617915
2024-04-12 02:00:00.000 UTC,0.621763,0.617614,0.618351,0.619604
2024-04-12 01:00:00.000 UTC,0.619643,0.617185,0.618065,0.618212
2024-04-12 00:00:00.000 UTC,0.619219,0.610671,0.610928,0.619219
2024-04-11 23:00:00.000 UTC,0.611606,0.608237,0.6107,0.611606
2024-04-11 22:00:00.000 UTC,0.611852,0.609214,0.609905,0.609961
2024-04-11 21:00:00.000 UTC,0.614049,0.610401,0.613568,0.610481
2024-04-11 20:00:00.000 UTC,0.61404,0.610527,0.610601,0.613802
2024-04-11 19:00:00.000 UTC,0.612574,0.607508,0.608861,0.610501
2024-04-11 18:00:00.000 UTC,0.611622,0.607004,0.611622,0.607747
2024-04-11 17:00:00.000 UTC,0.61261,0.607839,0.607839,0.611668
2024-04-11 16:00:00.000 UTC,0.611483,0.60332,0.610481,0.607134
2024-04-11 15:00:00.000 UTC,0.612084,0.60808,0.612084,0.6086
2024-04-11 14:00:00.000 UTC,0.614788,0.607155,0.614788,0.612437
2024-04-11 13:00:00.000 UTC,0.618327,0.610178,0.617393,0.610778
2024-04-11 12:00:00.000 UTC,0.618323,0.610361,0.612251,0.615308
2024-04-11 11:00:00.000 UTC,0.620418,0.614778,0.620418,0.614778
2024-04-11 10:00:00.000 UTC,0.624802,0.619901,0.623422,0.619901
2024-04-11 09:00:00.000 UTC,0.628101,0.623712,0.628101,0.623816
2024-04-11 08:00:00.000 UTC,0.629954,0.627324,0.627324,0.628263
2024-04-11 07:00:00.000 UTC,0.628937,0.626736,0.627808,0.628551
2024-04-11 06:00:00.000 UTC,0.627484,0.621953,0.621953,0.627484
2024-04-11 05:00:00.000 UTC,0.621363,0.616991,0.616991,0.621363
2024-04-11 04:00:00.000 UTC,0.616807,0.613026,0.614534,0.616807
2024-04-11 03:00:00.000 UTC,0.61505,0.612985,0.613505,0.614061
2024-04-11 02:00:00.000 UTC,0.613529,0.60984,0.610113,0.612923
2024-04-11 01:00:00.000 UTC,0.612465,0.609895,0.612412,0.610476
2024-04-11 00:00:00.000 UTC,0.613105,0.6092,0.611892,0.611703
2024-04-10 23:00:00.000 UTC,0.612956,0.611196,0.61175,0.611472
2024-04-10 22:00:00.000 UTC,0.614464,0.608797,0.608797,0.612098
2024-04-10 21:00:00.000 UTC,0.607401,0.604696,0.606034,0.60732
2024-04-10 20:00:00.000 UTC,0.609053,0.60551,0.608065,0.606608
2024-04-10 19:00:00.000 UTC,0.607709,0.600517,0.600915,0.607709
2024-04-10 18:00:00.000 UTC,0.606756,0.598796,0.606756,0.602538
2024-04-10 17:00:00.000 UTC,0.610653,0.605768,0.608066,0.607057
2024-04-10 16:00:00.000 UTC,0.60656,0.596831,0.598358,0.60656
2024-04-10 15:00:00.000 UTC,0.599353,0.59531,0.598808,0.598213
2024-04-10 14:00:00.000 UTC,0.599956,0.591557,0.593071,0.599411
2024-04-10 13:00:00.000 UTC,0.595525,0.588857,0.595525,0.591914
2024-04-10 12:00:00.000 UTC,0.608475,0.590334,0.608475,0.595769
2024-04-10 11:00:00.000 UTC,0.610123,0.606767,0.608126,0.607472
2024-04-10 10:00:00.000 UTC,0.61163,0.604285,0.61163,0.608725
2024-04-10 09:00:00.000 UTC,0.615224,0.608364,0.611722,0.608741
2024-04-10 08:00:00.000 UTC,0.614161,0.608831,0.614161,0.611448
2024-04-10 07:00:00.000 UTC,0.616445,0.614433,0.616445,0.615161
2024-04-10 06:00:00.000 UTC,0.620044,0.613188,0.614831,0.617247
2024-04-10 05:00:00.000 UTC,0.617642,0.614015,0.614015,0.615619
2024-04-10 04:00:00.000 UTC,0.615119,0.613169,0.615119,0.614089
2024-04-10 03:00:00.000 UTC,0.613954,0.605685,0.60781,0.613428
2024-04-10 02:00:00.000 UTC,0.626279,0.607486,0.623898,0.607486
2024-04-10 01:00:00.000 UTC,0.624679,0.615246,0.624679,0.61981
2024-04-10 00:00:00.000 UTC,0.626826,0.620279,0.621924,0.624359
2024-04-09 23:00:00.000 UTC,0.628677,0.620261,0.628677,0.622846
2024-04-09 22:00:00.000 UTC,0.629297,0.625296,0.628657,0.628474
2024-04-09 21:00:00.000 UTC,0.632077,0.626838,0.632077,0.627956
2024-04-09 20:00:00.000 UTC,0.633814,0.630948,0.630948,0.632034
2024-04-09 19:00:00.000 UTC,0.634433,0.625262,0.626599,0.629805
2024-04-09 18:00:00.000 UTC,0.629368,0.626289,0.629368,0.626302
2024-04-09 17:00:00.000 UTC,0.630547,0.62502,0.626623,0.628893
2024-04-09 16:00:00.000 UTC,0.633711,0.627113,0.632963,0.627113
2024-04-09 15:00:00.000 UTC,0.633537,0.622247,0.628272,0.633537
2024-04-09 14:00:00.000 UTC,0.642101,0.626092,0.636244,0.627619
2024-04-09 13:00:00.000 UTC,0.6464,0.638716,0.6464,0.638716
2024-04-09 12:00:00.000 UTC,0.64896,0.64367,0.648277,0.648059
2024-04-09 11:00:00.000 UTC,0.648393,0.64566,0.648332,0.648385
2024-04-09 10:00:00.000 UTC,0.64757,0.639478,0.639478,0.64757
2024-04-09 09:00:00.000 UTC,0.642774,0.638263,0.639494,0.638263
2024-04-09 08:00:00.000 UTC,0.638481,0.628178,0.634882,0.638481
2024-04-09 07:00:00.000 UTC,0.642149,0.634832,0.640455,0.636233
2024-04-09 06:00:00.000 UTC,0.647485,0.637479,0.646894,0.642808
2024-04-09 05:00:00.000 UTC,0.647765,0.643989,0.645358,0.647484
2024-04-09 04:00:00.000 UTC,0.645893,0.64162,0.642602,0.645893
2024-04-09 03:00:00.000 UTC,0.647119,0.641112,0.646589,0.641419
2024-04-09 02:00:00.000 UTC,0.648357,0.64595,0.64629,0.646806
2024-04-09 01:00:00.000 UTC,0.649355,0.643604,0.647918,0.645538
2024-04-09 00:00:00.000 UTC,0.651379,0.647345,0.65,0.647345
2024-04-08 23:00:00.000 UTC,0.653496,0.649521,0.653496,0.649521
2024-04-08 22:00:00.000 UTC,0.65389,0.651537,0.651709,0.652347
2024-04-08 21:00:00.000 UTC,0.65301,0.650606,0.650933,0.651039
2024-04-08 20:00:00.000 UTC,0.650877,0.648886,0.649124,0.650468
2024-04-08 19:00:00.000 UTC,0.649871,0.648453,0.648748,0.649871
2024-04-08 18:00:00.000 UTC,0.651279,0.647856,0.64863,0.647856
2024-04-08 17:00:00.000 UTC,0.65068,0.64673,0.65068,0.647498
2024-04-08 16:00:00.000 UTC,0.651564,0.6491,0.6491,0.650025
2024-04-08 15:00:00.000 UTC,0.649534,0.646579,0.646579,0.649534
2024-04-08 14:00:00.000 UTC,0.647755,0.644025,0.647755,0.646345
2024-04-08 13:00:00.000 UTC,0.651728,0.644798,0.645757,0.648357
2024-04-08 12:00:00.000 UTC,0.646144,0.641435,0.641717,0.644011
2024-04-08 11:00:00.000 UTC,0.64174,0.639952,0.640285,0.641237
2024-04-08 10:00:00.000 UTC,0.640583,0.637593,0.638431,0.640583
2024-04-08 09:00:00.000 UTC,0.63812,0.636303,0.63713,0.637724
2024-04-08 08:00:00.000 UTC,0.636638,0.625897,0.625897,0.636638
2024-04-08 07:00:00.000 UTC,0.627866,0.614124,0.614124,0.627173
2024-04-08 06:00:00.000 UTC,0.615772,0.612432,0.613605,0.613516
2024-04-08 05:00:00.000 UTC,0.613676,0.609202,0.609202,0.613676
2024-04-08 04:00:00.000 UTC,0.609022,0.606885,0.608939,0.608984
2024-04-08 03:00:00.000 UTC,0.611059,0.606764,0.611059,0.608975
2024-04-08 02:00:00.000 UTC,0.615332,0.610397,0.614498,0.610397
2024-04-08 01:00:00.000 UTC,0.618756,0.614006,0.614865,0.614422
2024-04-08 00:00:00.000 UTC,0.61691,0.612369,0.616798,0.614675
2024-04-07 23:00:00.000 UTC,0.616741,0.613274,0.613274,0.616605
2024-04-07 22:00:00.000 UTC,0.613847,0.609122,0.611933,0.613387
2024-04-07 21:00:00.000 UTC,0.614376,0.612526,0.613511,0.612526
2024-04-07 20:00:00.000 UTC,0.614467,0.611277,0.611277,0.613642
2024-04-07 19:00:00.000 UTC,0.615538,0.610604,0.615126,0.610604
2024-04-07 18:00:00.000 UTC,0.616369,0.612762,0.616369,0.614778
2024-04-07 17:00:00.000 UTC,0.619323,0.615544,0.619234,0.61642
2024-04-07 16:00:00.000 UTC,0.622093,0.618928,0.619021,0.620507
2024-04-07 15:00:00.000 UTC,0.62373,0.617918,0.622518,0.61948
2024-04-07 14:00:00.000 UTC,0.622482,0.619268,0.62007,0.622482
2024-04-07 13:00:00.000 UTC,0.622467,0.6199,0.620467,0.620081
2024-04-07 12:00:00.000 UTC,0.621146,0.618319,0.619348,0.621146
2024-04-07 11:00:00.000 UTC,0.619336,0.617842,0.61842,0.618848
2024-04-07 10:00:00.000 UTC,0.618916,0.615696,0.616069,0.618521
2024-04-07 09:00:00.000 UTC,0.619538,0.61529,0.619538,0.615535
2024-04-07 08:00:00.000 UTC,0.61999,0.617939,0.618289,0.618851
2024-04-07 07:00:00.000 UTC,0.619248,0.616102,0.616155,0.618382
2024-04-07 06:00:00.000 UTC,0.61746,0.615603,0.616696,0.615644
2024-04-07 05:00:00.000 UTC,0.616796,0.615086,0.615086,0.616545
2024-04-07 04:00:00.000 UTC,0.616755,0.613253,0.615834,0.61531
2024-04-07 03:00:00.000 UTC,0.617523,0.615713,0.616511,0.61595
2024-04-07 02:00:00.000 UTC,0.617836,0.615535,0.617836,0.616885
2024-04-07 01:00:00.000 UTC,0.618038,0.61307,0.613751,0.61655
2024-04-07 00:00:00.000 UTC,0.614574,0.609145,0.61093,0.614574
2024-04-06 23:00:00.000 UTC,0.614108,0.611212,0.611212,0.611518
2024-04-06 22:00:00.000 UTC,0.61051,0.606986,0.606986,0.61051
2024-04-06 21:00:00.000 UTC,0.609574,0.606601,0.608918,0.606601
2024-04-06 20:00:00.000 UTC,0.608606,0.606697,0.607362,0.608606
2024-04-06 19:00:00.000 UTC,0.609057,0.607005,0.607005,0.607413
2024-04-06 18:00:00.000 UTC,0.608588,0.606175,0.608588,0.60681
2024-04-06 17:00:00.000 UTC,0.609555,0.606909,0.607116,0.609555
2024-04-06 16:00:00.000 UTC,0.606817,0.605267,0.606362,0.606338
2024-04-06 15:00:00.000 UTC,0.607131,0.604493,0.604559,0.606324
2024-04-06 14:00:00.000 UTC,0.605017,0.600468,0.600468,0.604554
2024-04-06 13:00:00.000 UTC,0.603905,0.600481,0.603905,0.600768
2024-04-06 12:00:00.000 UTC,0.604523,0.602887,0.603788,0.6037
2024-04-06 11:00:00.000 UTC,0.604453,0.602333,0.604453,0.604346
2024-04-06 10:00:00.000 UTC,0.604513,0.602713,0.604066,0.604229
2024-04-06 09:00:00.000 UTC,0.6091,0.603865,0.607805,0.604515
2024-04-06 08:00:00.000 UTC,0.607284,0.605861,0.606772,0.607284
2024-04-06 07:00:00.000 UTC,0.608195,0.605567,0.608195,0.607751
2024-04-06 06:00:00.000 UTC,0.607991,0.60606,0.606732,0.607991
2024-04-06 05:00:00.000 UTC,0.60827,0.605669,0.605669,0.606723
2024-04-06 04:00:00.000 UTC,0.606106,0.603914,0.606091,0.606106
2024-04-06 03:00:00.000 UTC,0.607911,0.604613,0.604613,0.606201
2024-04-06 02:00:00.000 UTC,0.604652,0.60055,0.603044,0.604652
2024-04-06 01:00:00.000 UTC,0.607001,0.603443,0.604462,0.603443
2024-04-06 00:00:00.000 UTC,0.60681,0.601279,0.603011,0.604603
2024-04-05 23:00:00.000 UTC,0.604379,0.602892,0.603063,0.604304
2024-04-05 22:00:00.000 UTC,0.605603,0.603716,0.605031,0.603716
2024-04-05 21:00:00.000 UTC,0.607645,0.60347,0.607645,0.605592
2024-04-05 20:00:00.000 UTC,0.609522,0.605742,0.605742,0.607221
2024-04-05 19:00:00.000 UTC,0.608319,0.604953,0.604953,0.606413
2024-04-05 18:00:00.000 UTC,0.605271,0.602444,0.603024,0.604635
2024-04-05 17:00:00.000 UTC,0.605938,0.60252,0.604587,0.604205
2024-04-05 16:00:00.000 UTC,0.607477,0.603224,0.606877,0.603679
2024-04-05 15:00:00.000 UTC,0.606724,0.601971,0.60349,0.605756
2024-04-05 14:00:00.000 UTC,0.604203,0.59643,0.597984,0.604203
2024-04-05 13:00:00.000 UTC,0.596849,0.591357,0.59338,0.596849
2024-04-05 12:00:00.000 UTC,0.590699,0.582341,0.584258,0.590699
2024-04-05 11:00:00.000 UTC,0.592109,0.585971,0.591752,0.585971
2024-04-05 10:00:00.000 UTC,0.592636,0.585653,0.59152,0.591069
2024-04-05 09:00:00.000 UTC,0.596556,0.590058,0.596556,0.591296
2024-04-05 08:00:00.000 UTC,0.601781,0.595854,0.597771,0.595854
2024-04-05 07:00:00.000 UTC,0.597859,0.592682,0.597254,0.597859
2024-04-05 06:00:00.000 UTC,0.599339,0.595916,0.597747,0.59665
2024-04-05 05:00:00.000 UTC,0.600179,0.589032,0.599761,0.597575
2024-04-05 04:00:00.000 UTC,0.604469,0.598884,0.604469,0.600066
2024-04-05 03:00:00.000 UTC,0.603718,0.59588,0.59588,0.603718
2024-04-05 02:00:00.000 UTC,0.604044,0.595192,0.604044,0.59567
2024-04-05 01:00:00.000 UTC,0.609446,0.602606,0.609446,0.603944
2024-04-05 00:00:00.000 UTC,0.607997,0.605067,0.607907,0.607997
2024-04-04 23:00:00.000 UTC,0.607978,0.603055,0.603055,0.607978
2024-04-04 22:00:00.000 UTC,0.605435,0.601165,0.603092,0.603787
2024-04-04 21:00:00.000 UTC,0.607014,0.601201,0.605549,0.603533
2024-04-04 20:00:00.000 UTC,0.609696,0.597724,0.609696,0.60419
2024-04-04 19:00:00.000 UTC,0.613603,0.609364,0.611863,0.609364
2024-04-04 18:00:00.000 UTC,0.619152,0.613318,0.616923,0.613337
2024-04-04 17:00:00.000 UTC,0.616678,0.611511,0.612956,0.616678
2024-04-04 16:00:00.000 UTC,0.615655,0.610794,0.611478,0.613746
2024-04-04 15:00:00.000 UTC,0.61209,0.608053,0.612089,0.611405
2024-04-04 14:00:00.000 UTC,0.61387,0.609095,0.611662,0.61387
2024-04-04 13:00:00.000 UTC,0.614101,0.605319,0.605319,0.612786
2024-04-04 12:00:00.000 UTC,0.606352,0.602411,0.602411,0.606352
2024-04-04 11:00:00.000 UTC,0.604075,0.599886,0.599916,0.604075
2024-04-04 10:00:00.000 UTC,0.606264,0.600427,0.606264,0.600905
2024-04-04 09:00:00.000 UTC,0.606395,0.603698,0.60574,0.605665
2024-04-04 08:00:00.000 UTC,0.606446,0.601551,0.601551,0.605155
2024-04-04 07:00:00.000 UTC,0.602825,0.598412,0.599082,0.600779
2024-04-04 06:00:00.000 UTC,0.599619,0.596243,0.596719,0.598775
2024-04-04 05:00:00.000 UTC,0.59536,0.591435,0.591747,0.59536
2024-04-04 04:00:00.000 UTC,0.590802,0.584048,0.58967,0.590802
2024-04-04 03:00:00.000 UTC,0.594624,0.589092,0.594424,0.590141
2024-04-04 02:00:00.000 UTC,0.597543,0.590782,0.597543,0.594986
2024-04-04 01:00:00.000 UTC,0.602436,0.596156,0.601295,0.596156
2024-04-04 00:00:00.000 UTC,0.602223,0.593909,0.594657,0.602223
2024-04-03 23:00:00.000 UTC,0.597661,0.594938,0.594938,0.595419
2024-04-03 22:00:00.000 UTC,0.597179,0.593482,0.594044,0.594682
2024-04-03 21:00:00.000 UTC,0.591975,0.584015,0.589286,0.591975
2024-04-03 20:00:00.000 UTC,0.595668,0.587204,0.595668,0.588684
2024-04-03 19:00:00.000 UTC,0.597545,0.593818,0.597012,0.593948
2024-04-03 18:00:00.000 UTC,0.597324,0.591106,0.596579,0.597324
2024-04-03 17:00:00.000 UTC,0.60371,0.595773,0.60371,0.596952
2024-04-03 16:00:00.000 UTC,0.60705,0.60096,0.60096,0.603853
2024-04-03 15:00:00.000 UTC,0.612068,0.601506,0.611966,0.60197
2024-04-03 14:00:00.000 UTC,0.611393,0.600992,0.600992,0.610274
2024-04-03 13:00:00.000 UTC,0.607135,0.600459,0.605297,0.602719
2024-04-03 12:00:00.000 UTC,0.609843,0.603909,0.609208,0.605138
2024-04-03 11:00:00.000 UTC,0.613166,0.608003,0.613166,0.610997
2024-04-03 10:00:00.000 UTC,0.619423,0.611348,0.619423,0.611348
2024-04-03 09:00:00.000 UTC,0.620802,0.618698,0.620539,0.620802
2024-04-03 08:00:00.000 UTC,0.620155,0.613613,0.615971,0.620155
2024-04-03 07:00:00.000 UTC,0.619576,0.616001,0.61838,0.617429
2024-04-03 06:00:00.000 UTC,0.618985,0.614642,0.614642,0.618985
2024-04-03 05:00:00.000 UTC,0.615447,0.612848,0.615447,0.612848
2024-04-03 04:00:00.000 UTC,0.616998,0.614828,0.61528,0.615144
2024-04-03 03:00:00.000 UTC,0.616046,0.611509,0.613809,0.615361
2024-04-03 02:00:00.000 UTC,0.616561,0.612441,0.614761,0.612953
2024-04-03 01:00:00.000 UTC,0.612534,0.598035,0.601687,0.612534
2024-04-03 00:00:00.000 UTC,0.608804,0.590368,0.607439,0.599727
2024-04-02 23:00:00.000 UTC,0.615326,0.606821,0.615326,0.606821
2024-04-02 22:00:00.000 UTC,0.616227,0.61072,0.61173,0.616227
2024-04-02 21:00:00.000 UTC,0.612626,0.60822,0.612002,0.609937
2024-04-02 20:00:00.000 UTC,0.614653,0.610193,0.61381,0.611961
2024-04-02 19:00:00.000 UTC,0.615197,0.611754,0.614261,0.613706
2024-04-02 18:00:00.000 UTC,0.61464,0.611289,0.611927,0.61464
2024-04-02 17:00:00.000 UTC,0.61243,0.60972,0.610979,0.610187
2024-04-02 16:00:00.000 UTC,0.611846,0.603936,0.604782,0.611846
2024-04-02 15:00:00.000 UTC,0.620472,0.608525,0.617324,0.608525
2024-04-02 14:00:00.000 UTC,0.621469,0.610475,0.610475,0.61892
2024-04-02 13:00:00.000 UTC,0.61503,0.606064,0.61503,0.609439
2024-04-02 12:00:00.000 UTC,0.61951,0.613573,0.616612,0.613573
2024-04-02 11:00:00.000 UTC,0.616695,0.60847,0.616695,0.615603
2024-04-02 10:00:00.000 UTC,0.62009,0.614799,0.619712,0.615452
2024-04-02 09:00:00.000 UTC,0.623032,0.611695,0.615221,0.620122
2024-04-02 08:00:00.000 UTC,0.626717,0.616376,0.626447,0.616376
2024-04-02 07:00:00.000 UTC,0.633629,0.626806,0.633629,0.626806
2024-04-02 06:00:00.000 UTC,0.634446,0.629677,0.630133,0.634133
2024-04-02 05:00:00.000 UTC,0.629632,0.623644,0.629356,0.627828
2024-04-02 04:00:00.000 UTC,0.631969,0.628177,0.628177,0.628752
2024-04-02 03:00:00.000 UTC,0.631815,0.625709,0.630386,0.626158
2024-04-02 02:00:00.000 UTC,0.654424,0.622245,0.654424,0.629238
2024-04-02 01:00:00.000 UTC,0.657142,0.653142,0.653142,0.654418
2024-04-02 00:00:00.000 UTC,0.661393,0.650738,0.661393,0.653385
2024-04-01 23:00:00.000 UTC,0.663002,0.660578,0.660675,0.662132
2024-04-01 22:00:00.000 UTC,0.661165,0.658369,0.658371,0.660699
2024-04-01 21:00:00.000 UTC,0.660989,0.657619,0.660989,0.65832
2024-04-01 20:00:00.000 UTC,0.659739,0.655425,0.657345,0.659739
2024-04-01 19:00:00.000 UTC,0.65654,0.650503,0.650503,0.65654
2024-04-01 18:00:00.000 UTC,0.650117,0.642496,0.650117,0.650047
2024-04-01 17:00:00.000 UTC,0.649953,0.646796,0.649953,0.649461
2024-04-01 16:00:00.000 UTC,0.653259,0.646931,0.646931,0.652128
2024-04-01 15:00:00.000 UTC,0.654274,0.648216,0.653936,0.649483
2024-04-01 14:00:00.000 UTC,0.66898,0.654847,0.66898,0.654847
2024-04-01 13:00:00.000 UTC,0.670594,0.664002,0.668113,0.669565
2024-04-01 12:00:00.000 UTC,0.667572,0.660694,0.661907,0.667572
2024-04-01 11:00:00.000 UTC,0.666386,0.662108,0.663774,0.662108
2024-04-01 10:00:00.000 UTC,0.663299,0.657927,0.661125,0.663299
2024-04-01 09:00:00.000 UTC,0.665537,0.660166,0.66136,0.660166
2024-04-01 08:00:00.000 UTC,0.6712,0.662199,0.6712,0.663377
2024-04-01 07:00:00.000 UTC,0.67235,0.668527,0.66914,0.67235
2024-04-01 06:00:00.000 UTC,0.671943,0.661357,0.661357,0.669328
2024-04-01 05:00:00.000 UTC,0.695177,0.659685,0.693687,0.659685
2024-04-01 04:00:00.000 UTC,0.699455,0.694913,0.699455,0.695298
2024-04-01 03:00:00.000 UTC,0.706233,0.699804,0.706233,0.699804
2024-04-01 02:00:00.000 UTC,0.708018,0.705842,0.707291,0.706236
2024-04-01 01:00:00.000 UTC,0.707791,0.701979,0.703536,0.707791
2024-04-01 00:00:00.000 UTC,0.707299,0.701714,0.70321,0.703301
2024-03-31 23:00:00.000 UTC,0.702601,0.699081,0.699369,0.702601
2024-03-31 22:00:00.000 UTC,0.698802,0.694272,0.694272,0.698284
2024-03-31 21:00:00.000 UTC,0.696874,0.692098,0.696874,0.694556
2024-03-31 20:00:00.000 UTC,0.700505,0.695652,0.699981,0.697113
2024-03-31 19:00:00.000 UTC,0.700482,0.698183,0.698426,0.700482
2024-03-31 18:00:00.000 UTC,0.702189,0.698275,0.699759,0.701554
2024-03-31 17:00:00.000 UTC,0.702585,0.699966,0.701592,0.700575
2024-03-31 16:00:00.000 UTC,0.703177,0.700912,0.701398,0.701216
2024-03-31 15:00:00.000 UTC,0.701602,0.699444,0.700888,0.700766
2024-03-31 14:00:00.000 UTC,0.702871,0.699921,0.701899,0.699921
2024-03-31 13:00:00.000 UTC,0.703015,0.701906,0.703015,0.701906
2024-03-31 12:00:00.000 UTC,0.704885,0.702596,0.702596,0.703331
2024-03-31 11:00:00.000 UTC,0.703354,0.701536,0.701867,0.702494
2024-03-31 10:00:00.000 UTC,0.702594,0.701043,0.702594,0.702142
2024-03-31 09:00:00.000 UTC,0.70416,0.70233,0.703174,0.702622
2024-03-31 08:00:00.000 UTC,0.704952,0.702389,0.704123,0.702389
2024-03-31 07:00:00.000 UTC,0.705426,0.702416,0.704715,0.703721
2024-03-31 06:00:00.000 UTC,0.705818,0.702989,0.705671,0.70542
2024-03-31 05:00:00.000 UTC,0.705056,0.695933,0.695933,0.705056
2024-03-31 04:00:00.000 UTC,0.697617,0.692762,0.695321,0.69516
2024-03-31 03:00:00.000 UTC,0.699034,0.694194,0.699034,0.694578
2024-03-31 02:00:00.000 UTC,0.701346,0.697278,0.697278,0.697911
2024-03-31 01:00:00.000 UTC,0.69861,0.694558,0.694558,0.698283
2024-03-31 00:00:00.000 UTC,0.696797,0.692786,0.696797,0.69537
2024-03-30 23:00:00.000 UTC,0.697471,0.691153,0.695484,0.697471
2024-03-30 22:00:00.000 UTC,0.699693,0.69356,0.699638,0.694848
2024-03-30 21:00:00.000 UTC,0.707147,0.695951,0.707147,0.695951
2024-03-30 20:00:00.000 UTC,0.711374,0.706807,0.711286,0.706807
2024-03-30 19:00:00.000 UTC,0.710034,0.701914,0.709691,0.710034
2024-03-30 18:00:00.000 UTC,0.712579,0.708257,0.709814,0.708795
2024-03-30 17:00:00.000 UTC,0.70953,0.704784,0.707662,0.708913
2024-03-30 16:00:00.000 UTC,0.712441,0.70383,0.710298,0.708737
2024-03-30 15:00:00.000 UTC,0.710964,0.700517,0.700851,0.70906
2024-03-30 14:00:00.000 UTC,0.702948,0.69845,0.700634,0.699821
2024-03-30 13:00:00.000 UTC,0.705054,0.700288,0.705054,0.700288
2024-03-30 12:00:00.000 UTC,0.706678,0.703207,0.705288,0.704957
2024-03-30 11:00:00.000 UTC,0.704781,0.699949,0.699949,0.704781
2024-03-30 10:00:00.000 UTC,0.702285,0.699238,0.702285,0.700144
2024-03-30 09:00:00.000 UTC,0.701491,0.697377,0.699132,0.701491
2024-03-30 08:00:00.000 UTC,0.702292,0.696029,0.697821,0.697733
2024-03-30 07:00:00.000 UTC,0.703907,0.699234,0.703907,0.699234
2024-03-30 06:00:00.000 UTC,0.709188,0.701124,0.709188,0.703067
2024-03-30 05:00:00.000 UTC,0.7133,0.708026,0.712166,0.708026
2024-03-30 04:00:00.000 UTC,0.711276,0.706316,0.707151,0.711276
2024-03-30 03:00:00.000 UTC,0.713582,0.705083,0.713582,0.705083
2024-03-30 02:00:00.000 UTC,0.71758,0.713928,0.717319,0.713928
2024-03-30 01:00:00.000 UTC,0.722356,0.714509,0.716169,0.719626
2024-03-30 00:00:00.000 UTC,0.715989,0.707959,0.715989,0.715398
2024-03-29 23:00:00.000 UTC,0.71631,0.712752,0.712925,0.715077
2024-03-29 22:00:00.000 UTC,0.714627,0.70153,0.70153,0.714165
2024-03-29 21:00:00.000 UTC,0.702803,0.698143,0.702803,0.702311
2024-03-29 20:00:00.000 UTC,0.706528,0.701011,0.706528,0.702552
2024-03-29 19:00:00.000 UTC,0.708194,0.704296,0.706324,0.706434
2024-03-29 18:00:00.000 UTC,0.708335,0.705137,0.70635,0.706119
2024-03-29 17:00:00.000 UTC,0.712238,0.704032,0.706911,0.704032
2024-03-29 16:00:00.000 UTC,0.712323,0.701393,0.701393,0.707874
2024-03-29 15:00:00.000 UTC,0.711747,0.69881,0.711066,0.702947
2024-03-29 14:00:00.000 UTC,0.716572,0.711209,0.711209,0.714333
2024-03-29 13:00:00.000 UTC,0.713727,0.707176,0.713727,0.70924
2024-03-29 12:00:00.000 UTC,0.716772,0.706457,0.709142,0.716208
2024-03-29 11:00:00.000 UTC,0.709134,0.70416,0.70416,0.708123
2024-03-29 10:00:00.000 UTC,0.704479,0.696176,0.69891,0.704051
2024-03-29 09:00:00.000 UTC,0.707808,0.69796,0.704563,0.69851
2024-03-29 08:00:00.000 UTC,0.706743,0.690607,0.690607,0.706743
2024-03-29 07:00:00.000 UTC,0.708663,0.688932,0.707038,0.688932
2024-03-29 06:00:00.000 UTC,0.704934,0.694414,0.697775,0.704934
2024-03-29 05:00:00.000 UTC,0.703598,0.696885,0.697119,0.69907
2024-03-29 04:00:00.000 UTC,0.69875,0.691221,0.6935,0.694185
2024-03-29 03:00:00.000 UTC,0.69531,0.690255,0.690255,0.692018
2024-03-29 02:00:00.000 UTC,0.693397,0.685959,0.693397,0.689708
2024-03-29 01:00:00.000 UTC,0.697282,0.692284,0.692284,0.694
2024-03-29 00:00:00.000 UTC,0.696724,0.689411,0.696483,0.689411
2024-03-28 23:00:00.000 UTC,0.70056,0.695517,0.700378,0.695517
2024-03-28 22:00:00.000 UTC,0.700264,0.693754,0.697564,0.700264
2024-03-28 21:00:00.000 UTC,0.700139,0.693786,0.693786,0.696683
2024-03-28 20:00:00.000 UTC,0.694144,0.689582,0.689776,0.693779
2024-03-28 19:00:00.000 UTC,0.69072,0.687904,0.689174,0.690604
2024-03-28 18:00:00.000 UTC,0.691624,0.688343,0.690705,0.688343
2024-03-28 17:00:00.000 UTC,0.693752,0.691264,0.693363,0.691264
2024-03-28 16:00:00.000 UTC,0.693743,0.689137,0.693145,0.691756
2024-03-28 15:00:00.000 UTC,0.694884,0.689597,0.694884,0.69396
2024-03-28 14:00:00.000 UTC,0.695758,0.6883,0.691602,0.694353
2024-03-28 13:00:00.000 UTC,0.692749,0.68524,0.687672,0.691758
2024-03-28 12:00:00.000 UTC,0.696874,0.684372,0.695106,0.684372
2024-03-28 11:00:00.000 UTC,0.697383,0.692664,0.69446,0.693461
2024-03-28 10:00:00.000 UTC,0.698975,0.693373,0.698975,0.694024
2024-03-28 09:00:00.000 UTC,0.701986,0.696594,0.701718,0.697632
2024-03-28 08:00:00.000 UTC,0.704888,0.696118,0.698621,0.702515
2024-03-28 07:00:00.000 UTC,0.698848,0.688344,0.691324,0.697666
2024-03-28 06:00:00.000 UTC,0.690441,0.682293,0.683824,0.690441
2024-03-28 05:00:00.000 UTC,0.684075,0.681611,0.683248,0.683157
2024-03-28 04:00:00.000 UTC,0.684506,0.677338,0.677338,0.682854
2024-03-28 03:00:00.000 UTC,0.679197,0.670865,0.67688,0.676698
2024-03-28 02:00:00.000 UTC,0.684228,0.67605,0.679066,0.67605
2024-03-28 01:00:00.000 UTC,0.684851,0.676838,0.684851,0.679641
2024-03-28 00:00:00.000 UTC,0.689923,0.683161,0.68466,0.686214
2024-03-27 23:00:00.000 UTC,0.687848,0.682408,0.687848,0.683855
2024-03-27 22:00:00.000 UTC,0.688523,0.683705,0.683705,0.687291
2024-03-27 21:00:00.000 UTC,0.687352,0.6834,0.683451,0.68425
2024-03-27 20:00:00.000 UTC,0.684645,0.681022,0.681138,0.683215
2024-03-27 19:00:00.000 UTC,0.682021,0.675515,0.675515,0.680883
2024-03-27 18:00:00.000 UTC,0.687964,0.678169,0.687614,0.678169
2024-03-27 17:00:00.000 UTC,0.69243,0.688503,0.689666,0.688503
2024-03-27 16:00:00.000 UTC,0.690926,0.681547,0.683584,0.689312
2024-03-27 15:00:00.000 UTC,0.697071,0.683669,0.697071,0.683669
2024-03-27 14:00:00.000 UTC,0.696149,0.681147,0.694749,0.695341
2024-03-27 13:00:00.000 UTC,0.71346,0.69605,0.701788,0.69605
2024-03-27 12:00:00.000 UTC,0.709302,0.69982,0.705364,0.701075
2024-03-27 11:00:00.000 UTC,0.707258,0.698307,0.701,0.704522
2024-03-27 10:00:00.000 UTC,0.701348,0.696581,0.697372,0.699661
2024-03-27 09:00:00.000 UTC,0.697803,0.689249,0.692251,0.696685
2024-03-27 08:00:00.000 UTC,0.703221,0.692886,0.69803,0.692886
2024-03-27 07:00:00.000 UTC,0.709025,0.696596,0.709025,0.696596
2024-03-27 06:00:00.000 UTC,0.714182,0.707349,0.711826,0.707349
2024-03-27 05:00:00.000 UTC,0.715907,0.710337,0.712461,0.711826
2024-03-27 04:00:00.000 UTC,0.719577,0.711608,0.716315,0.711608
2024-03-27 03:00:00.000 UTC,0.722647,0.715376,0.722647,0.715799
2024-03-27 02:00:00.000 UTC,0.729192,0.71891,0.729192,0.71891
2024-03-27 01:00:00.000 UTC,0.735685,0.727759,0.729895,0.735685
2024-03-27 00:00:00.000 UTC,0.730215,0.722082,0.722082,0.730215
2024-03-26 23:00:00.000 UTC,0.727633,0.718755,0.724329,0.721309
2024-03-26 22:00:00.000 UTC,0.723224,0.716071,0.719826,0.723224
2024-03-26 21:00:00.000 UTC,0.720581,0.713929,0.715858,0.720581
2024-03-26 20:00:00.000 UTC,0.72466,0.71151,0.71151,0.714041
2024-03-26 19:00:00.000 UTC,0.719454,0.710685,0.719454,0.712848
2024-03-26 18:00:00.000 UTC,0.725123,0.708142,0.708142,0.720797
2024-03-26 17:00:00.000 UTC,0.7072,0.695903,0.69867,0.7072
2024-03-26 16:00:00.000 UTC,0.705574,0.69611,0.700054,0.69611
2024-03-26 15:00:00.000 UTC,0.703184,0.69268,0.703184,0.696594
2024-03-26 14:00:00.000 UTC,0.70419,0.691318,0.701792,0.702048
2024-03-26 13:00:00.000 UTC,0.710588,0.701535,0.710588,0.704606
2024-03-26 12:00:00.000 UTC,0.714212,0.708494,0.714212,0.708494
2024-03-26 11:00:00.000 UTC,0.718033,0.71231,0.716542,0.713881
2024-03-26 10:00:00.000 UTC,0.716721,0.71371,0.715625,0.716721
2024-03-26 09:00:00.000 UTC,0.716155,0.710964,0.712425,0.716085
2024-03-26 08:00:00.000 UTC,0.712324,0.707694,0.708529,0.712324
2024-03-26 07:00:00.000 UTC,0.715242,0.70945,0.714491,0.70945
2024-03-26 06:00:00.000 UTC,0.713969,0.706997,0.708307,0.713969
2024-03-26 05:00:00.000 UTC,0.709344,0.707542,0.709344,0.707986
2024-03-26 04:00:00.000 UTC,0.71269,0.708587,0.711364,0.709573
2024-03-26 03:00:00.000 UTC,0.713644,0.708547,0.713644,0.711177
2024-03-26 02:00:00.000 UTC,0.713268,0.706059,0.710296,0.713268
2024-03-26 01:00:00.000 UTC,0.712276,0.702422,0.702447,0.711361
2024-03-26 00:00:00.000 UTC,0.703245,0.695834,0.696328,0.702455
2024-03-25 23:00:00.000 UTC,0.699152,0.691688,0.698779,0.695192
2024-03-25 22:00:00.000 UTC,0.70007,0.696865,0.696865,0.699009
2024-03-25 21:00:00.000 UTC,0.702752,0.690457,0.702752,0.697724
2024-03-25 20:00:00.000 UTC,0.705015,0.700733,0.705015,0.703343
2024-03-25 19:00:00.000 UTC,0.704449,0.695916,0.699324,0.704166
2024-03-25 18:00:00.000 UTC,0.698747,0.693701,0.69711,0.69734
2024-03-25 17:00:00.000 UTC,0.702997,0.696949,0.700025,0.698806
2024-03-25 16:00:00.000 UTC,0.699767,0.690078,0.693386,0.699767
2024-03-25 15:00:00.000 UTC,0.695984,0.690992,0.691082,0.694174
2024-03-25 14:00:00.000 UTC,0.690282,0.675451,0.675451,0.690282
2024-03-25 13:00:00.000 UTC,0.673359,0.667199,0.67133,0.673359
2024-03-25 12:00:00.000 UTC,0.673808,0.669081,0.669081,0.671269
2024-03-25 11:00:00.000 UTC,0.678476,0.667184,0.678476,0.667184
2024-03-25 10:00:00.000 UTC,0.680091,0.674963,0.677985,0.677125
2024-03-25 09:00:00.000 UTC,0.677159,0.672628,0.676705,0.677138
2024-03-25 08:00:00.000 UTC,0.679968,0.670537,0.670537,0.677093
2024-03-25 07:00:00.000 UTC,0.677915,0.670368,0.677346,0.670368
2024-03-25 06:00:00.000 UTC,0.6784,0.675882,0.678321,0.676756
2024-03-25 05:00:00.000 UTC,0.682136,0.678054,0.679224,0.678413
2024-03-25 04:00:00.000 UTC,0.68164,0.678877,0.680685,0.678877
2024-03-25 03:00:00.000 UTC,0.683855,0.680307,0.683855,0.680585
2024-03-25 02:00:00.000 UTC,0.686028,0.680368,0.686028,0.682313
2024-03-25 01:00:00.000 UTC,0.694228,0.685889,0.686318,0.685889
2024-03-25 00:00:00.000 UTC,0.688719,0.67987,0.683465,0.688719
2024-03-24 23:00:00.000 UTC,0.68535,0.682627,0.683022,0.684797
2024-03-24 22:00:00.000 UTC,0.685172,0.680953,0.682324,0.683234
2024-03-24 21:00:00.000 UTC,0.684388,0.680318,0.680318,0.681948
2024-03-24 20:00:00.000 UTC,0.681508,0.673583,0.674654,0.680752
2024-03-24 19:00:00.000 UTC,0.675131,0.672409,0.67257,0.675098
2024-03-24 18:00:00.000 UTC,0.675164,0.669885,0.669885,0.673426
2024-03-24 17:00:00.000 UTC,0.669957,0.660666,0.669957,0.668911
2024-03-24 16:00:00.000 UTC,0.671856,0.667618,0.66982,0.667618
2024-03-24 15:00:00.000 UTC,0.672064,0.669333,0.670109,0.670054
2024-03-24 14:00:00.000 UTC,0.674919,0.667522,0.667522,0.669521
2024-03-24 13:00:00.000 UTC,0.674107,0.66542,0.674107,0.66542
2024-03-24 12:00:00.000 UTC,0.674193,0.667445,0.668185,0.674193
2024-03-24 11:00:00.000 UTC,0.668934,0.666315,0.66877,0.6689
2024-03-24 10:00:00.000 UTC,0.673281,0.668831,0.671079,0.669357
2024-03-24 09:00:00.000 UTC,0.673337,0.670941,0.672662,0.672469
2024-03-24 08:00:00.000 UTC,0.669796,0.663963,0.664858,0.669796
2024-03-24 07:00:00.000 UTC,0.664852,0.658772,0.659888,0.663202
2024-03-24 06:00:00.000 UTC,0.663172,0.657541,0.663172,0.658108
2024-03-24 05:00:00.000 UTC,0.666392,0.661442,0.662492,0.664889
2024-03-24 04:00:00.000 UTC,0.664997,0.660469,0.662172,0.662868
2024-03-24 03:00:00.000 UTC,0.670732,0.662487,0.670732,0.662487
2024-03-24 02:00:00.000 UTC,0.675633,0.669471,0.675633,0.669471
2024-03-24 01:00:00.000 UTC,0.681973,0.67303,0.681973,0.673828
2024-03-24 00:00:00.000 UTC,0.683636,0.670985,0.670985,0.683636
2024-03-23 23:00:00.000 UTC,0.681355,0.671208,0.681355,0.671208
2024-03-23 22:00:00.000 UTC,0.683398,0.681272,0.682566,0.681901
2024-03-23 21:00:00.000 UTC,0.68749,0.67905,0.67958,0.682595
2024-03-23 20:00:00.000 UTC,0.681287,0.677934,0.678824,0.679135
2024-03-23 19:00:00.000 UTC,0.682144,0.676704,0.682128,0.679039
2024-03-23 18:00:00.000 UTC,0.684613,0.680581,0.680581,0.680781
2024-03-23 17:00:00.000 UTC,0.681221,0.677078,0.680427,0.680247
2024-03-23 16:00:00.000 UTC,0.689641,0.680147,0.689641,0.680147
2024-03-23 15:00:00.000 UTC,0.691117,0.679269,0.681785,0.687861
2024-03-23 14:00:00.000 UTC,0.682037,0.674208,0.674208,0.682037
2024-03-23 13:00:00.000 UTC,0.674976,0.670139,0.672863,0.674976
2024-03-23 12:00:00.000 UTC,0.673487,0.666254,0.66853,0.673487
2024-03-23 11:00:00.000 UTC,0.672041,0.666917,0.669907,0.667175
2024-03-23 10:00:00.000 UTC,0.677475,0.670059,0.673731,0.670059
2024-03-23 09:00:00.000 UTC,0.679215,0.671481,0.679082,0.671927
2024-03-23 08:00:00.000 UTC,0.688052,0.675913,0.684992,0.675913
2024-03-23 07:00:00.000 UTC,0.684087,0.676916,0.676916,0.683504
2024-03-23 06:00:00.000 UTC,0.683622,0.667542,0.669162,0.677268
2024-03-23 05:00:00.000 UTC,0.667857,0.656357,0.656357,0.667688
2024-03-23 04:00:00.000 UTC,0.658715,0.651681,0.651683,0.657778
2024-03-23 03:00:00.000 UTC,0.660241,0.646091,0.660241,0.653234
2024-03-23 02:00:00.000 UTC,0.66446,0.655194,0.664409,0.657636
2024-03-23 01:00:00.000 UTC,0.668209,0.647684,0.647684,0.666735
2024-03-23 00:00:00.000 UTC,0.651136,0.643887,0.650817,0.64815
2024-03-22 23:00:00.000 UTC,0.648503,0.643137,0.645276,0.648503
2024-03-22 22:00:00.000 UTC,0.64738,0.630729,0.63759,0.644417
2024-03-22 21:00:00.000 UTC,0.6452,0.632972,0.6452,0.638924
2024-03-22 20:00:00.000 UTC,0.650335,0.64426,0.650335,0.64704
2024-03-22 19:00:00.000 UTC,0.650623,0.642397,0.647341,0.650623
2024-03-22 18:00:00.000 UTC,0.649928,0.645181,0.646894,0.646535
2024-03-22 17:00:00.000 UTC,0.647344,0.637976,0.637976,0.646472
2024-03-22 16:00:00.000 UTC,0.647447,0.631163,0.647447,0.635931
2024-03-22 15:00:00.000 UTC,0.657373,0.630081,0.630081,0.652026
2024-03-22 14:00:00.000 UTC,0.634208,0.623647,0.630399,0.62729
2024-03-22 13:00:00.000 UTC,0.653029,0.635633,0.653029,0.635633
2024-03-22 12:00:00.000 UTC,0.657305,0.641583,0.644665,0.653489
2024-03-22 11:00:00.000 UTC,0.651571,0.642165,0.643909,0.645868
2024-03-22 10:00:00.000 UTC,0.657453,0.644449,0.657453,0.644449
2024-03-22 09:00:00.000 UTC,0.663095,0.656942,0.656942,0.659001
2024-03-22 08:00:00.000 UTC,0.666225,0.656433,0.657858,0.656433
2024-03-22 07:00:00.000 UTC,0.659003,0.655513,0.658537,0.659003
2024-03-22 06:00:00.000 UTC,0.658609,0.653907,0.656213,0.65786
2024-03-22 05:00:00.000 UTC,0.659428,0.650903,0.652234,0.656193
2024-03-22 04:00:00.000 UTC,0.651479,0.64339,0.649599,0.651479
2024-03-22 03:00:00.000 UTC,0.648726,0.630833,0.630833,0.648726
2024-03-22 02:00:00.000 UTC,0.629112,0.624441,0.627775,0.627468
2024-03-22 01:00:00.000 UTC,0.635565,0.627824,0.632856,0.627824
2024-03-22 00:00:00.000 UTC,0.640612,0.629906,0.637992,0.630222
2024-03-21 23:00:00.000 UTC,0.638557,0.635948,0.636528,0.637909
2024-03-21 22:00:00.000 UTC,0.641651,0.637385,0.639146,0.63779
2024-03-21 21:00:00.000 UTC,0.64087,0.636261,0.64087,0.638804
2024-03-21 20:00:00.000 UTC,0.647993,0.634967,0.643332,0.638511
2024-03-21 19:00:00.000 UTC,0.644404,0.631752,0.632076,0.642472
2024-03-21 18:00:00.000 UTC,0.642802,0.627073,0.642802,0.632248
2024-03-21 17:00:00.000 UTC,0.655718,0.640853,0.650908,0.643766
2024-03-21 16:00:00.000 UTC,0.650586,0.640404,0.640808,0.650095
2024-03-21 15:00:00.000 UTC,0.644405,0.637488,0.644405,0.640069
2024-03-21 14:00:00.000 UTC,0.647359,0.641108,0.641108,0.643202
2024-03-21 13:00:00.000 UTC,0.647943,0.641172,0.644749,0.643175
2024-03-21 12:00:00.000 UTC,0.652295,0.644192,0.647585,0.644192
2024-03-21 11:00:00.000 UTC,0.64743,0.642327,0.643468,0.647218
2024-03-21 10:00:00.000 UTC,0.647282,0.641578,0.643718,0.644104
2024-03-21 09:00:00.000 UTC,0.646191,0.640761,0.643472,0.641844
2024-03-21 08:00:00.000 UTC,0.646423,0.640904,0.640904,0.646423
2024-03-21 07:00:00.000 UTC,0.643502,0.636756,0.637121,0.639776
2024-03-21 06:00:00.000 UTC,0.644915,0.637602,0.643248,0.637602
2024-03-21 05:00:00.000 UTC,0.642565,0.63213,0.642018,0.640838
2024-03-21 04:00:00.000 UTC,0.646149,0.638645,0.642698,0.642753
2024-03-21 03:00:00.000 UTC,0.652979,0.63891,0.645221,0.63891
2024-03-21 02:00:00.000 UTC,0.649882,0.643954,0.643954,0.647947
2024-03-21 01:00:00.000 UTC,0.647557,0.642996,0.64454,0.644491
2024-03-21 00:00:00.000 UTC,0.647297,0.64026,0.647297,0.645013
2024-03-20 23:00:00.000 UTC,0.648263,0.645238,0.648263,0.646009
2024-03-20 22:00:00.000 UTC,0.650423,0.643398,0.647546,0.645947
2024-03-20 21:00:00.000 UTC,0.650559,0.643152,0.646108,0.647063
2024-03-20 20:00:00.000 UTC,0.647382,0.635826,0.636331,0.644981
2024-03-20 19:00:00.000 UTC,0.636354,0.63006,0.633971,0.636291
2024-03-20 18:00:00.000 UTC,0.629347,0.600963,0.600963,0.629347
2024-03-20 17:00:00.000 UTC,0.604697,0.589084,0.589084,0.601517
2024-03-20 16:00:00.000 UTC,0.59897,0.577043,0.597272,0.588486
2024-03-20 15:00:00.000 UTC,0.60908,0.597049,0.608255,0.597178
2024-03-20 14:00:00.000 UTC,0.608501,0.597191,0.599435,0.608501
2024-03-20 13:00:00.000 UTC,0.604043,0.598496,0.604043,0.598496
2024-03-20 12:00:00.000 UTC,0.607889,0.599086,0.601618,0.604238
2024-03-20 11:00:00.000 UTC,0.600676,0.592266,0.592266,0.599599
2024-03-20 10:00:00.000 UTC,0.593224,0.588652,0.591087,0.593192
2024-03-20 09:00:00.000 UTC,0.592393,0.583554,0.583554,0.589541
2024-03-20 08:00:00.000 UTC,0.59279,0.586988,0.59013,0.586988
2024-03-20 07:00:00.000 UTC,0.591338,0.57469,0.57469,0.590931
2024-03-20 06:00:00.000 UTC,0.575981,0.558099,0.558099,0.575981
2024-03-20 05:00:00.000 UTC,0.561069,0.549451,0.559726,0.557155
2024-03-20 04:00:00.000 UTC,0.572677,0.557559,0.568628,0.55803
2024-03-20 03:00:00.000 UTC,0.585746,0.575567,0.579539,0.575567
2024-03-20 02:00:00.000 UTC,0.580049,0.566231,0.566231,0.578651
2024-03-20 01:00:00.000 UTC,0.579208,0.565172,0.579208,0.569803
2024-03-20 00:00:00.000 UTC,0.576886,0.568806,0.569864,0.575783
2024-03-19 23:00:00.000 UTC,0.572459,0.558814,0.569822,0.571251
2024-03-19 22:00:00.000 UTC,0.589042,0.567789,0.586163,0.567789
2024-03-19 21:00:00.000 UTC,0.58982,0.583,0.58953,0.58817
2024-03-19 20:00:00.000 UTC,0.601171,0.589937,0.601171,0.5905
2024-03-19 19:00:00.000 UTC,0.6048,0.598651,0.599394,0.599692
2024-03-19 18:00:00.000 UTC,0.602514,0.593958,0.599411,0.598902
2024-03-19 17:00:00.000 UTC,0.603128,0.597015,0.597015,0.598178
2024-03-19 16:00:00.000 UTC,0.599869,0.595557,0.596276,0.599527
2024-03-19 15:00:00.000 UTC,0.595926,0.581847,0.583957,0.595926
2024-03-19 14:00:00.000 UTC,0.584192,0.571044,0.579389,0.583375
2024-03-19 13:00:00.000 UTC,0.583365,0.575624,0.582462,0.577191
2024-03-19 12:00:00.000 UTC,0.585271,0.574962,0.575328,0.585271
2024-03-19 11:00:00.000 UTC,0.572887,0.555664,0.563234,0.572887
2024-03-19 10:00:00.000 UTC,0.572015,0.557975,0.572015,0.566136
2024-03-19 09:00:00.000 UTC,0.5703,0.552231,0.557059,0.5703
2024-03-19 08:00:00.000 UTC,0.579633,0.557239,0.579633,0.557239
2024-03-19 07:00:00.000 UTC,0.577669,0.558794,0.573358,0.577669
2024-03-19 06:00:00.000 UTC,0.583889,0.570445,0.58145,0.572148
2024-03-19 05:00:00.000 UTC,0.587149,0.57492,0.584003,0.579812
2024-03-19 04:00:00.000 UTC,0.596323,0.583801,0.594205,0.5853
2024-03-19 03:00:00.000 UTC,0.594236,0.581194,0.592934,0.594154
2024-03-19 02:00:00.000 UTC,0.6014,0.590194,0.590194,0.595128
2024-03-19 01:00:00.000 UTC,0.604705,0.583558,0.604705,0.58819
2024-03-19 00:00:00.000 UTC,0.619642,0.602933,0.615475,0.602933
2024-03-18 23:00:00.000 UTC,0.623059,0.614198,0.614198,0.617097
2024-03-18 22:00:00.000 UTC,0.616805,0.611344,0.615325,0.611705
2024-03-18 21:00:00.000 UTC,0.619822,0.611683,0.611683,0.616321
2024-03-18 20:00:00.000 UTC,0.613427,0.605234,0.605234,0.61136
2024-03-18 19:00:00.000 UTC,0.612353,0.602871,0.604382,0.604378
2024-03-18 18:00:00.000 UTC,0.613068,0.605897,0.610356,0.606197
2024-03-18 17:00:00.000 UTC,0.611353,0.603198,0.610274,0.610109
2024-03-18 16:00:00.000 UTC,0.622524,0.610691,0.618019,0.610691
2024-03-18 15:00:00.000 UTC,0.618955,0.608305,0.610803,0.618871
2024-03-18 14:00:00.000 UTC,0.624647,0.607705,0.622198,0.607705
2024-03-18 13:00:00.000 UTC,0.638895,0.621935,0.638895,0.624291
2024-03-18 12:00:00.000 UTC,0.640785,0.634907,0.640146,0.637554
2024-03-18 11:00:00.000 UTC,0.645036,0.636908,0.63719,0.641379
2024-03-18 10:00:00.000 UTC,0.637663,0.628238,0.630472,0.637663
2024-03-18 09:00:00.000 UTC,0.63811,0.629364,0.63811,0.629364
2024-03-18 08:00:00.000 UTC,0.645125,0.630004,0.645125,0.637433
2024-03-18 07:00:00.000 UTC,0.648914,0.641778,0.648914,0.645202
2024-03-18 06:00:00.000 UTC,0.6522,0.648046,0.6522,0.648851
2024-03-18 05:00:00.000 UTC,0.652388,0.644294,0.64697,0.652198
2024-03-18 04:00:00.000 UTC,0.64751,0.634075,0.640068,0.647076
2024-03-18 03:00:00.000 UTC,0.643725,0.64026,0.642752,0.64208
2024-03-18 02:00:00.000 UTC,0.645062,0.63878,0.641681,0.645062
2024-03-18 01:00:00.000 UTC,0.642257,0.626958,0.630448,0.642257
2024-03-18 00:00:00.000 UTC,0.650334,0.633057,0.650334,0.633244
2024-03-17 23:00:00.000 UTC,0.651685,0.647895,0.651442,0.64964
2024-03-17 22:00:00.000 UTC,0.658338,0.649138,0.649138,0.653732
2024-03-17 21:00:00.000 UTC,0.648964,0.646634,0.646634,0.648754
2024-03-17 20:00:00.000 UTC,0.651439,0.647164,0.650799,0.647164
2024-03-17 19:00:00.000 UTC,0.650598,0.645523,0.646576,0.649149
2024-03-17 18:00:00.000 UTC,0.650281,0.645443,0.650281,0.645443
2024-03-17 17:00:00.000 UTC,0.647844,0.643083,0.643083,0.647844
2024-03-17 16:00:00.000 UTC,0.647291,0.641904,0.644779,0.642277
2024-03-17 15:00:00.000 UTC,0.646147,0.638035,0.641001,0.645066
2024-03-17 14:00:00.000 UTC,0.640947,0.631612,0.634716,0.637374
2024-03-17 13:00:00.000 UTC,0.636161,0.625026,0.625026,0.636161
2024-03-17 12:00:00.000 UTC,0.637588,0.625141,0.633097,0.625141
2024-03-17 11:00:00.000 UTC,0.639171,0.633803,0.636348,0.635316
2024-03-17 10:00:00.000 UTC,0.63926,0.629896,0.629896,0.63592
2024-03-17 09:00:00.000 UTC,0.633616,0.627463,0.629696,0.631224
2024-03-17 08:00:00.000 UTC,0.629509,0.61231,0.614635,0.629509
2024-03-17 07:00:00.000 UTC,0.613837,0.599418,0.612417,0.613837
2024-03-17 06:00:00.000 UTC,0.630434,0.613767,0.629367,0.613767
2024-03-17 05:00:00.000 UTC,0.636896,0.627801,0.63474,0.627801
2024-03-17 04:00:00.000 UTC,0.639663,0.633836,0.639663,0.633836
2024-03-17 03:00:00.000 UTC,0.639916,0.634568,0.638182,0.639916
2024-03-17 02:00:00.000 UTC,0.639811,0.627977,0.62992,0.639811
2024-03-17 01:00:00.000 UTC,0.630446,0.616197,0.616197,0.62662
2024-03-17 00:00:00.000 UTC,0.638059,0.619713,0.628464,0.619713
2024-03-16 23:00:00.000 UTC,0.629217,0.615204,0.627494,0.629008
2024-03-16 22:00:00.000 UTC,0.632819,0.621853,0.62779,0.627784
2024-03-16 21:00:00.000 UTC,0.634247,0.621266,0.633872,0.627811
2024-03-16 20:00:00.000 UTC,0.636461,0.62145,0.625911,0.632858
2024-03-16 19:00:00.000 UTC,0.639242,0.623189,0.623189,0.627496
2024-03-16 18:00:00.000 UTC,0.642001,0.619021,0.641838,0.619021
2024-03-16 17:00:00.000 UTC,0.659329,0.643625,0.656894,0.643659
2024-03-16 16:00:00.000 UTC,0.666662,0.656774,0.666662,0.656774
2024-03-16 15:00:00.000 UTC,0.665952,0.653737,0.661709,0.665765
2024-03-16 14:00:00.000 UTC,0.662292,0.653293,0.655239,0.656646
2024-03-16 13:00:00.000 UTC,0.671881,0.655318,0.66886,0.655318
2024-03-16 12:00:00.000 UTC,0.683779,0.668913,0.683779,0.668913
2024-03-16 11:00:00.000 UTC,0.690866,0.679256,0.689225,0.683806
2024-03-16 10:00:00.000 UTC,0.69443,0.689748,0.692603,0.69101
2024-03-16 09:00:00.000 UTC,0.698557,0.690487,0.697765,0.69297
2024-03-16 08:00:00.000 UTC,0.703982,0.69789,0.702971,0.69789
2024-03-16 07:00:00.000 UTC,0.703375,0.684953,0.68693,0.701466
2024-03-16 06:00:00.000 UTC,0.688556,0.679685,0.679685,0.686963
2024-03-16 05:00:00.000 UTC,0.685654,0.673675,0.685654,0.678162
2024-03-16 04:00:00.000 UTC,0.690547,0.683592,0.689284,0.687217
2024-03-16 03:00:00.000 UTC,0.688836,0.679803,0.681798,0.688198
2024-03-16 02:00:00.000 UTC,0.683047,0.678142,0.678288,0.681154
2024-03-16 01:00:00.000 UTC,0.682844,0.677484,0.677484,0.679575
2024-03-16 00:00:00.000 UTC,0.687512,0.67916,0.683442,0.67916
2024-03-15 23:00:00.000 UTC,0.686286,0.6796,0.681231,0.685283
2024-03-15 22:00:00.000 UTC,0.679819,0.67121,0.671807,0.679819
2024-03-15 21:00:00.000 UTC,0.671571,0.661445,0.661445,0.669344
2024-03-15 20:00:00.000 UTC,0.67395,0.66156,0.67395,0.662209
2024-03-15 19:00:00.000 UTC,0.693978,0.675243,0.692164,0.675243
2024-03-15 18:00:00.000 UTC,0.688499,0.675524,0.675524,0.688499
2024-03-15 17:00:00.000 UTC,0.676851,0.666099,0.669212,0.676851
2024-03-15 16:00:00.000 UTC,0.675184,0.663756,0.670099,0.671402
2024-03-15 15:00:00.000 UTC,0.675823,0.669026,0.672568,0.671008
2024-03-15 14:00:00.000 UTC,0.674843,0.665847,0.674843,0.670577
2024-03-15 13:00:00.000 UTC,0.674179,0.661036,0.665715,0.674179
2024-03-15 12:00:00.000 UTC,0.6683,0.66216,0.663132,0.664839
2024-03-15 11:00:00.000 UTC,0.663477,0.647939,0.663477,0.663304
2024-03-15 10:00:00.000 UTC,0.670129,0.662601,0.668607,0.664919
2024-03-15 09:00:00.000 UTC,0.668885,0.640133,0.658228,0.668885
2024-03-15 08:00:00.000 UTC,0.688622,0.656925,0.688622,0.656925
2024-03-15 07:00:00.000 UTC,0.692276,0.685809,0.6914,0.690117
2024-03-15 06:00:00.000 UTC,0.691144,0.677389,0.677389,0.689917
2024-03-15 05:00:00.000 UTC,0.684438,0.673399,0.674507,0.677212
2024-03-15 04:00:00.000 UTC,0.687002,0.673754,0.686758,0.675545
2024-03-15 03:00:00.000 UTC,0.703371,0.66949,0.698711,0.690467
2024-03-15 02:00:00.000 UTC,0.732663,0.694874,0.732663,0.694874
2024-03-15 01:00:00.000 UTC,0.738314,0.732123,0.738314,0.732123
2024-03-15 00:00:00.000 UTC,0.74279,0.735894,0.736969,0.737974
2024-03-14 23:00:00.000 UTC,0.739885,0.733481,0.733481,0.73782
2024-03-14 22:00:00.000 UTC,0.736897,0.728371,0.728371,0.734296
2024-03-14 21:00:00.000 UTC,0.727249,0.720363,0.723487,0.726626
2024-03-14 20:00:00.000 UTC,0.72637,0.707189,0.707189,0.72637
2024-03-14 19:00:00.000 UTC,0.719466,0.694342,0.716777,0.709604
2024-03-14 18:00:00.000 UTC,0.732234,0.712263,0.732234,0.712263
2024-03-14 17:00:00.000 UTC,0.73293,0.727175,0.732697,0.730585
2024-03-14 16:00:00.000 UTC,0.730997,0.717476,0.722161,0.730997
2024-03-14 15:00:00.000 UTC,0.732694,0.718656,0.732694,0.721783
2024-03-14 14:00:00.000 UTC,0.735626,0.725057,0.725057,0.733081
2024-03-14 13:00:00.000 UTC,0.751238,0.722443,0.749517,0.722443
2024-03-14 12:00:00.000 UTC,0.757611,0.746391,0.752744,0.747031
2024-03-14 11:00:00.000 UTC,0.760277,0.74769,0.759512,0.750487
2024-03-14 10:00:00.000 UTC,0.765721,0.759166,0.762779,0.760837
2024-03-14 09:00:00.000 UTC,0.763168,0.75226,0.75226,0.761808
2024-03-14 08:00:00.000 UTC,0.752778,0.748411,0.749378,0.752419
2024-03-14 07:00:00.000 UTC,0.751033,0.746967,0.751033,0.74996
2024-03-14 06:00:00.000 UTC,0.753276,0.746917,0.748017,0.75057
2024-03-14 05:00:00.000 UTC,0.748005,0.742467,0.742734,0.748005
2024-03-14 04:00:00.000 UTC,0.750555,0.741211,0.750555,0.741211
2024-03-14 03:00:00.000 UTC,0.752022,0.748084,0.750882,0.750133
2024-03-14 02:00:00.000 UTC,0.755515,0.751057,0.753523,0.751833
2024-03-14 01:00:00.000 UTC,0.751846,0.747931,0.750657,0.751846
2024-03-14 00:00:00.000 UTC,0.760922,0.75094,0.760922,0.75094
2024-03-13 23:00:00.000 UTC,0.763972,0.758688,0.75934,0.761648
2024-03-13 22:00:00.000 UTC,0.759455,0.755971,0.756027,0.758392
2024-03-13 21:00:00.000 UTC,0.757006,0.750148,0.751754,0.756175
2024-03-13 20:00:00.000 UTC,0.756487,0.749881,0.754662,0.751789
2024-03-13 19:00:00.000 UTC,0.757854,0.753114,0.75727,0.753464
2024-03-13 18:00:00.000 UTC,0.757098,0.750787,0.750787,0.757098
2024-03-13 17:00:00.000 UTC,0.753201,0.747382,0.749236,0.750304
2024-03-13 16:00:00.000 UTC,0.752041,0.745492,0.746297,0.749617
2024-03-13 15:00:00.000 UTC,0.74963,0.740126,0.740225,0.745618
2024-03-13 14:00:00.000 UTC,0.751094,0.738968,0.740751,0.738968
2024-03-13 13:00:00.000 UTC,0.761664,0.744865,0.761664,0.744865
2024-03-13 12:00:00.000 UTC,0.765624,0.758976,0.763125,0.762247
2024-03-13 11:00:00.000 UTC,0.771951,0.761731,0.771951,0.761731
2024-03-13 10:00:00.000 UTC,0.772408,0.764913,0.772408,0.769998
2024-03-13 09:00:00.000 UTC,0.776246,0.772116,0.774091,0.772263
2024-03-13 08:00:00.000 UTC,0.775904,0.771879,0.775553,0.774034
2024-03-13 07:00:00.000 UTC,0.779772,0.775122,0.776681,0.777902
2024-03-13 06:00:00.000 UTC,0.777885,0.768718,0.770812,0.775563
2024-03-13 05:00:00.000 UTC,0.772073,0.763358,0.76531,0.771658
2024-03-13 04:00:00.000 UTC,0.765601,0.76333,0.763926,0.765031
2024-03-13 03:00:00.000 UTC,0.765243,0.762592,0.765023,0.763989
2024-03-13 02:00:00.000 UTC,0.766978,0.763943,0.766978,0.765252
2024-03-13 01:00:00.000 UTC,0.766928,0.759138,0.761181,0.764813
2024-03-13 00:00:00.000 UTC,0.766375,0.758617,0.766375,0.762174
2024-03-12 23:00:00.000 UTC,0.767105,0.760204,0.762698,0.766355
2024-03-12 22:00:00.000 UTC,0.761948,0.756755,0.75872,0.761948
2024-03-12 21:00:00.000 UTC,0.759538,0.750734,0.753194,0.759538
2024-03-12 20:00:00.000 UTC,0.759953,0.748292,0.759953,0.75151
2024-03-12 19:00:00.000 UTC,0.763875,0.754351,0.754351,0.759897
2024-03-12 18:00:00.000 UTC,0.75269,0.747947,0.748306,0.75269
2024-03-12 17:00:00.000 UTC,0.745387,0.725465,0.743487,0.745387
2024-03-12 16:00:00.000 UTC,0.759858,0.742067,0.7596,0.742067
2024-03-12 15:00:00.000 UTC,0.761344,0.746988,0.74929,0.76036
2024-03-12 14:00:00.000 UTC,0.759453,0.746556,0.755166,0.751236
2024-03-12 13:00:00.000 UTC,0.759077,0.752457,0.755365,0.755034
2024-03-12 12:00:00.000 UTC,0.755546,0.742568,0.749837,0.755546
2024-03-12 11:00:00.000 UTC,0.757399,0.750512,0.751939,0.750512
2024-03-12 10:00:00.000 UTC,0.758533,0.7499,0.755849,0.750471
2024-03-12 09:00:00.000 UTC,0.757127,0.746912,0.746912,0.754688
2024-03-12 08:00:00.000 UTC,0.76229,0.740423,0.76229,0.748042
2024-03-12 07:00:00.000 UTC,0.767989,0.759111,0.765527,0.76213
2024-03-12 06:00:00.000 UTC,0.773457,0.756852,0.773457,0.764721
2024-03-12 05:00:00.000 UTC,0.774608,0.77017,0.773233,0.771226
2024-03-12 04:00:00.000 UTC,0.77521,0.767041,0.7715,0.77304
2024-03-12 03:00:00.000 UTC,0.790297,0.775076,0.79022,0.775076
2024-03-12 02:00:00.000 UTC,0.798109,0.788874,0.798001,0.789228
2024-03-12 01:00:00.000 UTC,0.800394,0.790615,0.796657,0.800394
2024-03-12 00:00:00.000 UTC,0.809809,0.79179,0.79179,0.798064
2024-03-11 23:00:00.000 UTC,0.795204,0.784045,0.784045,0.793838
2024-03-11 22:00:00.000 UTC,0.783701,0.778889,0.783697,0.783405
2024-03-11 21:00:00.000 UTC,0.784833,0.77692,0.777036,0.783197
2024-03-11 20:00:00.000 UTC,0.777579,0.772592,0.772592,0.776654
2024-03-11 19:00:00.000 UTC,0.778285,0.77372,0.778285,0.774307
2024-03-11 18:00:00.000 UTC,0.78469,0.775302,0.775302,0.778616
2024-03-11 17:00:00.000 UTC,0.773492,0.766953,0.766953,0.773241
2024-03-11 16:00:00.000 UTC,0.779357,0.763056,0.779357,0.767434
2024-03-11 15:00:00.000 UTC,0.789978,0.779886,0.781209,0.780966
2024-03-11 14:00:00.000 UTC,0.785128,0.772751,0.772751,0.781727
2024-03-11 13:00:00.000 UTC,0.791683,0.773349,0.783982,0.773349
2024-03-11 12:00:00.000 UTC,0.783097,0.777103,0.778107,0.783097
2024-03-11 11:00:00.000 UTC,0.786303,0.779595,0.779595,0.782716
2024-03-11 10:00:00.000 UTC,0.784215,0.780339,0.784215,0.781757
2024-03-11 09:00:00.000 UTC,0.782563,0.774981,0.776452,0.782563
2024-03-11 08:00:00.000 UTC,0.786808,0.76907,0.76907,0.776936
2024-03-11 07:00:00.000 UTC,0.771981,0.76097,0.76097,0.768764
2024-03-11 06:00:00.000 UTC,0.756725,0.750165,0.753299,0.756725
2024-03-11 05:00:00.000 UTC,0.758248,0.752809,0.753035,0.754303
2024-03-11 04:00:00.000 UTC,0.764868,0.751325,0.758357,0.751325
2024-03-11 03:00:00.000 UTC,0.758904,0.748368,0.748368,0.758319
2024-03-11 02:00:00.000 UTC,0.752093,0.745888,0.7482,0.74909
2024-03-11 01:00:00.000 UTC,0.762016,0.74636,0.753228,0.748814
2024-03-11 00:00:00.000 UTC,0.783397,0.74677,0.783397,0.74677
2024-03-10 23:00:00.000 UTC,0.787686,0.778892,0.783926,0.783995
2024-03-10 22:00:00.000 UTC,0.792395,0.779883,0.792266,0.788091
2024-03-10 21:00:00.000 UTC,0.804936,0.793346,0.796418,0.795892
2024-03-10 20:00:00.000 UTC,0.800287,0.790052,0.794094,0.795663
2024-03-10 19:00:00.000 UTC,0.805563,0.792729,0.798739,0.794903
2024-03-10 18:00:00.000 UTC,0.801883,0.790958,0.790958,0.801561
2024-03-10 17:00:00.000 UTC,0.809881,0.790364,0.805334,0.790364
2024-03-10 16:00:00.000 UTC,0.815046,0.79536,0.79536,0.802569
2024-03-10 15:00:00.000 UTC,0.786784,0.772687,0.782532,0.786784
2024-03-10 14:00:00.000 UTC,0.790996,0.776898,0.778921,0.784175
2024-03-10 13:00:00.000 UTC,0.798807,0.783493,0.798699,0.783493
2024-03-10 12:00:00.000 UTC,0.808669,0.793593,0.804707,0.797893
2024-03-10 11:00:00.000 UTC,0.819832,0.79651,0.79651,0.804431
2024-03-10 10:00:00.000 UTC,0.790086,0.781402,0.786472,0.789469
2024-03-10 09:00:00.000 UTC,0.81401,0.787076,0.806968,0.787076
2024-03-10 08:00:00.000 UTC,0.825736,0.783375,0.783375,0.810341
2024-03-10 07:00:00.000 UTC,0.802764,0.779555,0.799534,0.78106
2024-03-10 06:00:00.000 UTC,0.804705,0.784184,0.787277,0.79844
2024-03-10 05:00:00.000 UTC,0.792823,0.781708,0.787069,0.78711
2024-03-10 04:00:00.000 UTC,0.795557,0.778641,0.79107,0.789723
2024-03-10 03:00:00.000 UTC,0.79306,0.766947,0.766947,0.79306
2024-03-10 02:00:00.000 UTC,0.776686,0.763621,0.766246,0.765133
2024-03-10 01:00:00.000 UTC,0.798714,0.760386,0.796123,0.764878
2024-03-10 00:00:00.000 UTC,0.802538,0.755763,0.755763,0.800301
2024-03-09 23:00:00.000 UTC,0.760516,0.754125,0.760124,0.754125
2024-03-09 22:00:00.000 UTC,0.770708,0.759176,0.770708,0.759176
2024-03-09 21:00:00.000 UTC,0.773762,0.767834,0.767834,0.77011
2024-03-09 20:00:00.000 UTC,0.772108,0.760376,0.768517,0.767427
2024-03-09 19:00:00.000 UTC,0.771726,0.765624,0.765624,0.767461
2024-03-09 18:00:00.000 UTC,0.766623,0.744361,0.747419,0.76524
2024-03-09 17:00:00.000 UTC,0.753679,0.747447,0.752822,0.747447
2024-03-09 16:00:00.000 UTC,0.778749,0.75092,0.767387,0.758213
2024-03-09 15:00:00.000 UTC,0.763222,0.74616,0.74616,0.76084
2024-03-09 14:00:00.000 UTC,0.756044,0.744251,0.750558,0.744809
2024-03-09 13:00:00.000 UTC,0.752909,0.741825,0.752537,0.752191
2024-03-09 12:00:00.000 UTC,0.760469,0.744585,0.748939,0.749413
2024-03-09 11:00:00.000 UTC,0.746004,0.732377,0.732377,0.746004
2024-03-09 10:00:00.000 UTC,0.740131,0.721188,0.727581,0.729099
2024-03-09 09:00:00.000 UTC,0.72421,0.702696,0.702696,0.72246
2024-03-09 08:00:00.000 UTC,0.709102,0.70293,0.706679,0.70293
2024-03-09 07:00:00.000 UTC,0.709424,0.706979,0.707578,0.708165
2024-03-09 06:00:00.000 UTC,0.709379,0.702818,0.704791,0.708286
2024-03-09 05:00:00.000 UTC,0.706614,0.702296,0.706614,0.705203
2024-03-09 04:00:00.000 UTC,0.714013,0.706069,0.713966,0.706069
2024-03-09 03:00:00.000 UTC,0.717055,0.701709,0.701709,0.710929
2024-03-09 02:00:00.000 UTC,0.699231,0.687978,0.687978,0.699231
2024-03-09 01:00:00.000 UTC,0.689031,0.683645,0.689031,0.686749
2024-03-09 00:00:00.000 UTC,0.692874,0.682905,0.68895,0.690774
2024-03-08 23:00:00.000 UTC,0.688678,0.685262,0.68644,0.688678
2024-03-08 22:00:00.000 UTC,0.690084,0.680383,0.680633,0.686575
2024-03-08 21:00:00.000 UTC,0.683759,0.678651,0.678651,0.680633
2024-03-08 20:00:00.000 UTC,0.678688,0.673897,0.673897,0.677641
2024-03-08 19:00:00.000 UTC,0.67618,0.670467,0.67618,0.672849
2024-03-08 18:00:00.000 UTC,0.680136,0.674217,0.680136,0.674622
2024-03-08 17:00:00.000 UTC,0.681931,0.672466,0.672466,0.680499
2024-03-08 16:00:00.000 UTC,0.671673,0.65967,0.670505,0.671673
2024-03-08 15:00:00.000 UTC,0.684838,0.665205,0.684838,0.674756
2024-03-08 14:00:00.000 UTC,0.68783,0.682135,0.686244,0.68783
2024-03-08 13:00:00.000 UTC,0.692443,0.687547,0.692045,0.688615
2024-03-08 12:00:00.000 UTC,0.690874,0.687734,0.690874,0.69084
2024-03-08 11:00:00.000 UTC,0.690783,0.686471,0.690783,0.689903
2024-03-08 10:00:00.000 UTC,0.692473,0.68939,0.691379,0.690495
2024-03-08 09:00:00.000 UTC,0.694166,0.691341,0.692411,0.692658
2024-03-08 08:00:00.000 UTC,0.693545,0.688078,0.689049,0.693545
2024-03-08 07:00:00.000 UTC,0.694092,0.689585,0.692466,0.689585
2024-03-08 06:00:00.000 UTC,0.692791,0.686875,0.688253,0.692791
2024-03-08 05:00:00.000 UTC,0.691562,0.683837,0.691562,0.687927
2024-03-08 04:00:00.000 UTC,0.697154,0.689638,0.689638,0.691104
2024-03-08 03:00:00.000 UTC,0.689975,0.687541,0.687825,0.689546
2024-03-08 02:00:00.000 UTC,0.696061,0.686821,0.696061,0.686821
2024-03-08 01:00:00.000 UTC,0.709157,0.696632,0.704251,0.699016
2024-03-08 00:00:00.000 UTC,0.705571,0.697591,0.698637,0.702397
2024-03-07 23:00:00.000 UTC,0.707321,0.69973,0.702265,0.69973
2024-03-07 22:00:00.000 UTC,0.707273,0.701157,0.706926,0.702061
2024-03-07 21:00:00.000 UTC,0.704312,0.697787,0.702231,0.704312
2024-03-07 20:00:00.000 UTC,0.704574,0.700283,0.702439,0.702052
2024-03-07 19:00:00.000 UTC,0.703433,0.698154,0.699949,0.702527
2024-03-07 18:00:00.000 UTC,0.698202,0.69122,0.692264,0.698202
2024-03-07 17:00:00.000 UTC,0.694131,0.689225,0.689648,0.694131
2024-03-07 16:00:00.000 UTC,0.697075,0.685601,0.697075,0.688057
2024-03-07 15:00:00.000 UTC,0.702693,0.690267,0.700249,0.69572
2024-03-07 14:00:00.000 UTC,0.711394,0.695597,0.701756,0.70068
2024-03-07 13:00:00.000 UTC,0.702227,0.69057,0.697427,0.702227
2024-03-07 12:00:00.000 UTC,0.698242,0.692333,0.693601,0.697289
2024-03-07 11:00:00.000 UTC,0.697164,0.691187,0.693837,0.692683
2024-03-07 10:00:00.000 UTC,0.697335,0.690209,0.695975,0.692649
2024-03-07 09:00:00.000 UTC,0.703996,0.694846,0.694846,0.698432
2024-03-07 08:00:00.000 UTC,0.697897,0.694437,0.694437,0.697897
2024-03-07 07:00:00.000 UTC,0.694787,0.686297,0.686297,0.691713
2024-03-07 06:00:00.000 UTC,0.689435,0.679169,0.681426,0.684457
2024-03-07 05:00:00.000 UTC,0.695803,0.678175,0.693929,0.678175
2024-03-07 04:00:00.000 UTC,0.700045,0.690411,0.691677,0.69375
2024-03-07 03:00:00.000 UTC,0.707064,0.691965,0.69739,0.696189
2024-03-07 02:00:00.000 UTC,0.70488,0.688268,0.688799,0.70072
2024-03-07 01:00:00.000 UTC,0.693116,0.682222,0.693116,0.687095
2024-03-07 00:00:00.000 UTC,0.692897,0.676163,0.681502,0.692897
2024-03-06 23:00:00.000 UTC,0.680499,0.671131,0.67458,0.680146
2024-03-06 22:00:00.000 UTC,0.677025,0.671234,0.674501,0.671716
2024-03-06 21:00:00.000 UTC,0.674055,0.66615,0.668003,0.674055
2024-03-06 20:00:00.000 UTC,0.665477,0.658522,0.658821,0.665477
2024-03-06 19:00:00.000 UTC,0.66338,0.657613,0.658375,0.660696
2024-03-06 18:00:00.000 UTC,0.660836,0.656547,0.659238,0.657863
2024-03-06 17:00:00.000 UTC,0.658596,0.647932,0.652564,0.658596
2024-03-06 16:00:00.000 UTC,0.650983,0.643548,0.646745,0.647299
2024-03-06 15:00:00.000 UTC,0.649179,0.63736,0.64529,0.645681
2024-03-06 14:00:00.000 UTC,0.655491,0.64263,0.64863,0.646713
2024-03-06 13:00:00.000 UTC,0.654231,0.647356,0.653529,0.648653
2024-03-06 12:00:00.000 UTC,0.674754,0.65197,0.674366,0.659259
2024-03-06 11:00:00.000 UTC,0.673392,0.666853,0.666974,0.67172
2024-03-06 10:00:00.000 UTC,0.66875,0.656999,0.656999,0.6668
2024-03-06 09:00:00.000 UTC,0.671541,0.66337,0.670916,0.66337
2024-03-06 08:00:00.000 UTC,0.682096,0.671298,0.672642,0.671941
2024-03-06 07:00:00.000 UTC,0.672414,0.663807,0.668907,0.670598
2024-03-06 06:00:00.000 UTC,0.67155,0.666355,0.669521,0.669517
2024-03-06 05:00:00.000 UTC,0.667539,0.642181,0.643255,0.667539
2024-03-06 04:00:00.000 UTC,0.638881,0.628786,0.628786,0.638881
2024-03-06 03:00:00.000 UTC,0.628782,0.614801,0.614801,0.628559
2024-03-06 02:00:00.000 UTC,0.627839,0.616509,0.626932,0.616509
2024-03-06 01:00:00.000 UTC,0.640041,0.629332,0.636152,0.630634
2024-03-06 00:00:00.000 UTC,0.646823,0.640357,0.646551,0.640357
2024-03-05 23:00:00.000 UTC,0.649846,0.632706,0.632706,0.649161
2024-03-05 22:00:00.000 UTC,0.630427,0.615743,0.625928,0.630427
2024-03-05 21:00:00.000 UTC,0.629957,0.607498,0.607498,0.625844
2024-03-05 20:00:00.000 UTC,0.619933,0.587443,0.587443,0.611154
2024-03-05 19:00:00.000 UTC,0.69835,0.628568,0.696071,0.628568
2024-03-05 18:00:00.000 UTC,0.713724,0.698815,0.707314,0.698815
2024-03-05 17:00:00.000 UTC,0.706504,0.681384,0.706504,0.706122
2024-03-05 16:00:00.000 UTC,0.713415,0.685845,0.713415,0.704693
2024-03-05 15:00:00.000 UTC,0.723147,0.701886,0.704002,0.723147
2024-03-05 14:00:00.000 UTC,0.708366,0.699896,0.705785,0.707647
2024-03-05 13:00:00.000 UTC,0.724452,0.708378,0.724452,0.709036
2024-03-05 12:00:00.000 UTC,0.724811,0.715208,0.715628,0.723869
2024-03-05 11:00:00.000 UTC,0.727638,0.714977,0.721097,0.716769
2024-03-05 10:00:00.000 UTC,0.739534,0.714892,0.739534,0.716538
2024-03-05 09:00:00.000 UTC,0.720438,0.695173,0.697182,0.720438
2024-03-05 08:00:00.000 UTC,0.698822,0.68514,0.690687,0.698822
2024-03-05 07:00:00.000 UTC,0.702765,0.688229,0.700693,0.698338
2024-03-05 06:00:00.000 UTC,0.699536,0.688018,0.688606,0.699536
2024-03-05 05:00:00.000 UTC,0.694204,0.672621,0.685706,0.686487
2024-03-05 04:00:00.000 UTC,0.696641,0.680142,0.683391,0.684372
2024-03-05 03:00:00.000 UTC,0.686714,0.680574,0.684449,0.683396
2024-03-05 02:00:00.000 UTC,0.690577,0.678644,0.690577,0.682
2024-03-05 01:00:00.000 UTC,0.695591,0.674074,0.675977,0.691792
2024-03-05 00:00:00.000 UTC,0.688774,0.677741,0.688774,0.677741
2024-03-04 23:00:00.000 UTC,0.690866,0.685239,0.690613,0.690344
2024-03-04 22:00:00.000 UTC,0.691976,0.684401,0.688433,0.689402
2024-03-04 21:00:00.000 UTC,0.690719,0.679035,0.682009,0.686867
2024-03-04 20:00:00.000 UTC,0.685557,0.680608,0.681835,0.680955
2024-03-04 19:00:00.000 UTC,0.683208,0.674311,0.683208,0.681825
2024-03-04 18:00:00.000 UTC,0.678249,0.659324,0.664118,0.678249
2024-03-04 17:00:00.000 UTC,0.682145,0.666693,0.677892,0.666693
2024-03-04 16:00:00.000 UTC,0.691959,0.678387,0.690998,0.678387
2024-03-04 15:00:00.000 UTC,0.694222,0.687721,0.690006,0.691566
2024-03-04 14:00:00.000 UTC,0.69761,0.680781,0.682209,0.689526
2024-03-04 13:00:00.000 UTC,0.705071,0.690308,0.704401,0.690308
2024-03-04 12:00:00.000 UTC,0.700481,0.69333,0.694208,0.700481
2024-03-04 11:00:00.000 UTC,0.691406,0.681546,0.682715,0.691406
2024-03-04 10:00:00.000 UTC,0.703156,0.683989,0.703156,0.683989
2024-03-04 09:00:00.000 UTC,0.711372,0.697816,0.697816,0.703855
2024-03-04 08:00:00.000 UTC,0.696889,0.687752,0.687752,0.696278
2024-03-04 07:00:00.000 UTC,0.695717,0.688236,0.691587,0.688855
2024-03-04 06:00:00.000 UTC,0.690967,0.675963,0.677813,0.690967
2024-03-04 05:00:00.000 UTC,0.681538,0.676593,0.680549,0.679861
2024-03-04 04:00:00.000 UTC,0.680047,0.671022,0.674034,0.680047
2024-03-04 03:00:00.000 UTC,0.68059,0.67326,0.68059,0.674947
2024-03-04 02:00:00.000 UTC,0.684698,0.667432,0.672716,0.683678
2024-03-04 01:00:00.000 UTC,0.677698,0.668951,0.673113,0.670247
2024-03-04 00:00:00.000 UTC,0.683697,0.66998,0.674386,0.66998
2024-03-03 23:00:00.000 UTC,0.674298,0.670275,0.671394,0.672252
2024-03-03 22:00:00.000 UTC,0.680033,0.671502,0.671502,0.672841
2024-03-03 21:00:00.000 UTC,0.669594,0.66423,0.66423,0.669194
2024-03-03 20:00:00.000 UTC,0.67049,0.664456,0.67049,0.664613
2024-03-03 19:00:00.000 UTC,0.670223,0.665812,0.667392,0.670223
2024-03-03 18:00:00.000 UTC,0.668683,0.662395,0.667537,0.66587
2024-03-03 17:00:00.000 UTC,0.671859,0.667971,0.670939,0.668485
2024-03-03 16:00:00.000 UTC,0.67001,0.663865,0.664741,0.67001
2024-03-03 15:00:00.000 UTC,0.665112,0.660182,0.660182,0.66448
2024-03-03 14:00:00.000 UTC,0.665424,0.658891,0.665424,0.658891
2024-03-03 13:00:00.000 UTC,0.664686,0.656924,0.656924,0.663761
2024-03-03 12:00:00.000 UTC,0.662663,0.6562,0.65678,0.658337
2024-03-03 11:00:00.000 UTC,0.655571,0.648404,0.648825,0.655571
2024-03-03 10:00:00.000 UTC,0.654097,0.643028,0.648527,0.650392
2024-03-03 09:00:00.000 UTC,0.656369,0.648436,0.6514,0.649502
2024-03-03 08:00:00.000 UTC,0.654495,0.644992,0.653914,0.652505
2024-03-03 07:00:00.000 UTC,0.672353,0.632374,0.672353,0.658981
2024-03-03 06:00:00.000 UTC,0.685214,0.673075,0.685214,0.673075
2024-03-03 05:00:00.000 UTC,0.703519,0.68518,0.703519,0.68518
2024-03-03 04:00:00.000 UTC,0.709894,0.702681,0.707068,0.702736
2024-03-03 03:00:00.000 UTC,0.714455,0.702553,0.714455,0.702553
2024-03-03 02:00:00.000 UTC,0.727193,0.706884,0.706884,0.719552
2024-03-03 01:00:00.000 UTC,0.709359,0.673715,0.673961,0.709359
2024-03-03 00:00:00.000 UTC,0.692262,0.67554,0.692262,0.67554
2024-03-02 23:00:00.000 UTC,0.694091,0.687271,0.687271,0.694091
2024-03-02 22:00:00.000 UTC,0.691171,0.686822,0.687203,0.689224
2024-03-02 21:00:00.000 UTC,0.689396,0.684403,0.686502,0.686255
2024-03-02 20:00:00.000 UTC,0.687074,0.676477,0.68474,0.68659
2024-03-02 19:00:00.000 UTC,0.684377,0.679731,0.683218,0.684377
2024-03-02 18:00:00.000 UTC,0.683695,0.674903,0.674903,0.683695
2024-03-02 17:00:00.000 UTC,0.683732,0.675108,0.680385,0.675108
2024-03-02 16:00:00.000 UTC,0.691947,0.676069,0.689909,0.677445
2024-03-02 15:00:00.000 UTC,0.691062,0.681423,0.686131,0.688759
2024-03-02 14:00:00.000 UTC,0.700895,0.680144,0.700895,0.687209
2024-03-02 13:00:00.000 UTC,0.705621,0.692903,0.693208,0.701835
2024-03-02 12:00:00.000 UTC,0.689399,0.673703,0.679288,0.689399
2024-03-02 11:00:00.000 UTC,0.681333,0.668543,0.671801,0.681333
2024-03-02 10:00:00.000 UTC,0.668303,0.659022,0.659022,0.667193
2024-03-02 09:00:00.000 UTC,0.667267,0.655199,0.665783,0.657348
2024-03-02 08:00:00.000 UTC,0.673992,0.659989,0.673992,0.666998
2024-03-02 07:00:00.000 UTC,0.668757,0.65333,0.655265,0.668757
2024-03-02 06:00:00.000 UTC,0.661836,0.656905,0.657032,0.657625
2024-03-02 05:00:00.000 UTC,0.669351,0.655579,0.669351,0.656072
2024-03-02 04:00:00.000 UTC,0.675113,0.669731,0.672072,0.675113
2024-03-02 03:00:00.000 UTC,0.676074,0.666998,0.671932,0.670494
2024-03-02 02:00:00.000 UTC,0.675612,0.664383,0.666968,0.670899
2024-03-02 01:00:00.000 UTC,0.68292,0.664922,0.68292,0.664922
2024-03-02 00:00:00.000 UTC,0.687153,0.665433,0.665433,0.6842
2024-03-01 23:00:00.000 UTC,0.671026,0.661878,0.665772,0.661885
2024-03-01 22:00:00.000 UTC,0.668621,0.656439,0.656868,0.668621
2024-03-01 21:00:00.000 UTC,0.656085,0.643357,0.645572,0.656085
2024-03-01 20:00:00.000 UTC,0.650562,0.644766,0.645619,0.645053
2024-03-01 19:00:00.000 UTC,0.646522,0.639672,0.641706,0.646522
2024-03-01 18:00:00.000 UTC,0.645712,0.638651,0.645712,0.641786
2024-03-01 17:00:00.000 UTC,0.648352,0.638222,0.638222,0.644575
2024-03-01 16:00:00.000 UTC,0.648471,0.639526,0.646279,0.639526
2024-03-01 15:00:00.000 UTC,0.666493,0.648643,0.666493,0.648643
2024-03-01 14:00:00.000 UTC,0.652207,0.635504,0.636506,0.652207
2024-03-01 13:00:00.000 UTC,0.638374,0.633165,0.634978,0.635934
2024-03-01 12:00:00.000 UTC,0.63487,0.626904,0.628724,0.63487
2024-03-01 11:00:00.000 UTC,0.633329,0.625254,0.62679,0.630155
2024-03-01 10:00:00.000 UTC,0.636721,0.6176,0.6176,0.6263
2024-03-01 09:00:00.000 UTC,0.618987,0.615654,0.616091,0.616709
2024-03-01 08:00:00.000 UTC,0.61747,0.610402,0.611145,0.61747
2024-03-01 07:00:00.000 UTC,0.627032,0.610414,0.627032,0.610414
2024-03-01 06:00:00.000 UTC,0.62849,0.620711,0.621764,0.626708
2024-03-01 05:00:00.000 UTC,0.624677,0.607746,0.610037,0.62299
2024-03-01 04:00:00.000 UTC,0.610722,0.605732,0.606895,0.610722
2024-03-01 03:00:00.000 UTC,0.612739,0.600518,0.609882,0.603372
2024-03-01 02:00:00.000 UTC,0.607529,0.597837,0.598119,0.607529
2024-03-01 01:00:00.000 UTC,0.607973,0.596092,0.607973,0.601372
2024-03-01 00:00:00.000 UTC,0.608404,0.591193,0.608404,0.607189
2024-02-29 23:00:00.000 UTC,0.614017,0.571196,0.571196,0.609082
2024-02-29 22:00:00.000 UTC,0.589787,0.56578,0.589787,0.571351
2024-02-29 21:00:00.000 UTC,0.600075,0.579364,0.600075,0.585944
2024-02-29 20:00:00.000 UTC,0.599932,0.591449,0.591449,0.599932
2024-02-29 19:00:00.000 UTC,0.593038,0.583056,0.584828,0.593038
2024-02-29 18:00:00.000 UTC,0.590569,0.582817,0.582817,0.583141
2024-02-29 17:00:00.000 UTC,0.587886,0.578294,0.585959,0.578395
2024-02-29 16:00:00.000 UTC,0.598547,0.580369,0.598241,0.585641
2024-02-29 15:00:00.000 UTC,0.604417,0.597008,0.602205,0.598313
2024-02-29 14:00:00.000 UTC,0.606814,0.597884,0.603172,0.598822
2024-02-29 13:00:00.000 UTC,0.604159,0.586838,0.586838,0.604159
2024-02-29 12:00:00.000 UTC,0.586958,0.578489,0.582527,0.585747
2024-02-29 11:00:00.000 UTC,0.585654,0.582466,0.583912,0.58323
2024-02-29 10:00:00.000 UTC,0.58475,0.582577,0.584091,0.583414
2024-02-29 09:00:00.000 UTC,0.591658,0.584001,0.584001,0.585815
2024-02-29 08:00:00.000 UTC,0.590403,0.579775,0.579775,0.58328
2024-02-29 07:00:00.000 UTC,0.579762,0.573356,0.576074,0.579762
2024-02-29 06:00:00.000 UTC,0.580794,0.576029,0.578167,0.576094
2024-02-29 05:00:00.000 UTC,0.578547,0.572273,0.573612,0.578547
2024-02-29 04:00:00.000 UTC,0.573117,0.566668,0.568356,0.573117
2024-02-29 03:00:00.000 UTC,0.566842,0.558989,0.561109,0.566842
2024-02-29 02:00:00.000 UTC,0.56707,0.561662,0.562292,0.561662
2024-02-29 01:00:00.000 UTC,0.563212,0.557253,0.557253,0.561779
2024-02-29 00:00:00.000 UTC,0.557801,0.550622,0.556477,0.554194
2024-02-28 23:00:00.000 UTC,0.556068,0.553004,0.555481,0.55581
2024-02-28 22:00:00.000 UTC,0.55529,0.551203,0.553809,0.55529
2024-02-28 21:00:00.000 UTC,0.554403,0.537901,0.539829,0.554009
2024-02-28 20:00:00.000 UTC,0.53897,0.532052,0.534913,0.538772
2024-02-28 19:00:00.000 UTC,0.540268,0.533844,0.540268,0.534633
2024-02-28 18:00:00.000 UTC,0.551437,0.527173,0.551437,0.537463
2024-02-28 17:00:00.000 UTC,0.583456,0.533953,0.578733,0.549879
2024-02-28 16:00:00.000 UTC,0.576179,0.56479,0.56479,0.576179
2024-02-28 15:00:00.000 UTC,0.567561,0.564199,0.567535,0.565796
2024-02-28 14:00:00.000 UTC,0.572336,0.562978,0.570731,0.5661
2024-02-28 13:00:00.000 UTC,0.570353,0.564043,0.564117,0.570353
2024-02-28 12:00:00.000 UTC,0.565559,0.559133,0.559133,0.565559
2024-02-28 11:00:00.000 UTC,0.571129,0.559685,0.571095,0.559685
2024-02-28 10:00:00.000 UTC,0.571824,0.564204,0.566186,0.571824
2024-02-28 09:00:00.000 UTC,0.569239,0.56044,0.569239,0.566264
2024-02-28 08:00:00.000 UTC,0.570417,0.562862,0.563474,0.570417
2024-02-28 07:00:00.000 UTC,0.564603,0.560084,0.560084,0.564603
2024-02-28 06:00:00.000 UTC,0.560488,0.556216,0.557016,0.55809
2024-02-28 05:00:00.000 UTC,0.564982,0.559037,0.562288,0.559869
2024-02-28 04:00:00.000 UTC,0.56325,0.555028,0.555028,0.56325
2024-02-28 03:00:00.000 UTC,0.562356,0.557012,0.562356,0.557012
2024-02-28 02:00:00.000 UTC,0.567297,0.56039,0.567297,0.56169
2024-02-28 01:00:00.000 UTC,0.571389,0.563082,0.571389,0.568976
2024-02-28 00:00:00.000 UTC,0.574935,0.555859,0.561608,0.571225
2024-02-27 23:00:00.000 UTC,0.566207,0.561069,0.562074,0.562109
2024-02-27 22:00:00.000 UTC,0.562546,0.559266,0.559266,0.560463
2024-02-27 21:00:00.000 UTC,0.557818,0.55514,0.556225,0.556924
2024-02-27 20:00:00.000 UTC,0.560605,0.553699,0.556433,0.556563
2024-02-27 19:00:00.000 UTC,0.559999,0.551982,0.558283,0.559654
2024-02-27 18:00:00.000 UTC,0.56796,0.560762,0.562773,0.560762
2024-02-27 17:00:00.000 UTC,0.563393,0.541309,0.541309,0.560317
2024-02-27 16:00:00.000 UTC,0.546754,0.537278,0.537278,0.54172
2024-02-27 15:00:00.000 UTC,0.543711,0.53774,0.540758,0.53774
2024-02-27 14:00:00.000 UTC,0.545286,0.540998,0.544245,0.540998
2024-02-27 13:00:00.000 UTC,0.5449,0.538135,0.541856,0.5449
2024-02-27 12:00:00.000 UTC,0.549139,0.54481,0.549139,0.54481
2024-02-27 11:00:00.000 UTC,0.555361,0.548158,0.548158,0.548251
2024-02-27 10:00:00.000 UTC,0.546031,0.542387,0.54437,0.546031
2024-02-27 09:00:00.000 UTC,0.543846,0.538532,0.540095,0.543846
2024-02-27 08:00:00.000 UTC,0.541701,0.53782,0.53782,0.539976
2024-02-27 07:00:00.000 UTC,0.542219,0.537401,0.542219,0.538093
2024-02-27 06:00:00.000 UTC,0.544123,0.541335,0.541445,0.541364
2024-02-27 05:00:00.000 UTC,0.541627,0.53894,0.539537,0.540759
2024-02-27 04:00:00.000 UTC,0.544025,0.53789,0.53789,0.539922
2024-02-27 03:00:00.000 UTC,0.546826,0.541348,0.543219,0.541348
2024-02-27 02:00:00.000 UTC,0.551588,0.541571,0.547942,0.54401
2024-02-27 01:00:00.000 UTC,0.549622,0.536997,0.538668,0.549622
2024-02-27 00:00:00.000 UTC,0.542882,0.535087,0.541372,0.538359
2024-02-26 23:00:00.000 UTC,0.543103,0.54013,0.543103,0.54185
2024-02-26 22:00:00.000 UTC,0.544101,0.540766,0.542944,0.542859
2024-02-26 21:00:00.000 UTC,0.542114,0.538271,0.539387,0.542114
2024-02-26 20:00:00.000 UTC,0.540077,0.537479,0.540077,0.539658
2024-02-26 19:00:00.000 UTC,0.540678,0.534998,0.536161,0.538918
2024-02-26 18:00:00.000 UTC,0.541972,0.537215,0.541972,0.537887
2024-02-26 17:00:00.000 UTC,0.542032,0.53721,0.538411,0.54074
2024-02-26 16:00:00.000 UTC,0.538526,0.534412,0.534412,0.538501
2024-02-26 15:00:00.000 UTC,0.53606,0.531829,0.533261,0.53489
2024-02-26 14:00:00.000 UTC,0.533305,0.528323,0.528323,0.533305
2024-02-26 13:00:00.000 UTC,0.535015,0.526374,0.535015,0.528227
2024-02-26 12:00:00.000 UTC,0.535201,0.527096,0.530236,0.535201
2024-02-26 11:00:00.000 UTC,0.530856,0.521079,0.523142,0.528703
2024-02-26 10:00:00.000 UTC,0.526994,0.519484,0.519484,0.523677
2024-02-26 09:00:00.000 UTC,0.538651,0.519078,0.537166,0.519078
2024-02-26 08:00:00.000 UTC,0.539023,0.534595,0.535501,0.536937
2024-02-26 07:00:00.000 UTC,0.547698,0.534857,0.547698,0.536909
2024-02-26 06:00:00.000 UTC,0.545398,0.536252,0.53818,0.545398
2024-02-26 05:00:00.000 UTC,0.538878,0.527458,0.528889,0.537608
2024-02-26 04:00:00.000 UTC,0.529651,0.520719,0.520719,0.529397
2024-02-26 03:00:00.000 UTC,0.520131,0.515866,0.518297,0.519667
2024-02-26 02:00:00.000 UTC,0.520529,0.518209,0.519067,0.518548
2024-02-26 01:00:00.000 UTC,0.52198,0.51753,0.518682,0.519393
2024-02-26 00:00:00.000 UTC,0.521034,0.516417,0.520165,0.520227
2024-02-25 23:00:00.000 UTC,0.519491,0.515423,0.517499,0.519239
2024-02-25 22:00:00.000 UTC,0.518588,0.515447,0.517287,0.516947
2024-02-25 21:00:00.000 UTC,0.517403,0.515967,0.516573,0.517403
2024-02-25 20:00:00.000 UTC,0.519167,0.515872,0.515872,0.516687
2024-02-25 19:00:00.000 UTC,0.516156,0.512779,0.514554,0.516079
2024-02-25 18:00:00.000 UTC,0.516107,0.514383,0.515554,0.515024
2024-02-25 17:00:00.000 UTC,0.516151,0.512607,0.513004,0.516151
2024-02-25 16:00:00.000 UTC,0.516343,0.512223,0.5157,0.512223
2024-02-25 15:00:00.000 UTC,0.519309,0.515109,0.517873,0.515648
2024-02-25 14:00:00.000 UTC,0.51784,0.512737,0.513102,0.517577
2024-02-25 13:00:00.000 UTC,0.51651,0.513096,0.515831,0.513797
2024-02-25 12:00:00.000 UTC,0.515455,0.51386,0.514945,0.515455
2024-02-25 11:00:00.000 UTC,0.516376,0.51235,0.512993,0.515098
2024-02-25 10:00:00.000 UTC,0.515712,0.51229,0.515436,0.513245
2024-02-25 09:00:00.000 UTC,0.515747,0.511324,0.513293,0.515747
2024-02-25 08:00:00.000 UTC,0.518057,0.51415,0.518057,0.51415
2024-02-25 07:00:00.000 UTC,0.519618,0.517827,0.519618,0.517827
2024-02-25 06:00:00.000 UTC,0.51965,0.516558,0.517623,0.519499
2024-02-25 05:00:00.000 UTC,0.518478,0.516928,0.518473,0.517694
2024-02-25 04:00:00.000 UTC,0.518575,0.515547,0.518042,0.517938
2024-02-25 03:00:00.000 UTC,0.51831,0.514999,0.517427,0.517671
2024-02-25 02:00:00.000 UTC,0.523176,0.517045,0.521834,0.517045
2024-02-25 01:00:00.000 UTC,0.521729,0.517512,0.518729,0.519768
2024-02-25 00:00:00.000 UTC,0.522555,0.517699,0.522011,0.518213
2024-02-24 23:00:00.000 UTC,0.522657,0.520764,0.522657,0.521422
2024-02-24 22:00:00.000 UTC,0.523674,0.521074,0.521366,0.522459
2024-02-24 21:00:00.000 UTC,0.522164,0.519873,0.522164,0.521178
2024-02-24 20:00:00.000 UTC,0.524469,0.521357,0.522697,0.52287
2024-02-24 19:00:00.000 UTC,0.522941,0.519849,0.519849,0.522941
2024-02-24 18:00:00.000 UTC,0.523106,0.519414,0.519434,0.520479
2024-02-24 17:00:00.000 UTC,0.521985,0.516111,0.516111,0.521985
2024-02-24 16:00:00.000 UTC,0.516668,0.514277,0.515566,0.515924
2024-02-24 15:00:00.000 UTC,0.517836,0.515394,0.516359,0.51576
2024-02-24 14:00:00.000 UTC,0.523202,0.515026,0.523202,0.515143
2024-02-24 13:00:00.000 UTC,0.522539,0.517437,0.519107,0.522031
2024-02-24 12:00:00.000 UTC,0.521014,0.514937,0.518798,0.518112
2024-02-24 11:00:00.000 UTC,0.521235,0.513832,0.516276,0.519615
2024-02-24 10:00:00.000 UTC,0.516249,0.510892,0.510892,0.516249
2024-02-24 09:00:00.000 UTC,0.511366,0.504239,0.504239,0.510879
2024-02-24 08:00:00.000 UTC,0.508732,0.503591,0.507274,0.503591
2024-02-24 07:00:00.000 UTC,0.507648,0.503389,0.503459,0.507059
2024-02-24 06:00:00.000 UTC,0.503194,0.500667,0.501678,0.503001
2024-02-24 05:00:00.000 UTC,0.502701,0.500187,0.501733,0.501263
2024-02-24 04:00:00.000 UTC,0.502697,0.496376,0.497626,0.502401
2024-02-24 03:00:00.000 UTC,0.498177,0.495086,0.49708,0.498177
2024-02-24 02:00:00.000 UTC,0.497051,0.491373,0.491888,0.496948
2024-02-24 01:00:00.000 UTC,0.504682,0.492784,0.504188,0.492784
2024-02-24 00:00:00.000 UTC,0.504906,0.496622,0.49713,0.504906
2024-02-23 23:00:00.000 UTC,0.498752,0.49345,0.496969,0.497899
2024-02-23 22:00:00.000 UTC,0.503277,0.497197,0.502625,0.497197
2024-02-23 21:00:00.000 UTC,0.506513,0.503224,0.506513,0.503224
2024-02-23 20:00:00.000 UTC,0.506715,0.501942,0.506715,0.50561
2024-02-23 19:00:00.000 UTC,0.50636,0.502754,0.503323,0.50614
2024-02-23 18:00:00.000 UTC,0.505662,0.501898,0.504727,0.503642
2024-02-23 17:00:00.000 UTC,0.508263,0.49696,0.49696,0.504885
2024-02-23 16:00:00.000 UTC,0.498716,0.487885,0.498716,0.496961
2024-02-23 15:00:00.000 UTC,0.503496,0.494292,0.500146,0.500997
2024-02-23 14:00:00.000 UTC,0.49799,0.49406,0.496305,0.497762
2024-02-23 13:00:00.000 UTC,0.49597,0.49154,0.491555,0.49597
2024-02-23 12:00:00.000 UTC,0.497692,0.491214,0.497692,0.492812
2024-02-23 11:00:00.000 UTC,0.496963,0.494833,0.495154,0.496963
2024-02-23 10:00:00.000 UTC,0.494686,0.491194,0.492106,0.494679
2024-02-23 09:00:00.000 UTC,0.492077,0.489042,0.489042,0.490837
2024-02-23 08:00:00.000 UTC,0.496139,0.488237,0.492849,0.488237
2024-02-23 07:00:00.000 UTC,0.502305,0.492537,0.502305,0.492537
2024-02-23 06:00:00.000 UTC,0.501377,0.498293,0.498293,0.501377
2024-02-23 05:00:00.000 UTC,0.498486,0.495853,0.497665,0.496437
2024-02-23 04:00:00.000 UTC,0.497773,0.492324,0.496131,0.497194
2024-02-23 03:00:00.000 UTC,0.496539,0.494289,0.496539,0.495895
2024-02-23 02:00:00.000 UTC,0.502536,0.497755,0.497755,0.49855
2024-02-23 01:00:00.000 UTC,0.503155,0.498826,0.501862,0.498826
2024-02-23 00:00:00.000 UTC,0.502198,0.500198,0.500198,0.502003
2024-02-22 23:00:00.000 UTC,0.505137,0.496931,0.505137,0.500256
2024-02-22 22:00:00.000 UTC,0.505997,0.500273,0.504229,0.505997
2024-02-22 21:00:00.000 UTC,0.506901,0.50229,0.506812,0.502763
2024-02-22 20:00:00.000 UTC,0.508905,0.501128,0.501128,0.50741
2024-02-22 19:00:00.000 UTC,0.502078,0.500328,0.501392,0.500675
2024-02-22 18:00:00.000 UTC,0.5015,0.497524,0.499807,0.501326
2024-02-22 17:00:00.000 UTC,0.50025,0.493919,0.493919,0.50025
2024-02-22 16:00:00.000 UTC,0.497121,0.493047,0.49692,0.493417
2024-02-22 15:00:00.000 UTC,0.497489,0.493999,0.495008,0.496075
2024-02-22 14:00:00.000 UTC,0.493861,0.489289,0.489289,0.493369
2024-02-22 13:00:00.000 UTC,0.494431,0.486619,0.494431,0.488764
2024-02-22 12:00:00.000 UTC,0.497337,0.493866,0.496076,0.494197
2024-02-22 11:00:00.000 UTC,0.497193,0.494474,0.496674,0.496191
2024-02-22 10:00:00.000 UTC,0.50054,0.495971,0.50054,0.496535
2024-02-22 09:00:00.000 UTC,0.500217,0.49728,0.498043,0.500217
2024-02-22 08:00:00.000 UTC,0.49838,0.495343,0.496379,0.49838
2024-02-22 07:00:00.000 UTC,0.496919,0.49174,0.495419,0.496181
2024-02-22 06:00:00.000 UTC,0.494861,0.487233,0.487233,0.494861
2024-02-22 05:00:00.000 UTC,0.488568,0.485547,0.485994,0.486907
2024-02-22 04:00:00.000 UTC,0.487443,0.485186,0.486011,0.485186
2024-02-22 03:00:00.000 UTC,0.486617,0.483032,0.483032,0.486617
2024-02-22 02:00:00.000 UTC,0.485298,0.480648,0.480648,0.483482
2024-02-22 01:00:00.000 UTC,0.48979,0.480598,0.48781,0.480598
2024-02-22 00:00:00.000 UTC,0.492138,0.486563,0.492138,0.487903
2024-02-21 23:00:00.000 UTC,0.492969,0.489559,0.489559,0.492546
2024-02-21 22:00:00.000 UTC,0.489045,0.486708,0.489045,0.488867
2024-02-21 21:00:00.000 UTC,0.488621,0.481259,0.481259,0.488621
2024-02-21 20:00:00.000 UTC,0.483483,0.481362,0.483483,0.48184
2024-02-21 19:00:00.000 UTC,0.483471,0.480633,0.480633,0.482595
2024-02-21 18:00:00.000 UTC,0.481124,0.476445,0.480178,0.479913
2024-02-21 17:00:00.000 UTC,0.488105,0.481105,0.487881,0.481648
2024-02-21 16:00:00.000 UTC,0.488311,0.484601,0.486068,0.488275
2024-02-21 15:00:00.000 UTC,0.487812,0.480131,0.481094,0.48579
2024-02-21 14:00:00.000 UTC,0.486956,0.479599,0.486956,0.481353
2024-02-21 13:00:00.000 UTC,0.492952,0.48582,0.490965,0.48582
2024-02-21 12:00:00.000 UTC,0.492047,0.485964,0.486542,0.490687
2024-02-21 11:00:00.000 UTC,0.491446,0.485944,0.489217,0.485944
2024-02-21 10:00:00.000 UTC,0.490303,0.484556,0.487067,0.490303
2024-02-21 09:00:00.000 UTC,0.497972,0.488596,0.497972,0.488596
2024-02-21 08:00:00.000 UTC,0.499362,0.495148,0.495148,0.499051
2024-02-21 07:00:00.000 UTC,0.498004,0.494493,0.498004,0.495756
2024-02-21 06:00:00.000 UTC,0.503083,0.498643,0.501831,0.498827
2024-02-21 05:00:00.000 UTC,0.506433,0.501545,0.505082,0.501824
2024-02-21 04:00:00.000 UTC,0.508852,0.504356,0.507845,0.504356
2024-02-21 03:00:00.000 UTC,0.508237,0.505809,0.505809,0.508237
2024-02-21 02:00:00.000 UTC,0.509072,0.505983,0.508362,0.505991
2024-02-21 01:00:00.000 UTC,0.512734,0.508265,0.512734,0.509043
2024-02-21 00:00:00.000 UTC,0.515896,0.512083,0.515896,0.512083
2024-02-20 23:00:00.000 UTC,0.52037,0.515372,0.518037,0.515372
2024-02-20 22:00:00.000 UTC,0.518066,0.512681,0.512681,0.518066
2024-02-20 21:00:00.000 UTC,0.513876,0.510948,0.512112,0.512502
2024-02-20 20:00:00.000 UTC,0.51325,0.509755,0.510722,0.511546
2024-02-20 19:00:00.000 UTC,0.510828,0.502698,0.505115,0.510828
2024-02-20 18:00:00.000 UTC,0.507382,0.500851,0.500851,0.506543
2024-02-20 17:00:00.000 UTC,0.499201,0.495344,0.497641,0.498876
2024-02-20 16:00:00.000 UTC,0.50684,0.500061,0.50339,0.500061
2024-02-20 15:00:00.000 UTC,0.514657,0.501271,0.514657,0.503229
2024-02-20 14:00:00.000 UTC,0.526081,0.51276,0.524938,0.515115
2024-02-20 13:00:00.000 UTC,0.525787,0.516807,0.518287,0.524711
2024-02-20 12:00:00.000 UTC,0.523879,0.51926,0.522183,0.51926
2024-02-20 11:00:00.000 UTC,0.521712,0.519399,0.520516,0.520484
2024-02-20 10:00:00.000 UTC,0.520938,0.513585,0.513585,0.520938
2024-02-20 09:00:00.000 UTC,0.518435,0.509647,0.517556,0.512121
2024-02-20 08:00:00.000 UTC,0.522327,0.51476,0.51993,0.517009
2024-02-20 07:00:00.000 UTC,0.525024,0.520228,0.524435,0.520228
2024-02-20 06:00:00.000 UTC,0.527726,0.524446,0.524946,0.524575
2024-02-20 05:00:00.000 UTC,0.525747,0.521524,0.522448,0.524821
2024-02-20 04:00:00.000 UTC,0.523024,0.513546,0.514481,0.523024
2024-02-20 03:00:00.000 UTC,0.523026,0.518326,0.523026,0.518326
2024-02-20 02:00:00.000 UTC,0.52318,0.518776,0.518776,0.52318
2024-02-20 01:00:00.000 UTC,0.521367,0.512884,0.518662,0.515737
2024-02-20 00:00:00.000 UTC,0.530865,0.518201,0.528878,0.518201
2024-02-19 23:00:00.000 UTC,0.531135,0.52604,0.52919,0.528119
2024-02-19 22:00:00.000 UTC,0.530192,0.52423,0.52423,0.530192
2024-02-19 21:00:00.000 UTC,0.524979,0.521294,0.521294,0.523216
2024-02-19 20:00:00.000 UTC,0.521245,0.517231,0.518818,0.521245
2024-02-19 19:00:00.000 UTC,0.519562,0.515122,0.516228,0.518246
2024-02-19 18:00:00.000 UTC,0.517612,0.514158,0.514994,0.515937
2024-02-19 17:00:00.000 UTC,0.516829,0.510165,0.513594,0.515289
2024-02-19 16:00:00.000 UTC,0.520177,0.514736,0.5185,0.514736
2024-02-19 15:00:00.000 UTC,0.518073,0.512908,0.51299,0.518073
2024-02-19 14:00:00.000 UTC,0.514452,0.51054,0.514452,0.513297
2024-02-19 13:00:00.000 UTC,0.520326,0.514681,0.517074,0.515071
2024-02-19 12:00:00.000 UTC,0.5186,0.511859,0.513726,0.5186
2024-02-19 11:00:00.000 UTC,0.512923,0.511215,0.512096,0.512678
2024-02-19 10:00:00.000 UTC,0.511764,0.507513,0.510825,0.511764
2024-02-19 09:00:00.000 UTC,0.51218,0.507722,0.507722,0.511633
2024-02-19 08:00:00.000 UTC,0.514158,0.507793,0.514088,0.508341
2024-02-19 07:00:00.000 UTC,0.513767,0.511802,0.512162,0.513767
2024-02-19 06:00:00.000 UTC,0.513685,0.509782,0.509782,0.512117
2024-02-19 05:00:00.000 UTC,0.510179,0.505534,0.510179,0.507233
2024-02-19 04:00:00.000 UTC,0.511057,0.509793,0.510596,0.509793
2024-02-19 03:00:00.000 UTC,0.511659,0.509304,0.511388,0.509832
2024-02-19 02:00:00.000 UTC,0.512084,0.510269,0.510269,0.511397
2024-02-19 01:00:00.000 UTC,0.510557,0.509081,0.509518,0.509712
2024-02-19 00:00:00.000 UTC,0.511717,0.508669,0.510426,0.509607
2024-02-18 23:00:00.000 UTC,0.515484,0.509772,0.51439,0.510418
2024-02-18 22:00:00.000 UTC,0.513774,0.509745,0.509745,0.51277
2024-02-18 21:00:00.000 UTC,0.510642,0.508082,0.508228,0.509786
2024-02-18 20:00:00.000 UTC,0.510527,0.505562,0.510079,0.507748
2024-02-18 19:00:00.000 UTC,0.510799,0.508608,0.510394,0.509846
2024-02-18 18:00:00.000 UTC,0.510817,0.508615,0.509413,0.510134
2024-02-18 17:00:00.000 UTC,0.512648,0.508647,0.508647,0.509402
2024-02-18 16:00:00.000 UTC,0.508895,0.50775,0.508895,0.507884
2024-02-18 15:00:00.000 UTC,0.509288,0.507912,0.508511,0.509288
2024-02-18 14:00:00.000 UTC,0.510051,0.505116,0.505116,0.510051
2024-02-18 13:00:00.000 UTC,0.506029,0.503743,0.505343,0.50555
2024-02-18 12:00:00.000 UTC,0.510092,0.506289,0.507384,0.506289
2024-02-18 11:00:00.000 UTC,0.507785,0.505211,0.506474,0.507785
2024-02-18 10:00:00.000 UTC,0.507471,0.504943,0.50684,0.50598
2024-02-18 09:00:00.000 UTC,0.507626,0.505052,0.505052,0.506278
2024-02-18 08:00:00.000 UTC,0.50427,0.501987,0.503733,0.50427
2024-02-18 07:00:00.000 UTC,0.504185,0.499738,0.500676,0.503528
2024-02-18 06:00:00.000 UTC,0.503292,0.499269,0.502532,0.500361
2024-02-18 05:00:00.000 UTC,0.502889,0.499684,0.500166,0.501927
2024-02-18 04:00:00.000 UTC,0.500051,0.496478,0.496478,0.500051
2024-02-18 03:00:00.000 UTC,0.497751,0.493876,0.494411,0.497101
2024-02-18 02:00:00.000 UTC,0.499251,0.494463,0.497386,0.494463
2024-02-18 01:00:00.000 UTC,0.504129,0.497996,0.503396,0.497996
2024-02-18 00:00:00.000 UTC,0.506473,0.501581,0.506473,0.502399
2024-02-17 23:00:00.000 UTC,0.506597,0.501128,0.502232,0.506597
2024-02-17 22:00:00.000 UTC,0.50337,0.501664,0.502751,0.501664
2024-02-17 21:00:00.000 UTC,0.503735,0.497275,0.497275,0.50229
2024-02-17 20:00:00.000 UTC,0.495829,0.491608,0.492516,0.495829
2024-02-17 19:00:00.000 UTC,0.494718,0.491628,0.492081,0.492645
2024-02-17 18:00:00.000 UTC,0.493433,0.491578,0.493433,0.491976
2024-02-17 17:00:00.000 UTC,0.494325,0.492623,0.492623,0.493467
2024-02-17 16:00:00.000 UTC,0.492627,0.490524,0.492448,0.492627
2024-02-17 15:00:00.000 UTC,0.492036,0.485889,0.488798,0.492036
2024-02-17 14:00:00.000 UTC,0.494513,0.485734,0.491798,0.487534
2024-02-17 13:00:00.000 UTC,0.500415,0.49228,0.500415,0.49228
2024-02-17 12:00:00.000 UTC,0.501367,0.498457,0.501367,0.501068
2024-02-17 11:00:00.000 UTC,0.50214,0.499512,0.49972,0.50163
2024-02-17 10:00:00.000 UTC,0.500086,0.496095,0.500086,0.497771
2024-02-17 09:00:00.000 UTC,0.504542,0.500954,0.502724,0.500954
2024-02-17 08:00:00.000 UTC,0.510868,0.501069,0.510868,0.501801
2024-02-17 07:00:00.000 UTC,0.512582,0.51019,0.51019,0.511376
2024-02-17 06:00:00.000 UTC,0.51085,0.509561,0.510555,0.510309
2024-02-17 05:00:00.000 UTC,0.514063,0.508781,0.514063,0.51067
2024-02-17 04:00:00.000 UTC,0.515115,0.510938,0.514493,0.514508
2024-02-17 03:00:00.000 UTC,0.514703,0.509358,0.512037,0.513976
2024-02-17 02:00:00.000 UTC,0.51298,0.505904,0.505904,0.51298
2024-02-17 01:00:00.000 UTC,0.51448,0.502052,0.509017,0.503613
2024-02-17 00:00:00.000 UTC,0.517746,0.495403,0.495403,0.513362
2024-02-16 23:00:00.000 UTC,0.4954,0.493164,0.493588,0.495252
2024-02-16 22:00:00.000 UTC,0.493798,0.492107,0.492107,0.493306
2024-02-16 21:00:00.000 UTC,0.491434,0.488124,0.489569,0.491434
2024-02-16 20:00:00.000 UTC,0.489996,0.486704,0.486704,0.489586
2024-02-16 19:00:00.000 UTC,0.490009,0.487758,0.48965,0.48794
2024-02-16 18:00:00.000 UTC,0.489906,0.487307,0.488619,0.489873
2024-02-16 17:00:00.000 UTC,0.491886,0.487082,0.491886,0.488961
2024-02-16 16:00:00.000 UTC,0.498765,0.492329,0.492585,0.492329
2024-02-16 15:00:00.000 UTC,0.492668,0.486301,0.492466,0.490826
2024-02-16 14:00:00.000 UTC,0.502033,0.490906,0.502033,0.490906
2024-02-16 13:00:00.000 UTC,0.509109,0.501951,0.506345,0.501986
2024-02-16 12:00:00.000 UTC,0.508487,0.498123,0.498467,0.506612
2024-02-16 11:00:00.000 UTC,0.500622,0.498823,0.498849,0.498871
2024-02-16 10:00:00.000 UTC,0.49863,0.493809,0.494152,0.49863
2024-02-16 09:00:00.000 UTC,0.494788,0.490474,0.494014,0.494788
2024-02-16 08:00:00.000 UTC,0.496096,0.494225,0.494225,0.494547
2024-02-16 07:00:00.000 UTC,0.498994,0.493417,0.498127,0.494052
2024-02-16 06:00:00.000 UTC,0.503542,0.499456,0.502226,0.499456
2024-02-16 05:00:00.000 UTC,0.502004,0.499512,0.500471,0.501924
2024-02-16 04:00:00.000 UTC,0.501052,0.500366,0.500558,0.500463
2024-02-16 03:00:00.000 UTC,0.502132,0.500305,0.500645,0.500305
2024-02-16 02:00:00.000 UTC,0.50292,0.498681,0.50292,0.499511
2024-02-16 01:00:00.000 UTC,0.502826,0.494854,0.495541,0.502826
2024-02-16 00:00:00.000 UTC,0.496774,0.493574,0.493709,0.495241
2024-02-15 23:00:00.000 UTC,0.494922,0.489846,0.489846,0.493556
2024-02-15 22:00:00.000 UTC,0.49216,0.488057,0.488057,0.489029
2024-02-15 21:00:00.000 UTC,0.495058,0.490778,0.493761,0.490922
2024-02-15 20:00:00.000 UTC,0.498459,0.493449,0.49771,0.493739
2024-02-15 19:00:00.000 UTC,0.498082,0.493965,0.494929,0.498082
2024-02-15 18:00:00.000 UTC,0.494564,0.49011,0.490635,0.494564
2024-02-15 17:00:00.000 UTC,0.49431,0.491334,0.492768,0.491334
2024-02-15 16:00:00.000 UTC,0.493486,0.486782,0.491248,0.492832
2024-02-15 15:00:00.000 UTC,0.49586,0.489338,0.49519,0.492438
2024-02-15 14:00:00.000 UTC,0.496083,0.492338,0.49416,0.496083
2024-02-15 13:00:00.000 UTC,0.493526,0.490134,0.49217,0.493526
2024-02-15 12:00:00.000 UTC,0.493297,0.488835,0.489436,0.492443
2024-02-15 11:00:00.000 UTC,0.490501,0.486755,0.48977,0.488008
2024-02-15 10:00:00.000 UTC,0.491099,0.487772,0.487772,0.489983
2024-02-15 09:00:00.000 UTC,0.487812,0.485574,0.486282,0.487383
2024-02-15 08:00:00.000 UTC,0.485865,0.483378,0.484746,0.485779
2024-02-15 07:00:00.000 UTC,0.487214,0.484618,0.484847,0.485093
2024-02-15 06:00:00.000 UTC,0.485561,0.481394,0.481616,0.485561
2024-02-15 05:00:00.000 UTC,0.488085,0.481149,0.488085,0.481149
2024-02-15 04:00:00.000 UTC,0.492852,0.488321,0.492852,0.488322
2024-02-15 03:00:00.000 UTC,0.491774,0.48571,0.48571,0.491774
2024-02-15 02:00:00.000 UTC,0.486396,0.481545,0.481545,0.486396
2024-02-15 01:00:00.000 UTC,0.483915,0.478307,0.483915,0.478879
2024-02-15 00:00:00.000 UTC,0.483801,0.480187,0.480397,0.483737
2024-02-14 23:00:00.000 UTC,0.480189,0.479212,0.479619,0.479911
2024-02-14 22:00:00.000 UTC,0.480365,0.479032,0.480365,0.479299
2024-02-14 21:00:00.000 UTC,0.480002,0.478558,0.479306,0.480002
2024-02-14 20:00:00.000 UTC,0.478979,0.477929,0.47798,0.478263
2024-02-14 19:00:00.000 UTC,0.477792,0.475636,0.476954,0.477792
2024-02-14 18:00:00.000 UTC,0.478302,0.474213,0.475597,0.477715
2024-02-14 17:00:00.000 UTC,0.476141,0.474639,0.475642,0.474914
2024-02-14 16:00:00.000 UTC,0.47778,0.47544,0.47778,0.476252
2024-02-14 15:00:00.000 UTC,0.479566,0.475917,0.47947,0.477017
2024-02-14 14:00:00.000 UTC,0.482728,0.479939,0.482728,0.480413
2024-02-14 13:00:00.000 UTC,0.482259,0.478604,0.478604,0.481969
2024-02-14 12:00:00.000 UTC,0.481953,0.478724,0.480891,0.478724
2024-02-14 11:00:00.000 UTC,0.480987,0.479433,0.480987,0.480154
2024-02-14 10:00:00.000 UTC,0.481488,0.478124,0.481488,0.480527
2024-02-14 09:00:00.000 UTC,0.482187,0.475128,0.475128,0.482187
2024-02-14 08:00:00.000 UTC,0.47229,0.46834,0.469022,0.47229
2024-02-14 07:00:00.000 UTC,0.469294,0.467552,0.467552,0.469294
2024-02-14 06:00:00.000 UTC,0.467322,0.466723,0.466723,0.467322
2024-02-14 05:00:00.000 UTC,0.466937,0.464372,0.464372,0.466937
2024-02-14 04:00:00.000 UTC,0.465642,0.463036,0.465642,0.464397
2024-02-14 03:00:00.000 UTC,0.467497,0.465811,0.466771,0.465889
2024-02-14 02:00:00.000 UTC,0.467497,0.464389,0.464876,0.467038
2024-02-14 01:00:00.000 UTC,0.465888,0.463818,0.464901,0.464348
2024-02-14 00:00:00.000 UTC,0.466517,0.464133,0.466517,0.464762
2024-02-13 23:00:00.000 UTC,0.467189,0.465772,0.466819,0.466691
2024-02-13 22:00:00.000 UTC,0.466991,0.464969,0.466991,0.466715
2024-02-13 21:00:00.000 UTC,0.468973,0.466371,0.466371,0.467966
2024-02-13 20:00:00.000 UTC,0.467532,0.464282,0.464282,0.466805
2024-02-13 19:00:00.000 UTC,0.466604,0.464452,0.465068,0.465618
2024-02-13 18:00:00.000 UTC,0.465312,0.463266,0.463438,0.464977
2024-02-13 17:00:00.000 UTC,0.463464,0.460306,0.460306,0.46343
2024-02-13 16:00:00.000 UTC,0.463381,0.459961,0.46255,0.460858
2024-02-13 15:00:00.000 UTC,0.463314,0.459789,0.461614,0.462822
2024-02-13 14:00:00.000 UTC,0.469466,0.461279,0.469466,0.461279
2024-02-13 13:00:00.000 UTC,0.475255,0.465086,0.474697,0.470749
2024-02-13 12:00:00.000 UTC,0.475306,0.473936,0.475306,0.474356
2024-02-13 11:00:00.000 UTC,0.475858,0.474233,0.475826,0.475694
2024-02-13 10:00:00.000 UTC,0.48169,0.476118,0.48169,0.476118
2024-02-13 09:00:00.000 UTC,0.48079,0.479245,0.480489,0.48079
2024-02-13 08:00:00.000 UTC,0.480372,0.47863,0.479032,0.480127
2024-02-13 07:00:00.000 UTC,0.479419,0.477503,0.479142,0.479091
2024-02-13 06:00:00.000 UTC,0.479707,0.478721,0.479518,0.478951
2024-02-13 05:00:00.000 UTC,0.479402,0.477869,0.478393,0.479402
2024-02-13 04:00:00.000 UTC,0.478858,0.476521,0.476521,0.478547
2024-02-13 03:00:00.000 UTC,0.48008,0.475781,0.479508,0.475781
2024-02-13 02:00:00.000 UTC,0.484419,0.479835,0.484419,0.479835
2024-02-13 01:00:00.000 UTC,0.485447,0.482982,0.483442,0.483379
2024-02-13 00:00:00.000 UTC,0.483611,0.48192,0.482527,0.483259
2024-02-12 23:00:00.000 UTC,0.482911,0.480802,0.482836,0.482911
2024-02-12 22:00:00.000 UTC,0.483226,0.47954,0.47954,0.482718
2024-02-12 21:00:00.000 UTC,0.482213,0.479322,0.481616,0.479379
2024-02-12 20:00:00.000 UTC,0.481507,0.477201,0.477201,0.481413
2024-02-12 19:00:00.000 UTC,0.480584,0.477446,0.479091,0.477446
2024-02-12 18:00:00.000 UTC,0.481423,0.479134,0.479574,0.479134
2024-02-12 17:00:00.000 UTC,0.483913,0.473936,0.473936,0.480639
2024-02-12 16:00:00.000 UTC,0.474304,0.472409,0.473495,0.473471
2024-02-12 15:00:00.000 UTC,0.473968,0.464383,0.465546,0.473968
2024-02-12 14:00:00.000 UTC,0.464771,0.45937,0.45937,0.464771
2024-02-12 13:00:00.000 UTC,0.461087,0.459615,0.461087,0.459615
2024-02-12 12:00:00.000 UTC,0.461123,0.459255,0.460141,0.460402
2024-02-12 11:00:00.000 UTC,0.462133,0.458163,0.462133,0.459721
2024-02-12 10:00:00.000 UTC,0.464306,0.462017,0.462645,0.462017
2024-02-12 09:00:00.000 UTC,0.467708,0.46204,0.467329,0.46204
2024-02-12 08:00:00.000 UTC,0.469388,0.466889,0.468265,0.467563
2024-02-12 07:00:00.000 UTC,0.469771,0.46657,0.46657,0.468496
2024-02-12 06:00:00.000 UTC,0.470011,0.464854,0.468065,0.465148
2024-02-12 05:00:00.000 UTC,0.471086,0.46812,0.469779,0.46812
2024-02-12 04:00:00.000 UTC,0.472898,0.470019,0.472898,0.470019
2024-02-12 03:00:00.000 UTC,0.475042,0.469868,0.470463,0.473394
2024-02-12 02:00:00.000 UTC,0.474789,0.467678,0.474776,0.469174
2024-02-12 01:00:00.000 UTC,0.47826,0.472036,0.473006,0.473771
2024-02-12 00:00:00.000 UTC,0.471904,0.467502,0.468102,0.471904
2024-02-11 23:00:00.000 UTC,0.468639,0.466605,0.467936,0.467978
2024-02-11 22:00:00.000 UTC,0.469102,0.467714,0.467999,0.467867
2024-02-11 21:00:00.000 UTC,0.469364,0.46718,0.46718,0.468522
2024-02-11 20:00:00.000 UTC,0.471844,0.46748,0.470867,0.46748
2024-02-11 19:00:00.000 UTC,0.471912,0.470895,0.471515,0.470895
2024-02-11 18:00:00.000 UTC,0.47344,0.469527,0.47344,0.471788
2024-02-11 17:00:00.000 UTC,0.474031,0.471501,0.471501,0.473293
2024-02-11 16:00:00.000 UTC,0.471576,0.469571,0.470489,0.47152
2024-02-11 15:00:00.000 UTC,0.472852,0.469393,0.472852,0.470492
2024-02-11 14:00:00.000 UTC,0.472766,0.467747,0.470581,0.472766
2024-02-11 13:00:00.000 UTC,0.474004,0.470684,0.473598,0.470684
2024-02-11 12:00:00.000 UTC,0.473636,0.472493,0.472736,0.473603
2024-02-11 11:00:00.000 UTC,0.472758,0.471674,0.471919,0.472536
2024-02-11 10:00:00.000 UTC,0.473499,0.470892,0.473135,0.470892
2024-02-11 09:00:00.000 UTC,0.474825,0.473417,0.47355,0.473809
2024-02-11 08:00:00.000 UTC,0.475301,0.473678,0.474162,0.473678
2024-02-11 07:00:00.000 UTC,0.47498,0.473547,0.473905,0.474127
2024-02-11 06:00:00.000 UTC,0.475299,0.473882,0.474966,0.474095
2024-02-11 05:00:00.000 UTC,0.474739,0.473994,0.474739,0.474149
2024-02-11 04:00:00.000 UTC,0.476242,0.475405,0.476242,0.475405
2024-02-11 03:00:00.000 UTC,0.476474,0.472059,0.472059,0.476186
2024-02-11 02:00:00.000 UTC,0.474061,0.471945,0.473265,0.471945
2024-02-11 01:00:00.000 UTC,0.473643,0.471041,0.471948,0.473106
2024-02-11 00:00:00.000 UTC,0.472031,0.470881,0.472026,0.471435
2024-02-10 23:00:00.000 UTC,0.473521,0.471342,0.472735,0.471569
2024-02-10 22:00:00.000 UTC,0.47482,0.47231,0.47482,0.472833
2024-02-10 21:00:00.000 UTC,0.475766,0.473264,0.473264,0.474842
2024-02-10 20:00:00.000 UTC,0.474155,0.471787,0.472895,0.473542
2024-02-10 19:00:00.000 UTC,0.474391,0.472504,0.472734,0.47279
2024-02-10 18:00:00.000 UTC,0.473318,0.470693,0.471159,0.473318
2024-02-10 17:00:00.000 UTC,0.472324,0.471203,0.471487,0.471473
2024-02-10 16:00:00.000 UTC,0.471976,0.46919,0.469793,0.471425
2024-02-10 15:00:00.000 UTC,0.469088,0.467756,0.467756,0.469051
2024-02-10 14:00:00.000 UTC,0.469349,0.467669,0.468969,0.468192
2024-02-10 13:00:00.000 UTC,0.468951,0.466222,0.46846,0.468951
2024-02-10 12:00:00.000 UTC,0.468351,0.467013,0.467501,0.468025
2024-02-10 11:00:00.000 UTC,0.467779,0.46487,0.46487,0.46743
2024-02-10 10:00:00.000 UTC,0.470902,0.464246,0.470697,0.464246
2024-02-10 09:00:00.000 UTC,0.474031,0.467133,0.467133,0.472183
2024-02-10 08:00:00.000 UTC,0.472351,0.468401,0.470585,0.468401
2024-02-10 07:00:00.000 UTC,0.472224,0.470765,0.471567,0.471619
2024-02-10 06:00:00.000 UTC,0.473794,0.472083,0.473316,0.472083
2024-02-10 05:00:00.000 UTC,0.476093,0.472997,0.476093,0.472997
2024-02-10 04:00:00.000 UTC,0.47721,0.472024,0.473058,0.4768
2024-02-10 03:00:00.000 UTC,0.473748,0.472434,0.47286,0.472831
2024-02-10 02:00:00.000 UTC,0.474919,0.471943,0.474569,0.472447
2024-02-10 01:00:00.000 UTC,0.474907,0.473421,0.47433,0.473943
2024-02-10 00:00:00.000 UTC,0.474848,0.47198,0.47198,0.474699
2024-02-09 23:00:00.000 UTC,0.474162,0.472283,0.473014,0.472671
2024-02-09 22:00:00.000 UTC,0.473012,0.471357,0.472373,0.472257
2024-02-09 21:00:00.000 UTC,0.471506,0.467393,0.468167,0.471506
2024-02-09 20:00:00.000 UTC,0.46912,0.466879,0.466879,0.468343
2024-02-09 19:00:00.000 UTC,0.467648,0.46529,0.467648,0.466175
2024-02-09 18:00:00.000 UTC,0.469089,0.466397,0.466397,0.468807
2024-02-09 17:00:00.000 UTC,0.467013,0.463433,0.463433,0.467013
2024-02-09 16:00:00.000 UTC,0.463791,0.460038,0.461448,0.46379
2024-02-09 15:00:00.000 UTC,0.462315,0.459674,0.461077,0.461746
2024-02-09 14:00:00.000 UTC,0.465983,0.459621,0.465271,0.460025
2024-02-09 13:00:00.000 UTC,0.464849,0.463203,0.463461,0.464303
2024-02-09 12:00:00.000 UTC,0.464457,0.463218,0.463345,0.463949
2024-02-09 11:00:00.000 UTC,0.462665,0.459653,0.461497,0.462665
2024-02-09 10:00:00.000 UTC,0.461502,0.46021,0.460661,0.460704
2024-02-09 09:00:00.000 UTC,0.463294,0.460002,0.463294,0.460532
2024-02-09 08:00:00.000 UTC,0.464119,0.462818,0.462818,0.463578
2024-02-09 07:00:00.000 UTC,0.463083,0.461795,0.462315,0.462713
2024-02-09 06:00:00.000 UTC,0.462957,0.461618,0.462676,0.462509
2024-02-09 05:00:00.000 UTC,0.462918,0.459571,0.459586,0.462918
2024-02-09 04:00:00.000 UTC,0.458598,0.456519,0.457015,0.458504
2024-02-09 03:00:00.000 UTC,0.459955,0.456911,0.459953,0.456911
2024-02-09 02:00:00.000 UTC,0.459523,0.455766,0.456052,0.459412
2024-02-09 01:00:00.000 UTC,0.457156,0.455124,0.455328,0.455124
2024-02-09 00:00:00.000 UTC,0.456212,0.451751,0.451751,0.454658
2024-02-08 23:00:00.000 UTC,0.452726,0.451475,0.452284,0.451735
2024-02-08 22:00:00.000 UTC,0.452806,0.451319,0.451319,0.451967
2024-02-08 21:00:00.000 UTC,0.452531,0.451047,0.451997,0.451311
2024-02-08 20:00:00.000 UTC,0.451554,0.448661,0.448661,0.451471
2024-02-08 19:00:00.000 UTC,0.450314,0.449038,0.449789,0.449076
2024-02-08 18:00:00.000 UTC,0.450556,0.448615,0.448615,0.450484
2024-02-08 17:00:00.000 UTC,0.45001,0.446367,0.446398,0.449615
2024-02-08 16:00:00.000 UTC,0.45169,0.444989,0.45111,0.444989
2024-02-08 15:00:00.000 UTC,0.451422,0.448973,0.449791,0.451422
2024-02-08 14:00:00.000 UTC,0.450382,0.447039,0.447039,0.449641
2024-02-08 13:00:00.000 UTC,0.446959,0.445056,0.44669,0.446684
2024-02-08 12:00:00.000 UTC,0.449097,0.446352,0.44716,0.446352
2024-02-08 11:00:00.000 UTC,0.448216,0.446402,0.446648,0.446406
2024-02-08 10:00:00.000 UTC,0.447177,0.445658,0.446752,0.446343
2024-02-08 09:00:00.000 UTC,0.447389,0.44655,0.447157,0.446586
2024-02-08 08:00:00.000 UTC,0.446825,0.444325,0.444325,0.446825
2024-02-08 07:00:00.000 UTC,0.444977,0.443426,0.444656,0.444382
2024-02-08 06:00:00.000 UTC,0.445882,0.4448,0.445882,0.4448
2024-02-08 05:00:00.000 UTC,0.446842,0.445891,0.446746,0.445902
2024-02-08 04:00:00.000 UTC,0.447537,0.446344,0.446344,0.447101
2024-02-08 03:00:00.000 UTC,0.447499,0.44641,0.44731,0.446936
2024-02-08 02:00:00.000 UTC,0.447648,0.446622,0.447648,0.446622
2024-02-08 01:00:00.000 UTC,0.44813,0.446261,0.44813,0.447229
2024-02-08 00:00:00.000 UTC,0.448072,0.445762,0.445762,0.448072
2024-02-07 23:00:00.000 UTC,0.446812,0.445869,0.446326,0.445869
2024-02-07 22:00:00.000 UTC,0.447345,0.445871,0.446946,0.446008
2024-02-07 21:00:00.000 UTC,0.448046,0.446537,0.446975,0.446537
2024-02-07 20:00:00.000 UTC,0.447801,0.441056,0.441056,0.447494
2024-02-07 19:00:00.000 UTC,0.442139,0.440439,0.440439,0.441401
2024-02-07 18:00:00.000 UTC,0.441034,0.4398,0.4398,0.440885
2024-02-07 17:00:00.000 UTC,0.440588,0.437643,0.437643,0.439885
2024-02-07 16:00:00.000 UTC,0.436852,0.433375,0.433375,0.436852
2024-02-07 15:00:00.000 UTC,0.434022,0.430882,0.431544,0.433276
2024-02-07 14:00:00.000 UTC,0.434357,0.431876,0.432188,0.434357
2024-02-07 13:00:00.000 UTC,0.432954,0.431565,0.43238,0.432455
2024-02-07 12:00:00.000 UTC,0.432315,0.429867,0.430254,0.432132
2024-02-07 11:00:00.000 UTC,0.431045,0.430007,0.430007,0.430016
2024-02-07 10:00:00.000 UTC,0.432514,0.430512,0.431986,0.430512
2024-02-07 09:00:00.000 UTC,0.432205,0.429326,0.430271,0.432054
2024-02-07 08:00:00.000 UTC,0.430428,0.428494,0.428494,0.430265
2024-02-07 07:00:00.000 UTC,0.431452,0.42845,0.430938,0.42845
2024-02-07 06:00:00.000 UTC,0.432695,0.429783,0.432695,0.430017
2024-02-07 05:00:00.000 UTC,0.433191,0.430555,0.431784,0.433191
2024-02-07 04:00:00.000 UTC,0.43431,0.431678,0.433808,0.431678
2024-02-07 03:00:00.000 UTC,0.437113,0.434174,0.437086,0.434291
2024-02-07 02:00:00.000 UTC,0.437764,0.436607,0.436607,0.437764
2024-02-07 01:00:00.000 UTC,0.43819,0.43561,0.43561,0.437545
2024-02-07 00:00:00.000 UTC,0.436319,0.433428,0.433428,0.434492
2024-02-06 23:00:00.000 UTC,0.437164,0.433722,0.437164,0.434011
2024-02-06 22:00:00.000 UTC,0.437404,0.435977,0.437281,0.436278
2024-02-06 21:00:00.000 UTC,0.438679,0.437033,0.437821,0.437033
2024-02-06 20:00:00.000 UTC,0.438373,0.436711,0.437865,0.437364
2024-02-06 19:00:00.000 UTC,0.437461,0.434434,0.434945,0.437461
2024-02-06 18:00:00.000 UTC,0.434097,0.432699,0.432811,0.434097
2024-02-06 17:00:00.000 UTC,0.433606,0.432102,0.432216,0.432694
2024-02-06 16:00:00.000 UTC,0.434705,0.431786,0.432533,0.432184
2024-02-06 15:00:00.000 UTC,0.433158,0.429567,0.430132,0.433158
2024-02-06 14:00:00.000 UTC,0.431403,0.429258,0.429933,0.430839
2024-02-06 13:00:00.000 UTC,0.431992,0.428165,0.429558,0.430334
2024-02-06 12:00:00.000 UTC,0.430923,0.428043,0.429748,0.428043
2024-02-06 11:00:00.000 UTC,0.43081,0.429411,0.430703,0.430076
2024-02-06 10:00:00.000 UTC,0.434933,0.430336,0.434933,0.430449
2024-02-06 09:00:00.000 UTC,0.434908,0.4342,0.434522,0.434568
2024-02-06 08:00:00.000 UTC,0.434611,0.431277,0.431917,0.434611
2024-02-06 07:00:00.000 UTC,0.431723,0.430129,0.430663,0.431018
2024-02-06 06:00:00.000 UTC,0.43126,0.429943,0.43126,0.430767
2024-02-06 05:00:00.000 UTC,0.431942,0.429819,0.431942,0.430859
2024-02-06 04:00:00.000 UTC,0.433196,0.431087,0.432568,0.432035
2024-02-06 03:00:00.000 UTC,0.433993,0.431965,0.433276,0.432499
2024-02-06 02:00:00.000 UTC,0.433019,0.429547,0.429939,0.432886
2024-02-06 01:00:00.000 UTC,0.431085,0.427543,0.428922,0.429832
2024-02-06 00:00:00.000 UTC,0.43144,0.428366,0.43144,0.428366
2024-02-05 23:00:00.000 UTC,0.431598,0.42901,0.429856,0.431041
2024-02-05 22:00:00.000 UTC,0.431471,0.428395,0.430718,0.430213
2024-02-05 21:00:00.000 UTC,0.432763,0.430122,0.432763,0.430611
2024-02-05 20:00:00.000 UTC,0.432656,0.428879,0.432656,0.432305
2024-02-05 19:00:00.000 UTC,0.433925,0.431158,0.431158,0.43301
2024-02-05 18:00:00.000 UTC,0.431003,0.429692,0.43032,0.43092
2024-02-05 17:00:00.000 UTC,0.431468,0.429769,0.430493,0.430219
2024-02-05 16:00:00.000 UTC,0.430286,0.427849,0.428308,0.429464
2024-02-05 15:00:00.000 UTC,0.43498,0.429317,0.43498,0.429317
2024-02-05 14:00:00.000 UTC,0.436912,0.435083,0.435479,0.435083
2024-02-05 13:00:00.000 UTC,0.437405,0.434468,0.434785,0.436018
2024-02-05 12:00:00.000 UTC,0.435048,0.433427,0.433909,0.435048
2024-02-05 11:00:00.000 UTC,0.433342,0.431621,0.432216,0.433342
2024-02-05 10:00:00.000 UTC,0.432713,0.430276,0.430276,0.432139
2024-02-05 09:00:00.000 UTC,0.431305,0.429663,0.430751,0.429792
2024-02-05 08:00:00.000 UTC,0.431215,0.430336,0.430702,0.430793
2024-02-05 07:00:00.000 UTC,0.43151,0.428906,0.429241,0.43151
2024-02-05 06:00:00.000 UTC,0.429151,0.428044,0.428044,0.428844
2024-02-05 05:00:00.000 UTC,0.428217,0.426922,0.428137,0.428217
2024-02-05 04:00:00.000 UTC,0.429465,0.427037,0.427108,0.428055
2024-02-05 03:00:00.000 UTC,0.426667,0.422909,0.422909,0.426667
2024-02-05 02:00:00.000 UTC,0.423711,0.422544,0.422865,0.423454
2024-02-05 01:00:00.000 UTC,0.424918,0.419754,0.424918,0.422263
2024-02-05 00:00:00.000 UTC,0.428776,0.425033,0.428135,0.425445
2024-02-04 23:00:00.000 UTC,0.4298,0.427874,0.429779,0.42851
2024-02-04 22:00:00.000 UTC,0.433642,0.428731,0.432648,0.430204
2024-02-04 21:00:00.000 UTC,0.434424,0.432832,0.433481,0.432929
2024-02-04 20:00:00.000 UTC,0.433149,0.430588,0.431976,0.433149
2024-02-04 19:00:00.000 UTC,0.432885,0.430794,0.432885,0.431382
2024-02-04 18:00:00.000 UTC,0.434837,0.432765,0.434837,0.432765
2024-02-04 17:00:00.000 UTC,0.435089,0.432896,0.43413,0.434676
2024-02-04 16:00:00.000 UTC,0.435267,0.434035,0.435267,0.434035
2024-02-04 15:00:00.000 UTC,0.435521,0.434423,0.434686,0.435521
2024-02-04 14:00:00.000 UTC,0.436285,0.434556,0.434844,0.434966
2024-02-04 13:00:00.000 UTC,0.435131,0.434372,0.435009,0.434372
2024-02-04 12:00:00.000 UTC,0.436121,0.435006,0.43542,0.435326
2024-02-04 11:00:00.000 UTC,0.435428,0.433325,0.433422,0.435427
2024-02-04 10:00:00.000 UTC,0.434569,0.433112,0.434569,0.433178
2024-02-04 09:00:00.000 UTC,0.435842,0.431855,0.433705,0.434848
2024-02-04 08:00:00.000 UTC,0.434021,0.43322,0.433413,0.43351
2024-02-04 07:00:00.000 UTC,0.434442,0.431918,0.433617,0.432808
2024-02-04 06:00:00.000 UTC,0.435767,0.433091,0.435619,0.433862
2024-02-04 05:00:00.000 UTC,0.436093,0.434459,0.435505,0.435572
2024-02-04 04:00:00.000 UTC,0.438351,0.435212,0.438351,0.436106
2024-02-04 03:00:00.000 UTC,0.438666,0.437195,0.437369,0.438666
2024-02-04 02:00:00.000 UTC,0.438431,0.437566,0.438096,0.437832
2024-02-04 01:00:00.000 UTC,0.438695,0.436506,0.437164,0.438695
2024-02-04 00:00:00.000 UTC,0.439551,0.434872,0.439038,0.436935
2024-02-03 23:00:00.000 UTC,0.441787,0.43937,0.440547,0.439435
2024-02-03 22:00:00.000 UTC,0.441879,0.440841,0.441655,0.441181
2024-02-03 21:00:00.000 UTC,0.443998,0.44138,0.443267,0.441552
2024-02-03 20:00:00.000 UTC,0.443921,0.441708,0.44275,0.443513
2024-02-03 19:00:00.000 UTC,0.443295,0.441946,0.442169,0.443163
2024-02-03 18:00:00.000 UTC,0.444039,0.441757,0.443669,0.442305
2024-02-03 17:00:00.000 UTC,0.4438,0.441506,0.441584,0.4438
2024-02-03 16:00:00.000 UTC,0.441803,0.440995,0.441045,0.440995
2024-02-03 15:00:00.000 UTC,0.4423,0.438172,0.440336,0.441357
2024-02-03 14:00:00.000 UTC,0.441226,0.439857,0.441226,0.439929
2024-02-03 13:00:00.000 UTC,0.442302,0.440834,0.442302,0.441099
2024-02-03 12:00:00.000 UTC,0.442568,0.441313,0.441938,0.442461
2024-02-03 11:00:00.000 UTC,0.443013,0.441,0.442842,0.442007
2024-02-03 10:00:00.000 UTC,0.442904,0.441713,0.441819,0.442556
2024-02-03 09:00:00.000 UTC,0.442557,0.439327,0.439327,0.442025
2024-02-03 08:00:00.000 UTC,0.440829,0.439679,0.439679,0.439903
2024-02-03 07:00:00.000 UTC,0.442384,0.439455,0.442273,0.43949
2024-02-03 06:00:00.000 UTC,0.443694,0.441999,0.443583,0.442522
2024-02-03 05:00:00.000 UTC,0.443458,0.442128,0.442731,0.443458
2024-02-03 04:00:00.000 UTC,0.44328,0.442402,0.443193,0.442571
2024-02-03 03:00:00.000 UTC,0.44397,0.442604,0.443534,0.44329
2024-02-03 02:00:00.000 UTC,0.446679,0.443543,0.446679,0.443543
2024-02-03 01:00:00.000 UTC,0.447569,0.445992,0.44632,0.445992
2024-02-03 00:00:00.000 UTC,0.448158,0.443165,0.443392,0.446854
2024-02-02 23:00:00.000 UTC,0.445415,0.443116,0.445303,0.443116
2024-02-02 22:00:00.000 UTC,0.445107,0.443606,0.443894,0.444666
2024-02-02 21:00:00.000 UTC,0.444452,0.442895,0.442895,0.44385
2024-02-02 20:00:00.000 UTC,0.44473,0.4429,0.444311,0.4429
2024-02-02 19:00:00.000 UTC,0.44511,0.44333,0.443448,0.443894
2024-02-02 18:00:00.000 UTC,0.444041,0.442756,0.443252,0.443139
2024-02-02 17:00:00.000 UTC,0.446643,0.443372,0.446398,0.443372
2024-02-02 16:00:00.000 UTC,0.448693,0.445786,0.446776,0.446582
2024-02-02 15:00:00.000 UTC,0.446032,0.439133,0.439133,0.446032
2024-02-02 14:00:00.000 UTC,0.439905,0.436897,0.437086,0.439399
2024-02-02 13:00:00.000 UTC,0.442958,0.437446,0.442841,0.437446
2024-02-02 12:00:00.000 UTC,0.445116,0.442341,0.444057,0.442341
2024-02-02 11:00:00.000 UTC,0.444711,0.442912,0.443492,0.443848
2024-02-02 10:00:00.000 UTC,0.443551,0.44027,0.440966,0.443551
2024-02-02 09:00:00.000 UTC,0.441617,0.439282,0.44118,0.441386
2024-02-02 08:00:00.000 UTC,0.443539,0.440421,0.443539,0.440752
2024-02-02 07:00:00.000 UTC,0.443656,0.441559,0.441996,0.443656
2024-02-02 06:00:00.000 UTC,0.442187,0.441148,0.441884,0.441914
2024-02-02 05:00:00.000 UTC,0.442121,0.440281,0.44122,0.442121
2024-02-02 04:00:00.000 UTC,0.442382,0.440699,0.442382,0.440955
2024-02-02 03:00:00.000 UTC,0.443415,0.442385,0.443116,0.442407
2024-02-02 02:00:00.000 UTC,0.443402,0.440892,0.442897,0.443402
2024-02-02 01:00:00.000 UTC,0.444626,0.442894,0.443352,0.442894
2024-02-02 00:00:00.000 UTC,0.443965,0.439359,0.440871,0.443784
2024-02-01 23:00:00.000 UTC,0.440957,0.43905,0.43905,0.440957
2024-02-01 22:00:00.000 UTC,0.441122,0.438296,0.441122,0.438296
2024-02-01 21:00:00.000 UTC,0.441256,0.438178,0.438178,0.440933
2024-02-01 20:00:00.000 UTC,0.439492,0.438419,0.439329,0.438792
2024-02-01 19:00:00.000 UTC,0.440479,0.436627,0.436676,0.440479
2024-02-01 18:00:00.000 UTC,0.438407,0.435689,0.438407,0.436102
2024-02-01 17:00:00.000 UTC,0.439879,0.436444,0.436444,0.437906
2024-02-01 16:00:00.000 UTC,0.436386,0.432988,0.436216,0.436346
2024-02-01 15:00:00.000 UTC,0.439431,0.437033,0.437349,0.437435
2024-02-01 14:00:00.000 UTC,0.437442,0.433682,0.433749,0.436773
2024-02-01 13:00:00.000 UTC,0.434687,0.431889,0.434078,0.4334
2024-02-01 12:00:00.000 UTC,0.434764,0.432209,0.43249,0.43359
2024-02-01 11:00:00.000 UTC,0.434776,0.432308,0.43465,0.432308
2024-02-01 10:00:00.000 UTC,0.436845,0.434238,0.434442,0.434679
2024-02-01 09:00:00.000 UTC,0.436767,0.434491,0.435899,0.434895
2024-02-01 08:00:00.000 UTC,0.435959,0.434355,0.434642,0.435881
2024-02-01 07:00:00.000 UTC,0.436537,0.43275,0.433216,0.436236
2024-02-01 06:00:00.000 UTC,0.433415,0.430647,0.433334,0.433198
2024-02-01 05:00:00.000 UTC,0.434975,0.431784,0.434554,0.433025
2024-02-01 04:00:00.000 UTC,0.435272,0.433159,0.433349,0.435003
2024-02-01 03:00:00.000 UTC,0.434975,0.432,0.433004,0.434042
2024-02-01 02:00:00.000 UTC,0.433311,0.428781,0.428781,0.433311
2024-02-01 01:00:00.000 UTC,0.438752,0.427531,0.438752,0.427531
2024-02-01 00:00:00.000 UTC,0.440007,0.436466,0.437166,0.438769
2024-01-31 23:00:00.000 UTC,0.440326,0.437302,0.440326,0.437808
2024-01-31 22:00:00.000 UTC,0.441459,0.437766,0.43998,0.441459
2024-01-31 21:00:00.000 UTC,0.446966,0.439144,0.444244,0.439144
2024-01-31 20:00:00.000 UTC,0.449925,0.444703,0.449237,0.445201
2024-01-31 19:00:00.000 UTC,0.450811,0.445564,0.448845,0.449657
2024-01-31 18:00:00.000 UTC,0.450077,0.448067,0.449035,0.448702
2024-01-31 17:00:00.000 UTC,0.448972,0.446624,0.448167,0.448763
2024-01-31 16:00:00.000 UTC,0.448566,0.445902,0.44594,0.448371
2024-01-31 15:00:00.000 UTC,0.446403,0.436248,0.441234,0.445358
2024-01-31 14:00:00.000 UTC,0.442897,0.438815,0.441726,0.441697
2024-01-31 13:00:00.000 UTC,0.444493,0.441894,0.443927,0.441895
2024-01-31 12:00:00.000 UTC,0.445124,0.443051,0.443747,0.443731
2024-01-31 11:00:00.000 UTC,0.443744,0.439686,0.439686,0.443744
2024-01-31 10:00:00.000 UTC,0.443731,0.439598,0.443252,0.440457
2024-01-31 09:00:00.000 UTC,0.449203,0.443905,0.449203,0.445001
2024-01-31 08:00:00.000 UTC,0.450737,0.448613,0.450737,0.449098
2024-01-31 07:00:00.000 UTC,0.45158,0.450148,0.450317,0.450494
2024-01-31 06:00:00.000 UTC,0.452501,0.449921,0.452501,0.44995
2024-01-31 05:00:00.000 UTC,0.454033,0.451712,0.454033,0.452656
2024-01-31 04:00:00.000 UTC,0.453468,0.452395,0.452684,0.453425
2024-01-31 03:00:00.000 UTC,0.453578,0.45248,0.452759,0.453437
2024-01-31 02:00:00.000 UTC,0.452108,0.449729,0.45046,0.452108
2024-01-31 01:00:00.000 UTC,0.45266,0.448674,0.451068,0.450056
2024-01-31 00:00:00.000 UTC,0.455513,0.448106,0.455104,0.451356
2024-01-30 23:00:00.000 UTC,0.460408,0.454219,0.459617,0.454538
2024-01-30 22:00:00.000 UTC,0.463119,0.460483,0.463119,0.46134
2024-01-30 21:00:00.000 UTC,0.465137,0.462414,0.465137,0.462414
2024-01-30 20:00:00.000 UTC,0.466602,0.464877,0.465732,0.465649
2024-01-30 19:00:00.000 UTC,0.465676,0.464092,0.465435,0.464956
2024-01-30 18:00:00.000 UTC,0.466155,0.463967,0.466054,0.465423
2024-01-30 17:00:00.000 UTC,0.468034,0.465137,0.467347,0.465959
2024-01-30 16:00:00.000 UTC,0.467842,0.463856,0.464029,0.467842
2024-01-30 15:00:00.000 UTC,0.464772,0.459279,0.460238,0.464543
2024-01-30 14:00:00.000 UTC,0.460206,0.457657,0.45977,0.459606
2024-01-30 13:00:00.000 UTC,0.461533,0.457047,0.460159,0.459385
2024-01-30 12:00:00.000 UTC,0.467957,0.459161,0.466967,0.459161
2024-01-30 11:00:00.000 UTC,0.466901,0.462824,0.464464,0.466752
2024-01-30 10:00:00.000 UTC,0.464267,0.462249,0.462249,0.464183
2024-01-30 09:00:00.000 UTC,0.464565,0.462815,0.463823,0.462815
2024-01-30 08:00:00.000 UTC,0.465532,0.462137,0.462713,0.463603
2024-01-30 07:00:00.000 UTC,0.465003,0.462927,0.463833,0.462927
2024-01-30 06:00:00.000 UTC,0.463306,0.460468,0.462662,0.46317
2024-01-30 05:00:00.000 UTC,0.463655,0.461979,0.463091,0.463517
2024-01-30 04:00:00.000 UTC,0.464129,0.461923,0.463384,0.462958
2024-01-30 03:00:00.000 UTC,0.464838,0.462388,0.464786,0.463208
2024-01-30 02:00:00.000 UTC,0.467205,0.464193,0.464193,0.465134
2024-01-30 01:00:00.000 UTC,0.46825,0.461734,0.461734,0.463292
2024-01-30 00:00:00.000 UTC,0.464551,0.460469,0.464551,0.461533
2024-01-29 23:00:00.000 UTC,0.464787,0.463688,0.464733,0.46426
2024-01-29 22:00:00.000 UTC,0.465675,0.464415,0.464698,0.464415
2024-01-29 21:00:00.000 UTC,0.465498,0.464143,0.464851,0.464319
2024-01-29 20:00:00.000 UTC,0.464541,0.462246,0.462379,0.464541
2024-01-29 19:00:00.000 UTC,0.465055,0.462861,0.462861,0.463173
2024-01-29 18:00:00.000 UTC,0.464296,0.461653,0.462355,0.46186
2024-01-29 17:00:00.000 UTC,0.465072,0.461778,0.463948,0.461778
2024-01-29 16:00:00.000 UTC,0.464283,0.455013,0.455827,0.464283
2024-01-29 15:00:00.000 UTC,0.454492,0.445319,0.445632,0.454492
2024-01-29 14:00:00.000 UTC,0.449348,0.444832,0.447521,0.444832
2024-01-29 13:00:00.000 UTC,0.453339,0.447746,0.453279,0.447746
2024-01-29 12:00:00.000 UTC,0.455882,0.452935,0.454691,0.45306
2024-01-29 11:00:00.000 UTC,0.455416,0.453986,0.455399,0.453986
2024-01-29 10:00:00.000 UTC,0.455997,0.453809,0.455293,0.455455
2024-01-29 09:00:00.000 UTC,0.455217,0.450671,0.453308,0.454845
2024-01-29 08:00:00.000 UTC,0.453698,0.450535,0.452223,0.453698
2024-01-29 07:00:00.000 UTC,0.455167,0.452244,0.45407,0.452244
2024-01-29 06:00:00.000 UTC,0.455174,0.453645,0.453645,0.454073
2024-01-29 05:00:00.000 UTC,0.456347,0.454119,0.455562,0.454119
2024-01-29 04:00:00.000 UTC,0.455514,0.453747,0.454616,0.455514
2024-01-29 03:00:00.000 UTC,0.455683,0.453389,0.453389,0.455674
2024-01-29 02:00:00.000 UTC,0.454417,0.451745,0.451745,0.453955
2024-01-29 01:00:00.000 UTC,0.453923,0.449153,0.449153,0.451234
2024-01-29 00:00:00.000 UTC,0.450621,0.448113,0.450621,0.448806
2024-01-28 23:00:00.000 UTC,0.451374,0.448816,0.449672,0.450647
2024-01-28 22:00:00.000 UTC,0.454012,0.448578,0.454012,0.448632
2024-01-28 21:00:00.000 UTC,0.454077,0.451426,0.452681,0.454077
2024-01-28 20:00:00.000 UTC,0.452304,0.448165,0.450052,0.452304
2024-01-28 19:00:00.000 UTC,0.453059,0.448354,0.451922,0.45064
2024-01-28 18:00:00.000 UTC,0.455192,0.451631,0.454655,0.451709
2024-01-28 17:00:00.000 UTC,0.457761,0.453221,0.457761,0.454337
2024-01-28 16:00:00.000 UTC,0.458106,0.456065,0.457022,0.457967
2024-01-28 15:00:00.000 UTC,0.45792,0.455878,0.455878,0.457123
2024-01-28 14:00:00.000 UTC,0.460299,0.456774,0.459336,0.456774
2024-01-28 13:00:00.000 UTC,0.459924,0.457219,0.45874,0.459485
2024-01-28 12:00:00.000 UTC,0.461412,0.456125,0.461412,0.457522
2024-01-28 11:00:00.000 UTC,0.463535,0.459784,0.462755,0.460986
2024-01-28 10:00:00.000 UTC,0.464417,0.462374,0.462614,0.463586
2024-01-28 09:00:00.000 UTC,0.463931,0.462341,0.463582,0.462993
2024-01-28 08:00:00.000 UTC,0.465146,0.460757,0.461639,0.463317
2024-01-28 07:00:00.000 UTC,0.464985,0.461534,0.464203,0.461534
2024-01-28 06:00:00.000 UTC,0.465743,0.462798,0.465743,0.462798
2024-01-28 05:00:00.000 UTC,0.466706,0.464176,0.466513,0.465339
2024-01-28 04:00:00.000 UTC,0.468441,0.464528,0.468441,0.465417
2024-01-28 03:00:00.000 UTC,0.467222,0.462096,0.46214,0.467222
2024-01-28 02:00:00.000 UTC,0.46679,0.462087,0.46679,0.462281
2024-01-28 01:00:00.000 UTC,0.469404,0.464033,0.464642,0.466608
2024-01-28 00:00:00.000 UTC,0.464378,0.455024,0.455024,0.464378
2024-01-27 23:00:00.000 UTC,0.456615,0.454621,0.456615,0.454993
2024-01-27 22:00:00.000 UTC,0.457137,0.455736,0.457091,0.456511
2024-01-27 21:00:00.000 UTC,0.45699,0.456282,0.456282,0.456794
2024-01-27 20:00:00.000 UTC,0.45711,0.455836,0.456384,0.456195
2024-01-27 19:00:00.000 UTC,0.456508,0.453881,0.453881,0.456508
2024-01-27 18:00:00.000 UTC,0.454342,0.452666,0.452666,0.454139
2024-01-27 17:00:00.000 UTC,0.453949,0.452845,0.452978,0.453131
2024-01-27 16:00:00.000 UTC,0.454656,0.452942,0.452942,0.453362
2024-01-27 15:00:00.000 UTC,0.453765,0.451943,0.452599,0.453351
2024-01-27 14:00:00.000 UTC,0.45326,0.451077,0.451524,0.452982
2024-01-27 13:00:00.000 UTC,0.452942,0.451278,0.452382,0.45167
2024-01-27 12:00:00.000 UTC,0.452896,0.450917,0.451001,0.452403
2024-01-27 11:00:00.000 UTC,0.451118,0.450368,0.450368,0.451118
2024-01-27 10:00:00.000 UTC,0.451644,0.450305,0.451002,0.451296
2024-01-27 09:00:00.000 UTC,0.451094,0.446749,0.446749,0.451094
2024-01-27 08:00:00.000 UTC,0.449422,0.447746,0.449298,0.449422
2024-01-27 07:00:00.000 UTC,0.450057,0.447036,0.449804,0.448833
2024-01-27 06:00:00.000 UTC,0.451757,0.449606,0.449688,0.44965
2024-01-27 05:00:00.000 UTC,0.454269,0.449091,0.45414,0.449091
2024-01-27 04:00:00.000 UTC,0.454792,0.454178,0.454784,0.454561
2024-01-27 03:00:00.000 UTC,0.455613,0.45443,0.454952,0.454991
2024-01-27 02:00:00.000 UTC,0.455376,0.453637,0.453637,0.45494
2024-01-27 01:00:00.000 UTC,0.455007,0.452843,0.453966,0.452843
2024-01-27 00:00:00.000 UTC,0.455247,0.452145,0.453375,0.452864
2024-01-26 23:00:00.000 UTC,0.454782,0.452845,0.454206,0.453286
2024-01-26 22:00:00.000 UTC,0.454632,0.450308,0.451999,0.454632
2024-01-26 21:00:00.000 UTC,0.452635,0.450297,0.451642,0.45176
2024-01-26 20:00:00.000 UTC,0.455017,0.449959,0.453454,0.449959
2024-01-26 19:00:00.000 UTC,0.455371,0.453458,0.455371,0.454064
2024-01-26 18:00:00.000 UTC,0.45605,0.453859,0.453999,0.455074
2024-01-26 17:00:00.000 UTC,0.454992,0.452742,0.454827,0.45419
2024-01-26 16:00:00.000 UTC,0.454429,0.451548,0.451548,0.454429
2024-01-26 15:00:00.000 UTC,0.451243,0.449617,0.450439,0.451243
2024-01-26 14:00:00.000 UTC,0.449909,0.446408,0.446414,0.449909
2024-01-26 13:00:00.000 UTC,0.449303,0.445355,0.447703,0.445355
2024-01-26 12:00:00.000 UTC,0.451075,0.447416,0.449714,0.447416
2024-01-26 11:00:00.000 UTC,0.450923,0.446143,0.446143,0.449672
2024-01-26 10:00:00.000 UTC,0.445518,0.439746,0.440219,0.445371
2024-01-26 09:00:00.000 UTC,0.442721,0.438671,0.438671,0.441574
2024-01-26 08:00:00.000 UTC,0.439466,0.436472,0.436472,0.438885
2024-01-26 07:00:00.000 UTC,0.438171,0.43623,0.437948,0.43623
2024-01-26 06:00:00.000 UTC,0.441017,0.437536,0.44019,0.437536
2024-01-26 05:00:00.000 UTC,0.440762,0.439679,0.440563,0.44062
2024-01-26 04:00:00.000 UTC,0.441858,0.440308,0.440308,0.441114
2024-01-26 03:00:00.000 UTC,0.442096,0.440382,0.441595,0.440965
2024-01-26 02:00:00.000 UTC,0.443379,0.438201,0.438201,0.44138
2024-01-26 01:00:00.000 UTC,0.438137,0.435086,0.436738,0.437683
2024-01-26 00:00:00.000 UTC,0.438401,0.434248,0.438401,0.437428
2024-01-25 23:00:00.000 UTC,0.440419,0.438279,0.439829,0.438599
2024-01-25 22:00:00.000 UTC,0.439972,0.438498,0.439972,0.439797
2024-01-25 21:00:00.000 UTC,0.44055,0.437938,0.437938,0.439985
2024-01-25 20:00:00.000 UTC,0.440507,0.437121,0.440507,0.437619
2024-01-25 19:00:00.000 UTC,0.441159,0.43612,0.437063,0.439822
2024-01-25 18:00:00.000 UTC,0.439736,0.434947,0.434947,0.43727
2024-01-25 17:00:00.000 UTC,0.43495,0.43054,0.431939,0.434906
2024-01-25 16:00:00.000 UTC,0.434434,0.432375,0.433541,0.433874
2024-01-25 15:00:00.000 UTC,0.436079,0.431412,0.436079,0.431412
2024-01-25 14:00:00.000 UTC,0.437605,0.434352,0.434918,0.435787
2024-01-25 13:00:00.000 UTC,0.435017,0.433476,0.433965,0.433656
2024-01-25 12:00:00.000 UTC,0.440701,0.432297,0.440208,0.432297
2024-01-25 11:00:00.000 UTC,0.442158,0.439129,0.440238,0.439895
2024-01-25 10:00:00.000 UTC,0.439425,0.43504,0.43769,0.439425
2024-01-25 09:00:00.000 UTC,0.440293,0.438474,0.439419,0.439227
2024-01-25 08:00:00.000 UTC,0.441022,0.438453,0.440407,0.438736
2024-01-25 07:00:00.000 UTC,0.440444,0.438733,0.439993,0.440127
2024-01-25 06:00:00.000 UTC,0.439333,0.435417,0.436797,0.439333
2024-01-25 05:00:00.000 UTC,0.437013,0.434013,0.436662,0.43601
2024-01-25 04:00:00.000 UTC,0.440269,0.43681,0.43922,0.43681
2024-01-25 03:00:00.000 UTC,0.440045,0.437844,0.437844,0.438742
2024-01-25 02:00:00.000 UTC,0.440753,0.437842,0.439639,0.437842
2024-01-25 01:00:00.000 UTC,0.443826,0.439227,0.443826,0.439227
2024-01-25 00:00:00.000 UTC,0.445488,0.441786,0.445488,0.443161
2024-01-24 23:00:00.000 UTC,0.446216,0.442856,0.442856,0.445809
2024-01-24 22:00:00.000 UTC,0.443071,0.440885,0.441095,0.442889
2024-01-24 21:00:00.000 UTC,0.441785,0.439497,0.439497,0.441098
2024-01-24 20:00:00.000 UTC,0.44296,0.438663,0.441325,0.438881
2024-01-24 19:00:00.000 UTC,0.441259,0.439739,0.440464,0.440489
2024-01-24 18:00:00.000 UTC,0.444729,0.438355,0.444714,0.440849
2024-01-24 17:00:00.000 UTC,0.446545,0.443808,0.446545,0.444639
2024-01-24 16:00:00.000 UTC,0.445346,0.441167,0.442939,0.445346
2024-01-24 15:00:00.000 UTC,0.442978,0.439026,0.439553,0.442978
2024-01-24 14:00:00.000 UTC,0.442899,0.438317,0.439161,0.439827
2024-01-24 13:00:00.000 UTC,0.442177,0.438097,0.441939,0.438817
2024-01-24 12:00:00.000 UTC,0.44599,0.443961,0.444025,0.443961
2024-01-24 11:00:00.000 UTC,0.446964,0.442768,0.446964,0.443453
2024-01-24 10:00:00.000 UTC,0.448385,0.443061,0.443481,0.44693
2024-01-24 09:00:00.000 UTC,0.443623,0.441478,0.441478,0.442881
2024-01-24 08:00:00.000 UTC,0.442542,0.439662,0.439662,0.441461
2024-01-24 07:00:00.000 UTC,0.442144,0.437963,0.438736,0.438981
2024-01-24 06:00:00.000 UTC,0.438297,0.434558,0.435963,0.438041
2024-01-24 05:00:00.000 UTC,0.436861,0.433063,0.433063,0.435928
2024-01-24 04:00:00.000 UTC,0.436095,0.433352,0.433998,0.433585
2024-01-24 03:00:00.000 UTC,0.434904,0.433097,0.434904,0.433948
2024-01-24 02:00:00.000 UTC,0.436919,0.433851,0.435601,0.433851
2024-01-24 01:00:00.000 UTC,0.442022,0.436104,0.442022,0.436104
2024-01-24 00:00:00.000 UTC,0.44279,0.4379,0.44109,0.44279
2024-01-23 23:00:00.000 UTC,0.440542,0.435329,0.435329,0.440542
2024-01-23 22:00:00.000 UTC,0.435961,0.429765,0.429765,0.435702
2024-01-23 21:00:00.000 UTC,0.428518,0.426283,0.42704,0.42797
2024-01-23 20:00:00.000 UTC,0.42988,0.426767,0.427004,0.428146
2024-01-23 19:00:00.000 UTC,0.429362,0.427224,0.428138,0.427224
2024-01-23 18:00:00.000 UTC,0.433393,0.42908,0.431065,0.430028
2024-01-23 17:00:00.000 UTC,0.43334,0.429845,0.430996,0.431095
2024-01-23 16:00:00.000 UTC,0.431029,0.427071,0.431029,0.429597
2024-01-23 15:00:00.000 UTC,0.432677,0.42713,0.42713,0.430826
2024-01-23 14:00:00.000 UTC,0.42569,0.418683,0.421701,0.42569
2024-01-23 13:00:00.000 UTC,0.427732,0.423045,0.427732,0.423045
2024-01-23 12:00:00.000 UTC,0.428554,0.423927,0.426004,0.425793
2024-01-23 11:00:00.000 UTC,0.428532,0.424469,0.427273,0.424469
2024-01-23 10:00:00.000 UTC,0.431895,0.42599,0.42599,0.427558
2024-01-23 09:00:00.000 UTC,0.43722,0.423897,0.43722,0.429081
2024-01-23 08:00:00.000 UTC,0.448465,0.435181,0.447515,0.436839
2024-01-23 07:00:00.000 UTC,0.456487,0.445892,0.456487,0.445892
2024-01-23 06:00:00.000 UTC,0.459351,0.455512,0.45922,0.455512
2024-01-23 05:00:00.000 UTC,0.460103,0.458081,0.459489,0.459435
2024-01-23 04:00:00.000 UTC,0.461347,0.458451,0.458451,0.458826
2024-01-23 03:00:00.000 UTC,0.460577,0.458853,0.460429,0.459202
2024-01-23 02:00:00.000 UTC,0.460364,0.455385,0.455385,0.460364
2024-01-23 01:00:00.000 UTC,0.45712,0.453304,0.455498,0.45461
2024-01-23 00:00:00.000 UTC,0.456572,0.451592,0.453837,0.454883
2024-01-22 23:00:00.000 UTC,0.457623,0.452801,0.456869,0.453619
2024-01-22 22:00:00.000 UTC,0.463216,0.455678,0.462207,0.457279
2024-01-22 21:00:00.000 UTC,0.464311,0.461132,0.464147,0.462988
2024-01-22 20:00:00.000 UTC,0.467141,0.457062,0.457062,0.465576
2024-01-22 19:00:00.000 UTC,0.467199,0.452952,0.464923,0.457191
2024-01-22 18:00:00.000 UTC,0.466436,0.461656,0.464012,0.466436
2024-01-22 17:00:00.000 UTC,0.465273,0.461019,0.461019,0.464663
2024-01-22 16:00:00.000 UTC,0.466294,0.461103,0.464996,0.462215
2024-01-22 15:00:00.000 UTC,0.465799,0.459186,0.465101,0.465799
2024-01-22 14:00:00.000 UTC,0.469859,0.461808,0.469375,0.464067
2024-01-22 13:00:00.000 UTC,0.472635,0.467112,0.467112,0.469638
2024-01-22 12:00:00.000 UTC,0.468148,0.46517,0.468148,0.467202
2024-01-22 11:00:00.000 UTC,0.46888,0.46643,0.466939,0.467478
2024-01-22 10:00:00.000 UTC,0.468741,0.462116,0.467794,0.466195
2024-01-22 09:00:00.000 UTC,0.473306,0.467743,0.470912,0.467743
2024-01-22 08:00:00.000 UTC,0.475073,0.467333,0.475073,0.470449
2024-01-22 07:00:00.000 UTC,0.478107,0.476546,0.478057,0.476546
2024-01-22 06:00:00.000 UTC,0.480244,0.476475,0.47776,0.478378
2024-01-22 05:00:00.000 UTC,0.47765,0.471186,0.472014,0.47761
2024-01-22 04:00:00.000 UTC,0.476288,0.472759,0.476288,0.472759
2024-01-22 03:00:00.000 UTC,0.47732,0.475501,0.477066,0.476437
2024-01-22 02:00:00.000 UTC,0.481302,0.476402,0.479681,0.476402
2024-01-22 01:00:00.000 UTC,0.488141,0.480245,0.487044,0.480263
2024-01-22 00:00:00.000 UTC,0.487538,0.484015,0.486119,0.487538
2024-01-21 23:00:00.000 UTC,0.489177,0.485932,0.487819,0.485932
2024-01-21 22:00:00.000 UTC,0.491767,0.488126,0.491767,0.488126
2024-01-21 21:00:00.000 UTC,0.490874,0.48918,0.490228,0.490863
2024-01-21 20:00:00.000 UTC,0.493525,0.489043,0.493507,0.489043
2024-01-21 19:00:00.000 UTC,0.495633,0.492356,0.494894,0.492772
2024-01-21 18:00:00.000 UTC,0.497405,0.491906,0.492305,0.495322
2024-01-21 17:00:00.000 UTC,0.493029,0.490299,0.490299,0.492799
2024-01-21 16:00:00.000 UTC,0.492836,0.489434,0.491533,0.491117
2024-01-21 15:00:00.000 UTC,0.495824,0.489537,0.49498,0.491012
2024-01-21 14:00:00.000 UTC,0.496089,0.493519,0.495535,0.495635
2024-01-21 13:00:00.000 UTC,0.495273,0.493361,0.493361,0.495273
2024-01-21 12:00:00.000 UTC,0.495781,0.493226,0.494212,0.493226
2024-01-21 11:00:00.000 UTC,0.49707,0.492604,0.495293,0.492604
2024-01-21 10:00:00.000 UTC,0.495619,0.49346,0.494513,0.495619
2024-01-21 09:00:00.000 UTC,0.493812,0.492027,0.492587,0.493812
2024-01-21 08:00:00.000 UTC,0.494227,0.491359,0.491379,0.49325
2024-01-21 07:00:00.000 UTC,0.492448,0.489557,0.49025,0.491649
2024-01-21 06:00:00.000 UTC,0.492183,0.490007,0.492137,0.490402
2024-01-21 05:00:00.000 UTC,0.493495,0.492059,0.493263,0.492063
2024-01-21 04:00:00.000 UTC,0.494645,0.492135,0.494645,0.493052
2024-01-21 03:00:00.000 UTC,0.495729,0.491813,0.491813,0.494783
2024-01-21 02:00:00.000 UTC,0.491687,0.488332,0.488332,0.491687
2024-01-21 01:00:00.000 UTC,0.490278,0.485563,0.485563,0.488347
2024-01-21 00:00:00.000 UTC,0.488353,0.48549,0.488353,0.486825
2024-01-20 23:00:00.000 UTC,0.490281,0.487993,0.490217,0.487993
2024-01-20 22:00:00.000 UTC,0.490157,0.488755,0.488755,0.489719
2024-01-20 21:00:00.000 UTC,0.489067,0.486515,0.486515,0.488443
2024-01-20 20:00:00.000 UTC,0.487766,0.484865,0.485125,0.486915
2024-01-20 19:00:00.000 UTC,0.485144,0.483024,0.483024,0.484943
2024-01-20 18:00:00.000 UTC,0.484951,0.482632,0.484951,0.483408
2024-01-20 17:00:00.000 UTC,0.48505,0.482028,0.482627,0.483281
2024-01-20 16:00:00.000 UTC,0.485571,0.48329,0.483724,0.483454
2024-01-20 15:00:00.000 UTC,0.486079,0.481265,0.483454,0.484963
2024-01-20 14:00:00.000 UTC,0.484579,0.481724,0.484579,0.483567
2024-01-20 13:00:00.000 UTC,0.487982,0.48426,0.484718,0.48426
2024-01-20 12:00:00.000 UTC,0.485446,0.482878,0.484169,0.484734
2024-01-20 11:00:00.000 UTC,0.484114,0.481149,0.4827,0.484049
2024-01-20 10:00:00.000 UTC,0.484298,0.479258,0.479258,0.483161
2024-01-20 09:00:00.000 UTC,0.484687,0.47911,0.484411,0.47911
2024-01-20 08:00:00.000 UTC,0.485555,0.482575,0.485301,0.484398
2024-01-20 07:00:00.000 UTC,0.488388,0.48638,0.487593,0.48638
2024-01-20 06:00:00.000 UTC,0.489888,0.487318,0.488585,0.488146
2024-01-20 05:00:00.000 UTC,0.491492,0.487244,0.491492,0.48899
2024-01-20 04:00:00.000 UTC,0.491219,0.487165,0.488681,0.491219
2024-01-20 03:00:00.000 UTC,0.489692,0.487565,0.489692,0.488016
2024-01-20 02:00:00.000 UTC,0.491622,0.489162,0.489781,0.490101
2024-01-20 01:00:00.000 UTC,0.489232,0.482678,0.482678,0.489072
2024-01-20 00:00:00.000 UTC,0.488679,0.484187,0.488679,0.484539
2024-01-19 23:00:00.000 UTC,0.491231,0.487442,0.488214,0.488232
2024-01-19 22:00:00.000 UTC,0.488365,0.484499,0.485389,0.487821
2024-01-19 21:00:00.000 UTC,0.484522,0.481836,0.482689,0.483904
2024-01-19 20:00:00.000 UTC,0.486842,0.483355,0.483355,0.483465
2024-01-19 19:00:00.000 UTC,0.484394,0.478608,0.481735,0.483796
2024-01-19 18:00:00.000 UTC,0.481928,0.468841,0.470135,0.481928
2024-01-19 17:00:00.000 UTC,0.469816,0.458872,0.459393,0.469816
2024-01-19 16:00:00.000 UTC,0.473588,0.455884,0.473141,0.460909
2024-01-19 15:00:00.000 UTC,0.478543,0.473027,0.478543,0.474306
2024-01-19 14:00:00.000 UTC,0.487255,0.479101,0.487255,0.481407
2024-01-19 13:00:00.000 UTC,0.489266,0.48563,0.489266,0.486296
2024-01-19 12:00:00.000 UTC,0.490854,0.48586,0.490496,0.487974
2024-01-19 11:00:00.000 UTC,0.487993,0.482999,0.483232,0.487993
2024-01-19 10:00:00.000 UTC,0.48184,0.479786,0.479786,0.48184
2024-01-19 09:00:00.000 UTC,0.482122,0.479022,0.480217,0.47976
2024-01-19 08:00:00.000 UTC,0.480948,0.477974,0.480948,0.480439
2024-01-19 07:00:00.000 UTC,0.485297,0.481517,0.482487,0.481517
2024-01-19 06:00:00.000 UTC,0.482633,0.477715,0.478271,0.482227
2024-01-19 05:00:00.000 UTC,0.479,0.476387,0.476556,0.477219
2024-01-19 04:00:00.000 UTC,0.4769,0.472226,0.472226,0.476141
2024-01-19 03:00:00.000 UTC,0.471111,0.466276,0.471111,0.470681
2024-01-19 02:00:00.000 UTC,0.478356,0.471331,0.476508,0.471521
2024-01-19 01:00:00.000 UTC,0.477707,0.470519,0.477707,0.477083
2024-01-19 00:00:00.000 UTC,0.480953,0.474731,0.48041,0.478075
2024-01-18 23:00:00.000 UTC,0.483031,0.480949,0.483031,0.480996
2024-01-18 22:00:00.000 UTC,0.482629,0.478649,0.479615,0.482629
2024-01-18 21:00:00.000 UTC,0.481037,0.476825,0.479221,0.480575
2024-01-18 20:00:00.000 UTC,0.48124,0.473769,0.473769,0.48124
2024-01-18 19:00:00.000 UTC,0.484152,0.476679,0.483467,0.476679
2024-01-18 18:00:00.000 UTC,0.484626,0.48084,0.483913,0.483003
2024-01-18 17:00:00.000 UTC,0.489938,0.482731,0.488935,0.482731
2024-01-18 16:00:00.000 UTC,0.500003,0.48671,0.500003,0.48671
2024-01-18 15:00:00.000 UTC,0.500657,0.498406,0.500634,0.500063
2024-01-18 14:00:00.000 UTC,0.500021,0.496539,0.497814,0.49918
2024-01-18 13:00:00.000 UTC,0.497994,0.493435,0.496032,0.497994
2024-01-18 12:00:00.000 UTC,0.499601,0.493192,0.499447,0.496217
2024-01-18 11:00:00.000 UTC,0.500634,0.498688,0.49874,0.499312
2024-01-18 10:00:00.000 UTC,0.504444,0.498011,0.502721,0.498011
2024-01-18 09:00:00.000 UTC,0.505935,0.504064,0.505224,0.504064
2024-01-18 08:00:00.000 UTC,0.507724,0.505964,0.507354,0.506512
2024-01-18 07:00:00.000 UTC,0.507081,0.505798,0.505798,0.506664
2024-01-18 06:00:00.000 UTC,0.504957,0.502374,0.502374,0.504937
2024-01-18 05:00:00.000 UTC,0.501688,0.498378,0.500149,0.501438
2024-01-18 04:00:00.000 UTC,0.503131,0.500362,0.500362,0.500882
2024-01-18 03:00:00.000 UTC,0.501538,0.499252,0.500867,0.500442
2024-01-18 02:00:00.000 UTC,0.502712,0.500212,0.500815,0.500824
2024-01-18 01:00:00.000 UTC,0.506907,0.496945,0.506348,0.500302
2024-01-18 00:00:00.000 UTC,0.507781,0.504553,0.507781,0.505931
2024-01-17 23:00:00.000 UTC,0.507874,0.50514,0.507293,0.507874
2024-01-17 22:00:00.000 UTC,0.507245,0.50275,0.507245,0.506767
2024-01-17 21:00:00.000 UTC,0.50867,0.506958,0.507083,0.506958
2024-01-17 20:00:00.000 UTC,0.508544,0.505862,0.506881,0.508544
2024-01-17 19:00:00.000 UTC,0.507487,0.504996,0.506724,0.507046
2024-01-17 18:00:00.000 UTC,0.506949,0.504341,0.506544,0.50662
2024-01-17 17:00:00.000 UTC,0.506735,0.501443,0.504923,0.506735
2024-01-17 16:00:00.000 UTC,0.506023,0.5049,0.504975,0.5049
2024-01-17 15:00:00.000 UTC,0.508947,0.504286,0.507277,0.504286
2024-01-17 14:00:00.000 UTC,0.510231,0.504806,0.507013,0.510174
2024-01-17 13:00:00.000 UTC,0.51089,0.506358,0.510697,0.507739
2024-01-17 12:00:00.000 UTC,0.511331,0.50738,0.508822,0.511331
2024-01-17 11:00:00.000 UTC,0.511579,0.509259,0.510185,0.509587
2024-01-17 10:00:00.000 UTC,0.510992,0.507753,0.507967,0.509071
2024-01-17 09:00:00.000 UTC,0.511052,0.507202,0.507202,0.509395
2024-01-17 08:00:00.000 UTC,0.506439,0.50451,0.505014,0.506105
2024-01-17 07:00:00.000 UTC,0.509142,0.504643,0.508367,0.504643
2024-01-17 06:00:00.000 UTC,0.509894,0.508631,0.508721,0.508631
2024-01-17 05:00:00.000 UTC,0.513571,0.508809,0.51246,0.508809
2024-01-17 04:00:00.000 UTC,0.514154,0.511963,0.514114,0.513355
2024-01-17 03:00:00.000 UTC,0.515894,0.514464,0.515774,0.514704
2024-01-17 02:00:00.000 UTC,0.518805,0.51584,0.517978,0.516466
2024-01-17 01:00:00.000 UTC,0.522573,0.517893,0.519724,0.517989
2024-01-17 00:00:00.000 UTC,0.521594,0.51879,0.519875,0.519431
2024-01-16 23:00:00.000 UTC,0.525112,0.520217,0.524375,0.520217
2024-01-16 22:00:00.000 UTC,0.52528,0.521812,0.522815,0.524863
2024-01-16 21:00:00.000 UTC,0.523132,0.520451,0.520691,0.522247
2024-01-16 20:00:00.000 UTC,0.521591,0.514451,0.514611,0.521591
2024-01-16 19:00:00.000 UTC,0.513958,0.512248,0.513908,0.51348
2024-01-16 18:00:00.000 UTC,0.517304,0.512761,0.516042,0.514552
2024-01-16 17:00:00.000 UTC,0.517256,0.51495,0.517256,0.516265
2024-01-16 16:00:00.000 UTC,0.517753,0.511586,0.514704,0.517753
2024-01-16 15:00:00.000 UTC,0.514874,0.504257,0.504888,0.514874
2024-01-16 14:00:00.000 UTC,0.509338,0.498197,0.507662,0.502977
2024-01-16 13:00:00.000 UTC,0.51623,0.50767,0.5157,0.50767
2024-01-16 12:00:00.000 UTC,0.516458,0.511316,0.511316,0.515299
2024-01-16 11:00:00.000 UTC,0.514134,0.509711,0.514069,0.51154
2024-01-16 10:00:00.000 UTC,0.519832,0.514475,0.51892,0.514475
2024-01-16 09:00:00.000 UTC,0.519155,0.516969,0.517459,0.519155
2024-01-16 08:00:00.000 UTC,0.517975,0.510368,0.510368,0.517881
2024-01-16 07:00:00.000 UTC,0.512535,0.510204,0.511526,0.51145
2024-01-16 06:00:00.000 UTC,0.51297,0.507842,0.508264,0.511094
2024-01-16 05:00:00.000 UTC,0.511909,0.509184,0.51077,0.510915
2024-01-16 04:00:00.000 UTC,0.511424,0.50803,0.508424,0.511327
2024-01-16 03:00:00.000 UTC,0.506566,0.503263,0.503263,0.506566
2024-01-16 02:00:00.000 UTC,0.506098,0.503072,0.504297,0.503072
2024-01-16 01:00:00.000 UTC,0.506675,0.502835,0.503359,0.503718
2024-01-16 00:00:00.000 UTC,0.504881,0.502662,0.502662,0.503219
2024-01-15 23:00:00.000 UTC,0.505997,0.503018,0.505997,0.503397
2024-01-15 22:00:00.000 UTC,0.506927,0.501811,0.504867,0.505914
2024-01-15 21:00:00.000 UTC,0.507952,0.50342,0.505543,0.504997
2024-01-15 20:00:00.000 UTC,0.508053,0.505205,0.506098,0.505205
2024-01-15 19:00:00.000 UTC,0.506693,0.503166,0.503576,0.504796
2024-01-15 18:00:00.000 UTC,0.508469,0.498988,0.498988,0.506091
2024-01-15 17:00:00.000 UTC,0.497634,0.49588,0.496077,0.4976
2024-01-15 16:00:00.000 UTC,0.496774,0.491528,0.491528,0.495877
2024-01-15 15:00:00.000 UTC,0.494832,0.491526,0.492672,0.491526
2024-01-15 14:00:00.000 UTC,0.502441,0.492774,0.502441,0.492774
2024-01-15 13:00:00.000 UTC,0.502505,0.499642,0.500352,0.502505
2024-01-15 12:00:00.000 UTC,0.503324,0.499187,0.501184,0.500533
2024-01-15 11:00:00.000 UTC,0.502839,0.500896,0.502719,0.501473
2024-01-15 10:00:00.000 UTC,0.504198,0.501151,0.502024,0.504016
2024-01-15 09:00:00.000 UTC,0.502843,0.500545,0.500939,0.502515
2024-01-15 08:00:00.000 UTC,0.501956,0.498912,0.499691,0.500736
2024-01-15 07:00:00.000 UTC,0.5006,0.498346,0.499347,0.499327
2024-01-15 06:00:00.000 UTC,0.502737,0.499659,0.501067,0.499659
2024-01-15 05:00:00.000 UTC,0.503946,0.501282,0.502288,0.501282
2024-01-15 04:00:00.000 UTC,0.501378,0.499441,0.500009,0.501378
2024-01-15 03:00:00.000 UTC,0.500942,0.499767,0.499767,0.499805
2024-01-15 02:00:00.000 UTC,0.498669,0.496219,0.498077,0.498669
2024-01-15 01:00:00.000 UTC,0.497495,0.494781,0.494781,0.497495
2024-01-15 00:00:00.000 UTC,0.495147,0.491529,0.491926,0.494672
2024-01-14 23:00:00.000 UTC,0.498155,0.490734,0.498155,0.491106
2024-01-14 22:00:00.000 UTC,0.502076,0.499035,0.501282,0.499184
2024-01-14 21:00:00.000 UTC,0.501008,0.495585,0.496203,0.501008
2024-01-14 20:00:00.000 UTC,0.498161,0.494979,0.494979,0.497693
2024-01-14 19:00:00.000 UTC,0.502682,0.494994,0.502682,0.494994
2024-01-14 18:00:00.000 UTC,0.505874,0.501373,0.505242,0.501676
2024-01-14 17:00:00.000 UTC,0.505615,0.503155,0.503411,0.504185
2024-01-14 16:00:00.000 UTC,0.508762,0.502971,0.507472,0.503662
2024-01-14 15:00:00.000 UTC,0.508708,0.507099,0.507115,0.508266
2024-01-14 14:00:00.000 UTC,0.507732,0.505309,0.505958,0.506663
2024-01-14 13:00:00.000 UTC,0.505669,0.502878,0.50413,0.505669
2024-01-14 12:00:00.000 UTC,0.505782,0.503624,0.504614,0.504423
2024-01-14 11:00:00.000 UTC,0.506687,0.503368,0.50637,0.50382
2024-01-14 10:00:00.000 UTC,0.509372,0.507772,0.509357,0.507772
2024-01-14 09:00:00.000 UTC,0.509907,0.506775,0.508847,0.507597
2024-01-14 08:00:00.000 UTC,0.508076,0.505222,0.506005,0.508076
2024-01-14 07:00:00.000 UTC,0.507667,0.504903,0.506688,0.506097
2024-01-14 06:00:00.000 UTC,0.507318,0.50386,0.504182,0.50628
2024-01-14 05:00:00.000 UTC,0.503681,0.498044,0.498044,0.503681
2024-01-14 04:00:00.000 UTC,0.504639,0.498237,0.504639,0.498237
2024-01-14 03:00:00.000 UTC,0.506828,0.50369,0.506178,0.503949
2024-01-14 02:00:00.000 UTC,0.507622,0.504493,0.507622,0.506303
2024-01-14 01:00:00.000 UTC,0.50743,0.504624,0.504624,0.50623
2024-01-14 00:00:00.000 UTC,0.511773,0.504319,0.510916,0.504319
2024-01-13 23:00:00.000 UTC,0.514505,0.510708,0.514505,0.511432
2024-01-13 22:00:00.000 UTC,0.514751,0.512705,0.513672,0.51365
2024-01-13 21:00:00.000 UTC,0.513284,0.511663,0.512542,0.512725
2024-01-13 20:00:00.000 UTC,0.513722,0.510368,0.511729,0.512851
2024-01-13 19:00:00.000 UTC,0.513213,0.510854,0.510854,0.512562
2024-01-13 18:00:00.000 UTC,0.511081,0.50956,0.510662,0.510497
2024-01-13 17:00:00.000 UTC,0.512184,0.508174,0.509952,0.51074
2024-01-13 16:00:00.000 UTC,0.513372,0.509602,0.513372,0.509608
2024-01-13 15:00:00.000 UTC,0.513966,0.507475,0.507475,0.511921
2024-01-13 14:00:00.000 UTC,0.510103,0.50661,0.507964,0.508923
2024-01-13 13:00:00.000 UTC,0.510023,0.506791,0.507237,0.507528
2024-01-13 12:00:00.000 UTC,0.507727,0.505552,0.506205,0.507086
2024-01-13 11:00:00.000 UTC,0.50634,0.503792,0.50424,0.505105
2024-01-13 10:00:00.000 UTC,0.505304,0.502676,0.505304,0.503587
2024-01-13 09:00:00.000 UTC,0.51017,0.504946,0.51017,0.505373
2024-01-13 08:00:00.000 UTC,0.510428,0.508708,0.509424,0.509145
2024-01-13 07:00:00.000 UTC,0.512167,0.509879,0.510508,0.509982
2024-01-13 06:00:00.000 UTC,0.511588,0.50835,0.50891,0.509472
2024-01-13 05:00:00.000 UTC,0.505742,0.500995,0.50149,0.505742
2024-01-13 04:00:00.000 UTC,0.501474,0.49935,0.500053,0.500817
2024-01-13 03:00:00.000 UTC,0.501257,0.497507,0.499816,0.501257
2024-01-13 02:00:00.000 UTC,0.501455,0.496889,0.497107,0.50011
2024-01-13 01:00:00.000 UTC,0.496929,0.489163,0.496929,0.496763
2024-01-13 00:00:00.000 UTC,0.505762,0.498542,0.50472,0.498711
2024-01-12 23:00:00.000 UTC,0.505032,0.500167,0.500167,0.504892
2024-01-12 22:00:00.000 UTC,0.510787,0.491597,0.510787,0.500809
2024-01-12 21:00:00.000 UTC,0.519984,0.507303,0.519984,0.511752
2024-01-12 20:00:00.000 UTC,0.522071,0.517472,0.517472,0.520289
2024-01-12 19:00:00.000 UTC,0.519278,0.516348,0.518273,0.516919
2024-01-12 18:00:00.000 UTC,0.51818,0.513598,0.514782,0.517139
2024-01-12 17:00:00.000 UTC,0.517164,0.506893,0.514826,0.514377
2024-01-12 16:00:00.000 UTC,0.527497,0.515871,0.523379,0.515871
2024-01-12 15:00:00.000 UTC,0.539404,0.521746,0.539404,0.524146
2024-01-12 14:00:00.000 UTC,0.541966,0.536491,0.540477,0.536835
2024-01-12 13:00:00.000 UTC,0.541042,0.535966,0.535966,0.541042
2024-01-12 12:00:00.000 UTC,0.542468,0.534308,0.539437,0.53558
2024-01-12 11:00:00.000 UTC,0.542844,0.539562,0.541482,0.539562
2024-01-12 10:00:00.000 UTC,0.541976,0.53932,0.541766,0.541976
2024-01-12 09:00:00.000 UTC,0.541522,0.535535,0.539872,0.541522
2024-01-12 08:00:00.000 UTC,0.543195,0.53611,0.543195,0.540337
2024-01-12 07:00:00.000 UTC,0.548357,0.542,0.548357,0.542283
2024-01-12 06:00:00.000 UTC,0.55247,0.546974,0.546974,0.550439
2024-01-12 05:00:00.000 UTC,0.54837,0.537271,0.537727,0.54837
2024-01-12 04:00:00.000 UTC,0.543225,0.537794,0.540939,0.537794
2024-01-12 03:00:00.000 UTC,0.54369,0.539032,0.54369,0.540854
2024-01-12 02:00:00.000 UTC,0.545841,0.543048,0.543048,0.544152
2024-01-12 01:00:00.000 UTC,0.548736,0.53697,0.548736,0.542959
2024-01-12 00:00:00.000 UTC,0.546209,0.538132,0.538266,0.544852
2024-01-11 23:00:00.000 UTC,0.539463,0.536788,0.536788,0.538847
2024-01-11 22:00:00.000 UTC,0.534866,0.53102,0.532555,0.534866
2024-01-11 21:00:00.000 UTC,0.535373,0.530002,0.530002,0.534808
2024-01-11 20:00:00.000 UTC,0.539812,0.531369,0.539372,0.531369
2024-01-11 19:00:00.000 UTC,0.539372,0.53421,0.536314,0.53926
2024-01-11 18:00:00.000 UTC,0.538203,0.533864,0.538203,0.535803
2024-01-11 17:00:00.000 UTC,0.537301,0.528104,0.529159,0.537301
2024-01-11 16:00:00.000 UTC,0.534834,0.524673,0.532207,0.529029
2024-01-11 15:00:00.000 UTC,0.546224,0.530627,0.546224,0.530627
2024-01-11 14:00:00.000 UTC,0.547787,0.539079,0.543791,0.546533
2024-01-11 13:00:00.000 UTC,0.547184,0.539129,0.546208,0.54515
2024-01-11 12:00:00.000 UTC,0.543731,0.53872,0.539063,0.543731
2024-01-11 11:00:00.000 UTC,0.539429,0.534126,0.535474,0.539429
2024-01-11 10:00:00.000 UTC,0.535652,0.528689,0.528689,0.535652
2024-01-11 09:00:00.000 UTC,0.53101,0.528855,0.528989,0.530316
2024-01-11 08:00:00.000 UTC,0.529246,0.524931,0.526119,0.529246
2024-01-11 07:00:00.000 UTC,0.526031,0.517661,0.517661,0.526031
2024-01-11 06:00:00.000 UTC,0.524537,0.515508,0.524537,0.518095
2024-01-11 05:00:00.000 UTC,0.529044,0.522177,0.529044,0.523847
2024-01-11 04:00:00.000 UTC,0.533842,0.528919,0.533171,0.529046
2024-01-11 03:00:00.000 UTC,0.532991,0.528297,0.53067,0.532991
2024-01-11 02:00:00.000 UTC,0.533772,0.530511,0.531239,0.530511
2024-01-11 01:00:00.000 UTC,0.534317,0.524875,0.529225,0.53338
2024-01-11 00:00:00.000 UTC,0.527829,0.521305,0.521305,0.527829
2024-01-10 23:00:00.000 UTC,0.533003,0.521127,0.526473,0.521127
2024-01-10 22:00:00.000 UTC,0.528289,0.515097,0.515097,0.527537
2024-01-10 21:00:00.000 UTC,0.512939,0.493303,0.493303,0.512939
2024-01-10 20:00:00.000 UTC,0.496581,0.488396,0.495996,0.491723
2024-01-10 19:00:00.000 UTC,0.498641,0.494062,0.496697,0.496781
2024-01-10 18:00:00.000 UTC,0.497739,0.494492,0.494946,0.496808
2024-01-10 17:00:00.000 UTC,0.494927,0.488072,0.489304,0.494683
2024-01-10 16:00:00.000 UTC,0.49204,0.488394,0.491451,0.490738
2024-01-10 15:00:00.000 UTC,0.491738,0.479563,0.479563,0.490714
2024-01-10 14:00:00.000 UTC,0.485093,0.477229,0.478577,0.480722
2024-01-10 13:00:00.000 UTC,0.480426,0.474525,0.474525,0.476829
2024-01-10 12:00:00.000 UTC,0.489996,0.47589,0.48982,0.47589
2024-01-10 11:00:00.000 UTC,0.493857,0.484794,0.484794,0.490652
2024-01-10 10:00:00.000 UTC,0.485983,0.484548,0.484548,0.485983
2024-01-10 09:00:00.000 UTC,0.485543,0.474771,0.47518,0.483642
2024-01-10 08:00:00.000 UTC,0.480228,0.473431,0.478735,0.473431
2024-01-10 07:00:00.000 UTC,0.481202,0.478241,0.480383,0.478998
2024-01-10 06:00:00.000 UTC,0.482519,0.480038,0.482519,0.480945
2024-01-10 05:00:00.000 UTC,0.482299,0.479187,0.481158,0.48228
2024-01-10 04:00:00.000 UTC,0.484169,0.479802,0.480327,0.484169
2024-01-10 03:00:00.000 UTC,0.482,0.477458,0.477876,0.480296
2024-01-10 02:00:00.000 UTC,0.481191,0.477509,0.479087,0.479156
2024-01-10 01:00:00.000 UTC,0.48313,0.479692,0.48313,0.479692
2024-01-10 00:00:00.000 UTC,0.484123,0.477103,0.478376,0.481178
2024-01-09 23:00:00.000 UTC,0.477964,0.473951,0.47431,0.477964
2024-01-09 22:00:00.000 UTC,0.47831,0.469134,0.469134,0.471296
2024-01-09 21:00:00.000 UTC,0.477268,0.462362,0.462362,0.471185
2024-01-09 20:00:00.000 UTC,0.471226,0.462612,0.471226,0.462612
2024-01-09 19:00:00.000 UTC,0.474516,0.468044,0.474516,0.47054
2024-01-09 18:00:00.000 UTC,0.474709,0.470388,0.470388,0.474709
2024-01-09 17:00:00.000 UTC,0.472758,0.468437,0.471737,0.471209
2024-01-09 16:00:00.000 UTC,0.47317,0.468213,0.47297,0.471303
2024-01-09 15:00:00.000 UTC,0.474722,0.46887,0.470314,0.473069
2024-01-09 14:00:00.000 UTC,0.477817,0.47172,0.477238,0.47172
2024-01-09 13:00:00.000 UTC,0.477686,0.473161,0.473161,0.477686
2024-01-09 12:00:00.000 UTC,0.484798,0.479189,0.483977,0.481802
2024-01-09 11:00:00.000 UTC,0.485107,0.480736,0.480736,0.48366
2024-01-09 10:00:00.000 UTC,0.483273,0.47965,0.480157,0.47965
2024-01-09 09:00:00.000 UTC,0.486645,0.479382,0.48658,0.480827
2024-01-09 08:00:00.000 UTC,0.493694,0.487532,0.490762,0.487532
2024-01-09 07:00:00.000 UTC,0.492812,0.490311,0.49257,0.491409
2024-01-09 06:00:00.000 UTC,0.494279,0.491253,0.493996,0.492597
2024-01-09 05:00:00.000 UTC,0.500063,0.491849,0.500063,0.493732
2024-01-09 04:00:00.000 UTC,0.498917,0.492939,0.493285,0.498917
2024-01-09 03:00:00.000 UTC,0.494479,0.492944,0.494397,0.493162
2024-01-09 02:00:00.000 UTC,0.495681,0.492885,0.49394,0.494313
2024-01-09 01:00:00.000 UTC,0.497602,0.492741,0.497602,0.493526
2024-01-09 00:00:00.000 UTC,0.503435,0.492745,0.503232,0.498432
2024-01-08 23:00:00.000 UTC,0.505912,0.50291,0.50443,0.503495
2024-01-08 22:00:00.000 UTC,0.504577,0.500005,0.500005,0.504118
2024-01-08 21:00:00.000 UTC,0.503084,0.499435,0.500038,0.499435
2024-01-08 20:00:00.000 UTC,0.505492,0.499657,0.505492,0.500517
2024-01-08 19:00:00.000 UTC,0.505693,0.498211,0.501885,0.505693
2024-01-08 18:00:00.000 UTC,0.501346,0.491751,0.491751,0.501346
2024-01-08 17:00:00.000 UTC,0.491176,0.483112,0.484344,0.491176
2024-01-08 16:00:00.000 UTC,0.488261,0.483051,0.487825,0.484625
2024-01-08 15:00:00.000 UTC,0.48719,0.47826,0.478983,0.486991
2024-01-08 14:00:00.000 UTC,0.480999,0.476779,0.477827,0.478664
2024-01-08 13:00:00.000 UTC,0.479213,0.476576,0.478082,0.476576
2024-01-08 12:00:00.000 UTC,0.476443,0.471416,0.471416,0.476443
2024-01-08 11:00:00.000 UTC,0.465964,0.463078,0.463078,0.465964
2024-01-08 10:00:00.000 UTC,0.46313,0.458519,0.458519,0.46313
2024-01-08 09:00:00.000 UTC,0.461851,0.458973,0.460171,0.458973
2024-01-08 08:00:00.000 UTC,0.464063,0.460799,0.461461,0.461264
2024-01-08 07:00:00.000 UTC,0.465573,0.45988,0.461252,0.461579
2024-01-08 06:00:00.000 UTC,0.467175,0.458731,0.459329,0.460784
2024-01-08 05:00:00.000 UTC,0.460472,0.454758,0.457087,0.459463
2024-01-08 04:00:00.000 UTC,0.456994,0.449801,0.450343,0.456994
2024-01-08 03:00:00.000 UTC,0.450937,0.441847,0.449081,0.450912
2024-01-08 02:00:00.000 UTC,0.460209,0.448018,0.458252,0.448018
2024-01-08 01:00:00.000 UTC,0.464732,0.45655,0.461417,0.458585
2024-01-08 00:00:00.000 UTC,0.471622,0.464126,0.469651,0.464126
2024-01-07 23:00:00.000 UTC,0.476063,0.467276,0.471978,0.470102
2024-01-07 22:00:00.000 UTC,0.486656,0.474035,0.486656,0.474448
2024-01-07 21:00:00.000 UTC,0.492736,0.486414,0.491908,0.486414
2024-01-07 20:00:00.000 UTC,0.496073,0.492176,0.494863,0.492176
2024-01-07 19:00:00.000 UTC,0.495959,0.492443,0.495869,0.495959
2024-01-07 18:00:00.000 UTC,0.496478,0.492062,0.492093,0.495825
2024-01-07 17:00:00.000 UTC,0.491962,0.484098,0.484098,0.491809
2024-01-07 16:00:00.000 UTC,0.493633,0.484928,0.493307,0.485062
2024-01-07 15:00:00.000 UTC,0.497366,0.491586,0.496354,0.492642
2024-01-07 14:00:00.000 UTC,0.500751,0.49395,0.500751,0.495398
2024-01-07 13:00:00.000 UTC,0.502059,0.499118,0.499118,0.500405
2024-01-07 12:00:00.000 UTC,0.502715,0.49861,0.502715,0.49861
2024-01-07 11:00:00.000 UTC,0.505515,0.500407,0.500407,0.502232
2024-01-07 10:00:00.000 UTC,0.500674,0.498204,0.499648,0.499385
2024-01-07 09:00:00.000 UTC,0.508028,0.498706,0.504157,0.498706
2024-01-07 08:00:00.000 UTC,0.511379,0.505304,0.509913,0.505304
2024-01-07 07:00:00.000 UTC,0.513456,0.509275,0.511532,0.509589
2024-01-07 06:00:00.000 UTC,0.51228,0.507733,0.508448,0.51228
2024-01-07 05:00:00.000 UTC,0.511523,0.507366,0.510016,0.5113
2024-01-07 04:00:00.000 UTC,0.513342,0.509541,0.511235,0.509828
2024-01-07 03:00:00.000 UTC,0.515836,0.504118,0.504118,0.511244
2024-01-07 02:00:00.000 UTC,0.506014,0.500796,0.500796,0.502986
2024-01-07 01:00:00.000 UTC,0.505901,0.502098,0.504639,0.502098
2024-01-07 00:00:00.000 UTC,0.505962,0.497835,0.500624,0.505962
2024-01-06 23:00:00.000 UTC,0.502226,0.497127,0.502226,0.500114
2024-01-06 22:00:00.000 UTC,0.504078,0.499653,0.503388,0.50027
2024-01-06 21:00:00.000 UTC,0.504803,0.500875,0.5046,0.502229
2024-01-06 20:00:00.000 UTC,0.504242,0.500082,0.50252,0.503726
2024-01-06 19:00:00.000 UTC,0.503146,0.499561,0.503146,0.501457
2024-01-06 18:00:00.000 UTC,0.50554,0.502739,0.505009,0.504983
2024-01-06 17:00:00.000 UTC,0.505639,0.501125,0.503848,0.504691
2024-01-06 16:00:00.000 UTC,0.507308,0.500153,0.502611,0.502662
2024-01-06 15:00:00.000 UTC,0.502846,0.497866,0.498081,0.502846
2024-01-06 14:00:00.000 UTC,0.498239,0.490532,0.490532,0.496818
2024-01-06 13:00:00.000 UTC,0.490856,0.486932,0.488193,0.490645
2024-01-06 12:00:00.000 UTC,0.491568,0.487913,0.490286,0.487913
2024-01-06 11:00:00.000 UTC,0.490535,0.487736,0.490313,0.489445
2024-01-06 10:00:00.000 UTC,0.491674,0.488246,0.489883,0.490563
2024-01-06 09:00:00.000 UTC,0.492094,0.49019,0.491347,0.490621
2024-01-06 08:00:00.000 UTC,0.489993,0.484074,0.486472,0.489993
2024-01-06 07:00:00.000 UTC,0.485554,0.477312,0.477963,0.485186
2024-01-06 06:00:00.000 UTC,0.491834,0.479563,0.491709,0.479563
2024-01-06 05:00:00.000 UTC,0.501835,0.489076,0.500903,0.489076
2024-01-06 04:00:00.000 UTC,0.506933,0.501589,0.505323,0.501589
2024-01-06 03:00:00.000 UTC,0.506936,0.504371,0.505637,0.505069
2024-01-06 02:00:00.000 UTC,0.507753,0.503343,0.505527,0.505282
2024-01-06 01:00:00.000 UTC,0.508341,0.503633,0.508341,0.505901
2024-01-06 00:00:00.000 UTC,0.513159,0.507316,0.513159,0.507639
2024-01-05 23:00:00.000 UTC,0.51255,0.507639,0.507639,0.51255
2024-01-05 22:00:00.000 UTC,0.507535,0.505335,0.506166,0.505335
2024-01-05 21:00:00.000 UTC,0.506726,0.501531,0.506726,0.505324
2024-01-05 20:00:00.000 UTC,0.50599,0.50128,0.50128,0.50599
2024-01-05 19:00:00.000 UTC,0.503478,0.501025,0.502382,0.501025
2024-01-05 18:00:00.000 UTC,0.504626,0.501695,0.502823,0.503336
2024-01-05 17:00:00.000 UTC,0.503168,0.496066,0.498204,0.503168
2024-01-05 16:00:00.000 UTC,0.504859,0.501916,0.502361,0.502238
2024-01-05 15:00:00.000 UTC,0.505536,0.50175,0.503595,0.50175
2024-01-05 14:00:00.000 UTC,0.513501,0.504948,0.513127,0.504948
2024-01-05 13:00:00.000 UTC,0.514323,0.510488,0.51197,0.512227
2024-01-05 12:00:00.000 UTC,0.515332,0.509814,0.512493,0.512887
2024-01-05 11:00:00.000 UTC,0.516208,0.513159,0.513565,0.513172
2024-01-05 10:00:00.000 UTC,0.523532,0.516602,0.523532,0.516602
2024-01-05 09:00:00.000 UTC,0.524249,0.520461,0.520461,0.523199
2024-01-05 08:00:00.000 UTC,0.523743,0.51972,0.51972,0.520376
2024-01-05 07:00:00.000 UTC,0.525318,0.519574,0.523958,0.520015
2024-01-05 06:00:00.000 UTC,0.524753,0.51999,0.52273,0.524753
2024-01-05 05:00:00.000 UTC,0.523997,0.521741,0.522574,0.521835
2024-01-05 04:00:00.000 UTC,0.523664,0.519343,0.522028,0.523142
2024-01-05 03:00:00.000 UTC,0.524564,0.521,0.521813,0.522338
2024-01-05 02:00:00.000 UTC,0.527104,0.521643,0.524263,0.522009
2024-01-05 01:00:00.000 UTC,0.538773,0.522121,0.538773,0.522121
2024-01-05 00:00:00.000 UTC,0.542888,0.536355,0.538453,0.537542
2024-01-04 23:00:00.000 UTC,0.542298,0.536222,0.537687,0.53962
2024-01-04 22:00:00.000 UTC,0.540281,0.535493,0.536089,0.537482
2024-01-04 21:00:00.000 UTC,0.539491,0.534888,0.537339,0.536496
2024-01-04 20:00:00.000 UTC,0.542362,0.534717,0.534717,0.538522
2024-01-04 19:00:00.000 UTC,0.537983,0.533783,0.534677,0.533872
2024-01-04 18:00:00.000 UTC,0.535485,0.532131,0.533323,0.535217
2024-01-04 17:00:00.000 UTC,0.534478,0.530646,0.532566,0.532938
2024-01-04 16:00:00.000 UTC,0.537923,0.532305,0.537923,0.532897
2024-01-04 15:00:00.000 UTC,0.538704,0.532705,0.534088,0.537158
2024-01-04 14:00:00.000 UTC,0.533439,0.523486,0.526492,0.533439
2024-01-04 13:00:00.000 UTC,0.526963,0.522259,0.523063,0.526963
2024-01-04 12:00:00.000 UTC,0.524013,0.518918,0.519854,0.523345
2024-01-04 11:00:00.000 UTC,0.52204,0.519796,0.520701,0.520583
2024-01-04 10:00:00.000 UTC,0.520944,0.514456,0.520585,0.520553
2024-01-04 09:00:00.000 UTC,0.521917,0.519308,0.519308,0.521175
2024-01-04 08:00:00.000 UTC,0.519876,0.51641,0.519143,0.519836
2024-01-04 07:00:00.000 UTC,0.527707,0.519992,0.526467,0.519992
2024-01-04 06:00:00.000 UTC,0.529133,0.525348,0.525799,0.526313
2024-01-04 05:00:00.000 UTC,0.527503,0.520514,0.522343,0.525693
2024-01-04 04:00:00.000 UTC,0.527798,0.52093,0.527798,0.522005
2024-01-04 03:00:00.000 UTC,0.523843,0.514278,0.517098,0.523843
2024-01-04 02:00:00.000 UTC,0.515624,0.506139,0.506495,0.515624
2024-01-04 01:00:00.000 UTC,0.517145,0.50638,0.516573,0.507145
2024-01-04 00:00:00.000 UTC,0.519839,0.515508,0.517532,0.516567
2024-01-03 23:00:00.000 UTC,0.518564,0.514885,0.518564,0.517572
2024-01-03 22:00:00.000 UTC,0.520621,0.515973,0.518689,0.518204
2024-01-03 21:00:00.000 UTC,0.518687,0.514386,0.51534,0.518687
2024-01-03 20:00:00.000 UTC,0.516407,0.509088,0.509771,0.514837
2024-01-03 19:00:00.000 UTC,0.514237,0.507274,0.507274,0.510545
2024-01-03 18:00:00.000 UTC,0.51882,0.509683,0.515912,0.509683
2024-01-03 17:00:00.000 UTC,0.520824,0.513829,0.520824,0.514771
2024-01-03 16:00:00.000 UTC,0.527003,0.5197,0.52504,0.521308
2024-01-03 15:00:00.000 UTC,0.520018,0.512521,0.512521,0.520018
2024-01-03 14:00:00.000 UTC,0.519446,0.509974,0.519125,0.513442
2024-01-03 13:00:00.000 UTC,0.529842,0.517692,0.529842,0.517692
2024-01-03 12:00:00.000 UTC,0.570452,0.495097,0.570452,0.529001
2024-01-03 11:00:00.000 UTC,0.594763,0.575785,0.59469,0.575785
2024-01-03 10:00:00.000 UTC,0.600285,0.593488,0.597449,0.594648
2024-01-03 09:00:00.000 UTC,0.598699,0.595577,0.595577,0.597894
2024-01-03 08:00:00.000 UTC,0.594837,0.591212,0.591212,0.594837
2024-01-03 07:00:00.000 UTC,0.597363,0.591279,0.596195,0.591279
2024-01-03 06:00:00.000 UTC,0.596415,0.593037,0.59316,0.595802
2024-01-03 05:00:00.000 UTC,0.593054,0.59002,0.59002,0.59234
2024-01-03 04:00:00.000 UTC,0.591997,0.587836,0.588469,0.589614
2024-01-03 03:00:00.000 UTC,0.590031,0.587331,0.590031,0.588346
2024-01-03 02:00:00.000 UTC,0.593578,0.588997,0.592187,0.588997
2024-01-03 01:00:00.000 UTC,0.591797,0.589709,0.589867,0.591797
2024-01-03 00:00:00.000 UTC,0.59161,0.587603,0.587603,0.590604
2024-01-02 23:00:00.000 UTC,0.590332,0.58702,0.59004,0.587148
2024-01-02 22:00:00.000 UTC,0.589183,0.585336,0.586367,0.588225
2024-01-02 21:00:00.000 UTC,0.58686,0.582142,0.5832,0.58686
2024-01-02 20:00:00.000 UTC,0.591666,0.58274,0.589679,0.58274
2024-01-02 19:00:00.000 UTC,0.592221,0.588082,0.59067,0.588423
2024-01-02 18:00:00.000 UTC,0.592122,0.589351,0.591836,0.589954
2024-01-02 17:00:00.000 UTC,0.596166,0.590518,0.596166,0.591258
2024-01-02 16:00:00.000 UTC,0.595633,0.590829,0.594739,0.595555
2024-01-02 15:00:00.000 UTC,0.597103,0.590705,0.593926,0.596813
2024-01-02 14:00:00.000 UTC,0.606415,0.59488,0.605988,0.59488
2024-01-02 13:00:00.000 UTC,0.60874,0.604528,0.604528,0.606429
2024-01-02 12:00:00.000 UTC,0.610168,0.605255,0.606991,0.605255
2024-01-02 11:00:00.000 UTC,0.613158,0.606684,0.611979,0.606684
2024-01-02 10:00:00.000 UTC,0.614576,0.610761,0.614557,0.610761
2024-01-02 09:00:00.000 UTC,0.618343,0.609265,0.609636,0.614392
2024-01-02 08:00:00.000 UTC,0.609508,0.603521,0.605335,0.609438
2024-01-02 07:00:00.000 UTC,0.607428,0.605208,0.605861,0.60638
2024-01-02 06:00:00.000 UTC,0.606332,0.604727,0.605738,0.60561
2024-01-02 05:00:00.000 UTC,0.611089,0.606286,0.611089,0.606286
2024-01-02 04:00:00.000 UTC,0.61386,0.609862,0.609862,0.611968
2024-01-02 03:00:00.000 UTC,0.609555,0.605905,0.609389,0.60932
2024-01-02 02:00:00.000 UTC,0.609562,0.606807,0.608203,0.608961
2024-01-02 01:00:00.000 UTC,0.610807,0.606231,0.607591,0.606231
2024-01-02 00:00:00.000 UTC,0.607946,0.601893,0.604171,0.607585
2024-01-01 23:00:00.000 UTC,0.606339,0.602174,0.602174,0.6044
2024-01-01 22:00:00.000 UTC,0.603127,0.600436,0.601129,0.601735
2024-01-01 21:00:00.000 UTC,0.602986,0.599608,0.602986,0.601439
2024-01-01 20:00:00.000 UTC,0.605823,0.603331,0.603825,0.60358
2024-01-01 19:00:00.000 UTC,0.603805,0.601003,0.601467,0.603805
2024-01-01 18:00:00.000 UTC,0.604004,0.593709,0.593709,0.602368
2024-01-01 17:00:00.000 UTC,0.593845,0.59053,0.593051,0.593693
2024-01-01 16:00:00.000 UTC,0.594692,0.590898,0.59325,0.593089
2024-01-01 15:00:00.000 UTC,0.592697,0.590258,0.590936,0.592618
2024-01-01 14:00:00.000 UTC,0.594428,0.590647,0.594428,0.591382
2024-01-01 13:00:00.000 UTC,0.594341,0.592113,0.593147,0.593874
2024-01-01 12:00:00.000 UTC,0.593577,0.590317,0.591607,0.59347
2024-01-01 11:00:00.000 UTC,0.591985,0.58849,0.591752,0.591063
2024-01-01 10:00:00.000 UTC,0.592587,0.589699,0.591535,0.590954
2024-01-01 09:00:00.000 UTC,0.593202,0.587286,0.588828,0.593202
2024-01-01 08:00:00.000 UTC,0.58928,0.586299,0.586456,0.588149
2024-01-01 07:00:00.000 UTC,0.592838,0.58457,0.591915,0.587106
2024-01-01 06:00:00.000 UTC,0.596244,0.59061,0.59061,0.59443
2024-01-01 05:00:00.000 UTC,0.616954,0.589632,0.608557,0.589632
2024-01-01 04:00:00.000 UTC,0.610661,0.602185,0.60731,0.606824
2024-01-01 03:00:00.000 UTC,0.60863,0.601366,0.606003,0.607328
2024-01-01 02:00:00.000 UTC,0.602457,0.59686,0.596929,0.602457
2024-01-01 01:00:00.000 UTC,0.597404,0.593309,0.595621,0.597404
2024-01-01 00:00:00.000 UTC,0.600459,0.592912,0.596514,0.593824
2023-12-31 23:00:00.000 UTC,0.595068,0.586759,0.586759,0.595068
2023-12-31 22:00:00.000 UTC,0.598446,0.584933,0.598446,0.584933
2023-12-31 21:00:00.000 UTC,0.602124,0.593903,0.593903,0.599732
2023-12-31 20:00:00.000 UTC,0.600846,0.593525,0.600846,0.594583
2023-12-31 19:00:00.000 UTC,0.603421,0.600233,0.600233,0.601941
2023-12-31 18:00:00.000 UTC,0.604882,0.598697,0.604882,0.600754
2023-12-31 17:00:00.000 UTC,0.604538,0.59859,0.604109,0.604538
2023-12-31 16:00:00.000 UTC,0.604467,0.601165,0.601165,0.604467
2023-12-31 15:00:00.000 UTC,0.60147,0.595136,0.595136,0.60147
2023-12-31 14:00:00.000 UTC,0.598546,0.592879,0.592879,0.595239
2023-12-31 13:00:00.000 UTC,0.59463,0.590936,0.590936,0.593792
2023-12-31 12:00:00.000 UTC,0.594453,0.589624,0.589705,0.591732
2023-12-31 11:00:00.000 UTC,0.593445,0.590242,0.592595,0.590327
2023-12-31 10:00:00.000 UTC,0.591501,0.587155,0.59058,0.591501
2023-12-31 09:00:00.000 UTC,0.592166,0.584968,0.584968,0.589935
2023-12-31 08:00:00.000 UTC,0.588107,0.583486,0.584124,0.584354
2023-12-31 07:00:00.000 UTC,0.585532,0.582217,0.582613,0.583026
2023-12-31 06:00:00.000 UTC,0.582919,0.577708,0.578283,0.582919
2023-12-31 05:00:00.000 UTC,0.579939,0.577341,0.578055,0.578925
2023-12-31 04:00:00.000 UTC,0.579824,0.574577,0.5755,0.576966
2023-12-31 03:00:00.000 UTC,0.576268,0.572884,0.57549,0.574488
2023-12-31 02:00:00.000 UTC,0.580412,0.574007,0.576217,0.574007
2023-12-31 01:00:00.000 UTC,0.581682,0.575693,0.581218,0.576124
2023-12-31 00:00:00.000 UTC,0.582515,0.576186,0.576881,0.581163
2023-12-30 23:00:00.000 UTC,0.581118,0.578201,0.578475,0.578665
2023-12-30 22:00:00.000 UTC,0.583411,0.578283,0.583411,0.578283
2023-12-30 21:00:00.000 UTC,0.583145,0.580157,0.580899,0.583145
2023-12-30 20:00:00.000 UTC,0.583623,0.58007,0.580083,0.580931
2023-12-30 19:00:00.000 UTC,0.581873,0.577005,0.578756,0.581873
2023-12-30 18:00:00.000 UTC,0.580324,0.577,0.580324,0.578585
2023-12-30 17:00:00.000 UTC,0.581443,0.576584,0.579145,0.580151
2023-12-30 16:00:00.000 UTC,0.585834,0.578732,0.585083,0.578984
2023-12-30 15:00:00.000 UTC,0.584847,0.581203,0.584077,0.584847
2023-12-30 14:00:00.000 UTC,0.58268,0.578688,0.578688,0.582655
2023-12-30 13:00:00.000 UTC,0.578544,0.574859,0.577601,0.577699
2023-12-30 12:00:00.000 UTC,0.581227,0.573169,0.573169,0.577894
2023-12-30 11:00:00.000 UTC,0.574351,0.567256,0.567256,0.574351
2023-12-30 10:00:00.000 UTC,0.567679,0.565094,0.565094,0.567679
2023-12-30 09:00:00.000 UTC,0.568874,0.561902,0.566395,0.564785
2023-12-30 08:00:00.000 UTC,0.574865,0.565958,0.574789,0.565958
2023-12-30 07:00:00.000 UTC,0.575229,0.571798,0.573075,0.575084
2023-12-30 06:00:00.000 UTC,0.573734,0.571397,0.572632,0.573079
2023-12-30 05:00:00.000 UTC,0.572604,0.569996,0.569996,0.572604
2023-12-30 04:00:00.000 UTC,0.572287,0.569275,0.569275,0.569894
2023-12-30 03:00:00.000 UTC,0.571555,0.567586,0.568957,0.568955
2023-12-30 02:00:00.000 UTC,0.576363,0.569321,0.576363,0.569321
2023-12-30 01:00:00.000 UTC,0.577623,0.573632,0.573831,0.576794
2023-12-30 00:00:00.000 UTC,0.575399,0.572299,0.575399,0.573751
2023-12-29 23:00:00.000 UTC,0.575984,0.570204,0.570204,0.575305
2023-12-29 22:00:00.000 UTC,0.570843,0.564569,0.57051,0.569329
2023-12-29 21:00:00.000 UTC,0.574877,0.570583,0.57268,0.570583
2023-12-29 20:00:00.000 UTC,0.574779,0.570182,0.574779,0.571554
2023-12-29 19:00:00.000 UTC,0.57499,0.571372,0.573313,0.57499
2023-12-29 18:00:00.000 UTC,0.573322,0.566222,0.566222,0.572934
2023-12-29 17:00:00.000 UTC,0.56801,0.563913,0.565865,0.566311
2023-12-29 16:00:00.000 UTC,0.576847,0.56751,0.576847,0.56751
2023-12-29 15:00:00.000 UTC,0.591642,0.575964,0.591642,0.575964
2023-12-29 14:00:00.000 UTC,0.591806,0.588293,0.588829,0.590387
2023-12-29 13:00:00.000 UTC,0.589349,0.584511,0.58512,0.588983
2023-12-29 12:00:00.000 UTC,0.591041,0.584647,0.5905,0.584647
2023-12-29 11:00:00.000 UTC,0.591749,0.586931,0.587303,0.58958
2023-12-29 10:00:00.000 UTC,0.591292,0.587769,0.589882,0.587769
2023-12-29 09:00:00.000 UTC,0.593989,0.589426,0.589426,0.589654
2023-12-29 08:00:00.000 UTC,0.588949,0.581003,0.581003,0.588949
2023-12-29 07:00:00.000 UTC,0.589937,0.583163,0.589936,0.583163
2023-12-29 06:00:00.000 UTC,0.594585,0.589372,0.59206,0.589372
2023-12-29 05:00:00.000 UTC,0.590965,0.586772,0.587915,0.590781
2023-12-29 04:00:00.000 UTC,0.592103,0.586545,0.589002,0.587604
2023-12-29 03:00:00.000 UTC,0.589571,0.58367,0.584508,0.588527
2023-12-29 02:00:00.000 UTC,0.582643,0.567347,0.56974,0.582643
2023-12-29 01:00:00.000 UTC,0.578322,0.567972,0.575418,0.568582
2023-12-29 00:00:00.000 UTC,0.587251,0.575187,0.58037,0.575187
2023-12-28 23:00:00.000 UTC,0.584808,0.580907,0.583072,0.580907
2023-12-28 22:00:00.000 UTC,0.582641,0.573642,0.574449,0.582641
2023-12-28 21:00:00.000 UTC,0.579247,0.574459,0.576151,0.574459
2023-12-28 20:00:00.000 UTC,0.58162,0.573048,0.58162,0.57517
2023-12-28 19:00:00.000 UTC,0.582768,0.578439,0.578439,0.582145
2023-12-28 18:00:00.000 UTC,0.579911,0.574342,0.577358,0.579
2023-12-28 17:00:00.000 UTC,0.580769,0.576473,0.577212,0.576473
2023-12-28 16:00:00.000 UTC,0.578444,0.574558,0.576409,0.577508
2023-12-28 15:00:00.000 UTC,0.57852,0.574886,0.575119,0.576356
2023-12-28 14:00:00.000 UTC,0.586078,0.57119,0.586078,0.574388
2023-12-28 13:00:00.000 UTC,0.587315,0.580689,0.580689,0.587113
2023-12-28 12:00:00.000 UTC,0.593808,0.584342,0.592977,0.584342
2023-12-28 11:00:00.000 UTC,0.594948,0.591669,0.5939,0.593223
2023-12-28 10:00:00.000 UTC,0.595112,0.590852,0.590852,0.594437
2023-12-28 09:00:00.000 UTC,0.591818,0.586317,0.588531,0.591263
2023-12-28 08:00:00.000 UTC,0.590294,0.586575,0.589096,0.589869
2023-12-28 07:00:00.000 UTC,0.588711,0.584387,0.584512,0.588711
2023-12-28 06:00:00.000 UTC,0.591497,0.584112,0.591497,0.584112
2023-12-28 05:00:00.000 UTC,0.595822,0.588663,0.594758,0.591333
2023-12-28 04:00:00.000 UTC,0.600893,0.595686,0.599865,0.595775
2023-12-28 03:00:00.000 UTC,0.599488,0.593991,0.596382,0.599488
2023-12-28 02:00:00.000 UTC,0.605062,0.595255,0.605062,0.597267
2023-12-28 01:00:00.000 UTC,0.610705,0.604111,0.60761,0.605301
2023-12-28 00:00:00.000 UTC,0.611779,0.602899,0.603638,0.60983
2023-12-27 23:00:00.000 UTC,0.607412,0.600777,0.600777,0.604397
2023-12-27 22:00:00.000 UTC,0.609128,0.601965,0.606302,0.601965
2023-12-27 21:00:00.000 UTC,0.611443,0.606516,0.611443,0.606516
2023-12-27 20:00:00.000 UTC,0.61223,0.608159,0.608218,0.610686
2023-12-27 19:00:00.000 UTC,0.6126,0.607871,0.6126,0.60808
2023-12-27 18:00:00.000 UTC,0.614319,0.608957,0.613154,0.612355
2023-12-27 17:00:00.000 UTC,0.611602,0.604302,0.606327,0.611602
2023-12-27 16:00:00.000 UTC,0.613665,0.607689,0.610752,0.60874
2023-12-27 15:00:00.000 UTC,0.612417,0.608653,0.608653,0.61003
2023-12-27 14:00:00.000 UTC,0.61098,0.603408,0.607342,0.61098
2023-12-27 13:00:00.000 UTC,0.611676,0.604368,0.605923,0.607736
2023-12-27 12:00:00.000 UTC,0.6078,0.60213,0.605479,0.604635
2023-12-27 11:00:00.000 UTC,0.609642,0.605164,0.60902,0.605164
2023-12-27 10:00:00.000 UTC,0.607469,0.597592,0.599732,0.607469
2023-12-27 09:00:00.000 UTC,0.602761,0.599664,0.602761,0.599901
2023-12-27 08:00:00.000 UTC,0.603651,0.596153,0.597325,0.601792
2023-12-27 07:00:00.000 UTC,0.599024,0.594667,0.598862,0.598124
2023-12-27 06:00:00.000 UTC,0.603921,0.598528,0.601257,0.600901
2023-12-27 05:00:00.000 UTC,0.601398,0.595814,0.597359,0.601398
2023-12-27 04:00:00.000 UTC,0.604636,0.596485,0.596485,0.600197
2023-12-27 03:00:00.000 UTC,0.602102,0.59484,0.597949,0.597243
2023-12-27 02:00:00.000 UTC,0.613728,0.597787,0.613688,0.59864
2023-12-27 01:00:00.000 UTC,0.618251,0.611081,0.615321,0.613638
2023-12-27 00:00:00.000 UTC,0.627577,0.616012,0.627577,0.616466
2023-12-26 23:00:00.000 UTC,0.636649,0.625595,0.626318,0.626638
2023-12-26 22:00:00.000 UTC,0.624898,0.615522,0.615522,0.624898
2023-12-26 21:00:00.000 UTC,0.620402,0.615105,0.615745,0.616194
2023-12-26 20:00:00.000 UTC,0.614892,0.602879,0.602879,0.614193
2023-12-26 19:00:00.000 UTC,0.601218,0.593244,0.594435,0.601218
2023-12-26 18:00:00.000 UTC,0.596291,0.584714,0.59337,0.592739
2023-12-26 17:00:00.000 UTC,0.613997,0.587957,0.613997,0.587957
2023-12-26 16:00:00.000 UTC,0.616802,0.612665,0.613487,0.613574
2023-12-26 15:00:00.000 UTC,0.624944,0.61397,0.623499,0.61397
2023-12-26 14:00:00.000 UTC,0.634322,0.625025,0.634322,0.625025
2023-12-26 13:00:00.000 UTC,0.639015,0.630158,0.639015,0.63362
2023-12-26 12:00:00.000 UTC,0.641907,0.63633,0.639638,0.63945
2023-12-26 11:00:00.000 UTC,0.642586,0.634858,0.637055,0.640817
2023-12-26 10:00:00.000 UTC,0.641184,0.632432,0.632432,0.637159
2023-12-26 09:00:00.000 UTC,0.6353,0.627493,0.634478,0.630266
2023-12-26 08:00:00.000 UTC,0.634264,0.623971,0.630297,0.62932
2023-12-26 07:00:00.000 UTC,0.638756,0.628741,0.632508,0.630172
2023-12-26 06:00:00.000 UTC,0.644355,0.633274,0.642125,0.633274
2023-12-26 05:00:00.000 UTC,0.658863,0.639277,0.658863,0.64536
2023-12-26 04:00:00.000 UTC,0.663572,0.653846,0.653846,0.656953
2023-12-26 03:00:00.000 UTC,0.674429,0.652986,0.665008,0.658193
2023-12-26 02:00:00.000 UTC,0.674011,0.639538,0.642347,0.674011
2023-12-26 01:00:00.000 UTC,0.645304,0.619872,0.619872,0.64316
2023-12-26 00:00:00.000 UTC,0.618806,0.604603,0.607383,0.618398
2023-12-25 23:00:00.000 UTC,0.612296,0.606731,0.612296,0.60708
2023-12-25 22:00:00.000 UTC,0.612105,0.608557,0.609221,0.610831
2023-12-25 21:00:00.000 UTC,0.606841,0.598691,0.602783,0.606841
2023-12-25 20:00:00.000 UTC,0.605371,0.596024,0.603157,0.600786
2023-12-25 19:00:00.000 UTC,0.606749,0.601154,0.601513,0.604608
2023-12-25 18:00:00.000 UTC,0.605319,0.601485,0.604762,0.601485
2023-12-25 17:00:00.000 UTC,0.619266,0.605686,0.609514,0.605686
2023-12-25 16:00:00.000 UTC,0.60841,0.597495,0.597495,0.60841
2023-12-25 15:00:00.000 UTC,0.605463,0.599705,0.605,0.599705
2023-12-25 14:00:00.000 UTC,0.606889,0.600382,0.604059,0.606051
2023-12-25 13:00:00.000 UTC,0.604374,0.598193,0.603858,0.604374
2023-12-25 12:00:00.000 UTC,0.612831,0.603227,0.609234,0.605033
2023-12-25 11:00:00.000 UTC,0.609506,0.587583,0.587948,0.605839
2023-12-25 10:00:00.000 UTC,0.587578,0.579974,0.581346,0.587578
2023-12-25 09:00:00.000 UTC,0.591205,0.582547,0.583777,0.582553
2023-12-25 08:00:00.000 UTC,0.593959,0.585792,0.587629,0.587748
2023-12-25 07:00:00.000 UTC,0.599366,0.586612,0.597101,0.586612
2023-12-25 06:00:00.000 UTC,0.592054,0.558485,0.55955,0.592054
2023-12-25 05:00:00.000 UTC,0.559194,0.552262,0.552262,0.559194
2023-12-25 04:00:00.000 UTC,0.554136,0.55002,0.55002,0.552784
2023-12-25 03:00:00.000 UTC,0.552137,0.548408,0.549215,0.5494
2023-12-25 02:00:00.000 UTC,0.555601,0.546151,0.555182,0.548225
2023-12-25 01:00:00.000 UTC,0.559194,0.551971,0.551971,0.556912
2023-12-25 00:00:00.000 UTC,0.565087,0.546649,0.565087,0.550636
2023-12-24 23:00:00.000 UTC,0.56713,0.558576,0.560617,0.566125
2023-12-24 22:00:00.000 UTC,0.571236,0.556533,0.569647,0.55694
2023-12-24 21:00:00.000 UTC,0.571276,0.565206,0.565206,0.569715
2023-12-24 20:00:00.000 UTC,0.578895,0.563943,0.571975,0.566286
2023-12-24 19:00:00.000 UTC,0.574038,0.563432,0.563432,0.570444
2023-12-24 18:00:00.000 UTC,0.560625,0.553563,0.556534,0.560625
2023-12-24 17:00:00.000 UTC,0.55533,0.547364,0.54788,0.55533
2023-12-24 16:00:00.000 UTC,0.548477,0.544594,0.548477,0.547684
2023-12-24 15:00:00.000 UTC,0.549448,0.541306,0.541306,0.548531
2023-12-24 14:00:00.000 UTC,0.547622,0.540275,0.546006,0.540275
2023-12-24 13:00:00.000 UTC,0.549131,0.541479,0.541677,0.549131
2023-12-24 12:00:00.000 UTC,0.542119,0.535851,0.536644,0.542119
2023-12-24 11:00:00.000 UTC,0.5361,0.532553,0.534211,0.5361
2023-12-24 10:00:00.000 UTC,0.540852,0.532091,0.540646,0.533228
2023-12-24 09:00:00.000 UTC,0.543854,0.537486,0.538714,0.541947
2023-12-24 08:00:00.000 UTC,0.540083,0.536757,0.540083,0.538419
2023-12-24 07:00:00.000 UTC,0.539317,0.534316,0.53525,0.539317
2023-12-24 06:00:00.000 UTC,0.5372,0.531328,0.533396,0.533748
2023-12-24 05:00:00.000 UTC,0.541038,0.533208,0.539523,0.535087
2023-12-24 04:00:00.000 UTC,0.541525,0.538408,0.539705,0.539069
2023-12-24 03:00:00.000 UTC,0.539887,0.535706,0.539487,0.539887
2023-12-24 02:00:00.000 UTC,0.544559,0.537897,0.537897,0.539345
2023-12-24 01:00:00.000 UTC,0.538469,0.530218,0.530218,0.538469
2023-12-24 00:00:00.000 UTC,0.534119,0.528122,0.534119,0.529747
2023-12-23 23:00:00.000 UTC,0.535406,0.533424,0.533424,0.533798
2023-12-23 22:00:00.000 UTC,0.534974,0.533156,0.534974,0.534635
2023-12-23 21:00:00.000 UTC,0.534539,0.530612,0.532061,0.5344
2023-12-23 20:00:00.000 UTC,0.532108,0.530141,0.530141,0.531595
2023-12-23 19:00:00.000 UTC,0.53075,0.528792,0.530666,0.529465
2023-12-23 18:00:00.000 UTC,0.531359,0.527449,0.528597,0.531359
2023-12-23 17:00:00.000 UTC,0.531703,0.528819,0.530684,0.528819
2023-12-23 16:00:00.000 UTC,0.531271,0.52881,0.529162,0.530864
2023-12-23 15:00:00.000 UTC,0.530585,0.529081,0.529652,0.53041
2023-12-23 14:00:00.000 UTC,0.530021,0.528152,0.52833,0.529568
2023-12-23 13:00:00.000 UTC,0.530598,0.527458,0.530447,0.528288
2023-12-23 12:00:00.000 UTC,0.530768,0.52738,0.527496,0.530588
2023-12-23 11:00:00.000 UTC,0.528982,0.526561,0.528982,0.527919
2023-12-23 10:00:00.000 UTC,0.529607,0.528263,0.528898,0.529287
2023-12-23 09:00:00.000 UTC,0.528746,0.527387,0.528708,0.52841
2023-12-23 08:00:00.000 UTC,0.528445,0.524801,0.526643,0.528445
2023-12-23 07:00:00.000 UTC,0.528599,0.525869,0.528144,0.526705
2023-12-23 06:00:00.000 UTC,0.530044,0.527525,0.530044,0.528055
2023-12-23 05:00:00.000 UTC,0.530388,0.528172,0.529529,0.529686
2023-12-23 04:00:00.000 UTC,0.527951,0.524402,0.526983,0.52792
2023-12-23 03:00:00.000 UTC,0.531056,0.526938,0.528558,0.526938
2023-12-23 02:00:00.000 UTC,0.531836,0.529044,0.529044,0.530518
2023-12-23 01:00:00.000 UTC,0.537541,0.531404,0.536204,0.531404
2023-12-23 00:00:00.000 UTC,0.541708,0.536171,0.541708,0.537121
2023-12-22 23:00:00.000 UTC,0.544257,0.540971,0.542066,0.541802
2023-12-22 22:00:00.000 UTC,0.541106,0.537209,0.537835,0.540488
2023-12-22 21:00:00.000 UTC,0.538049,0.535542,0.535836,0.538049
2023-12-22 20:00:00.000 UTC,0.535992,0.531879,0.531879,0.535992
2023-12-22 19:00:00.000 UTC,0.537138,0.53147,0.537138,0.53147
2023-12-22 18:00:00.000 UTC,0.539321,0.535697,0.535697,0.537457
2023-12-22 17:00:00.000 UTC,0.535924,0.534266,0.534806,0.535924
2023-12-22 16:00:00.000 UTC,0.540647,0.532987,0.540647,0.533808
2023-12-22 15:00:00.000 UTC,0.539296,0.534873,0.537263,0.539296
2023-12-22 14:00:00.000 UTC,0.540386,0.532662,0.539651,0.536182
2023-12-22 13:00:00.000 UTC,0.539585,0.53517,0.536436,0.539561
2023-12-22 12:00:00.000 UTC,0.540295,0.536536,0.540295,0.536927
2023-12-22 11:00:00.000 UTC,0.54055,0.536987,0.537729,0.54055
2023-12-22 10:00:00.000 UTC,0.538791,0.533772,0.535227,0.537093
2023-12-22 09:00:00.000 UTC,0.538012,0.530916,0.538012,0.535319
2023-12-22 08:00:00.000 UTC,0.54365,0.532907,0.532907,0.539611
2023-12-22 07:00:00.000 UTC,0.542215,0.532288,0.541187,0.533036
2023-12-22 06:00:00.000 UTC,0.551572,0.544082,0.548287,0.544082
2023-12-22 05:00:00.000 UTC,0.551353,0.548857,0.551353,0.548857
2023-12-22 04:00:00.000 UTC,0.550945,0.543187,0.545047,0.550945
2023-12-22 03:00:00.000 UTC,0.549561,0.542197,0.54855,0.544359
2023-12-22 02:00:00.000 UTC,0.553529,0.550028,0.553226,0.550028
2023-12-22 01:00:00.000 UTC,0.554671,0.551948,0.552961,0.551948
2023-12-22 00:00:00.000 UTC,0.552884,0.544323,0.546832,0.552884
2023-12-21 23:00:00.000 UTC,0.54614,0.541915,0.545114,0.54614
2023-12-21 22:00:00.000 UTC,0.545575,0.540161,0.540685,0.545575
2023-12-21 21:00:00.000 UTC,0.541559,0.538361,0.541471,0.540548
2023-12-21 20:00:00.000 UTC,0.542501,0.538026,0.538026,0.542462
2023-12-21 19:00:00.000 UTC,0.536566,0.532464,0.532464,0.536417
2023-12-21 18:00:00.000 UTC,0.536353,0.531808,0.535874,0.531808
2023-12-21 17:00:00.000 UTC,0.540664,0.536494,0.540664,0.537659
2023-12-21 16:00:00.000 UTC,0.540042,0.535246,0.537967,0.537659
2023-12-21 15:00:00.000 UTC,0.53575,0.525484,0.526597,0.53575
2023-12-21 14:00:00.000 UTC,0.534745,0.527007,0.534176,0.527926
2023-12-21 13:00:00.000 UTC,0.532195,0.527513,0.528734,0.532168
2023-12-21 12:00:00.000 UTC,0.531358,0.527097,0.527097,0.529181
2023-12-21 11:00:00.000 UTC,0.528754,0.526126,0.526774,0.527667
2023-12-21 10:00:00.000 UTC,0.526646,0.524434,0.525512,0.526646
2023-12-21 09:00:00.000 UTC,0.527798,0.523428,0.526954,0.524722
2023-12-21 08:00:00.000 UTC,0.532921,0.525939,0.526782,0.53048
2023-12-21 07:00:00.000 UTC,0.526925,0.524378,0.526925,0.524918
2023-12-21 06:00:00.000 UTC,0.525539,0.520386,0.521011,0.524571
2023-12-21 05:00:00.000 UTC,0.52732,0.521546,0.52732,0.521546
2023-12-21 04:00:00.000 UTC,0.527193,0.524199,0.525371,0.527136
2023-12-21 03:00:00.000 UTC,0.527359,0.517426,0.51755,0.52526
2023-12-21 02:00:00.000 UTC,0.519789,0.51384,0.515697,0.517169
2023-12-21 01:00:00.000 UTC,0.517093,0.513389,0.517093,0.514968
2023-12-21 00:00:00.000 UTC,0.520322,0.516193,0.517708,0.517046
2023-12-20 23:00:00.000 UTC,0.517549,0.515385,0.51702,0.517549
2023-12-20 22:00:00.000 UTC,0.519104,0.514824,0.514824,0.517124
2023-12-20 21:00:00.000 UTC,0.519334,0.512879,0.512879,0.512959
2023-12-20 20:00:00.000 UTC,0.517185,0.509213,0.517185,0.512344
2023-12-20 19:00:00.000 UTC,0.522593,0.51698,0.52203,0.517082
2023-12-20 18:00:00.000 UTC,0.524329,0.521708,0.524198,0.522934
2023-12-20 17:00:00.000 UTC,0.523852,0.516362,0.516362,0.523425
2023-12-20 16:00:00.000 UTC,0.522042,0.519248,0.520617,0.519321
2023-12-20 15:00:00.000 UTC,0.524005,0.516466,0.516466,0.521086
2023-12-20 14:00:00.000 UTC,0.520619,0.517135,0.519942,0.517135
2023-12-20 13:00:00.000 UTC,0.520106,0.517562,0.519075,0.518809
2023-12-20 12:00:00.000 UTC,0.518043,0.51278,0.51278,0.518043
2023-12-20 11:00:00.000 UTC,0.513623,0.509973,0.512682,0.513574
2023-12-20 10:00:00.000 UTC,0.513526,0.510876,0.513064,0.511868
2023-12-20 09:00:00.000 UTC,0.51158,0.508823,0.510531,0.510076
2023-12-20 08:00:00.000 UTC,0.511922,0.506652,0.507673,0.511106
2023-12-20 07:00:00.000 UTC,0.505975,0.501834,0.504338,0.505975
2023-12-20 06:00:00.000 UTC,0.508897,0.504328,0.507102,0.5047
2023-12-20 05:00:00.000 UTC,0.50557,0.497692,0.501556,0.50557
2023-12-20 04:00:00.000 UTC,0.497217,0.488552,0.488954,0.497217
2023-12-20 03:00:00.000 UTC,0.488241,0.486757,0.488241,0.488066
2023-12-20 02:00:00.000 UTC,0.488492,0.482359,0.485632,0.48716
2023-12-20 01:00:00.000 UTC,0.492538,0.485783,0.492349,0.485783
2023-12-20 00:00:00.000 UTC,0.492419,0.489557,0.489557,0.492222
2023-12-19 23:00:00.000 UTC,0.490318,0.487215,0.489618,0.490148
2023-12-19 22:00:00.000 UTC,0.493788,0.488308,0.493788,0.489524
2023-12-19 21:00:00.000 UTC,0.493329,0.488781,0.488781,0.492178
2023-12-19 20:00:00.000 UTC,0.491884,0.487964,0.489689,0.489106
2023-12-19 19:00:00.000 UTC,0.490424,0.487567,0.488944,0.48851
2023-12-19 18:00:00.000 UTC,0.488591,0.482298,0.482863,0.488591
2023-12-19 17:00:00.000 UTC,0.492721,0.483891,0.492376,0.483891
2023-12-19 16:00:00.000 UTC,0.495028,0.492326,0.492809,0.492546
2023-12-19 15:00:00.000 UTC,0.494921,0.49027,0.49027,0.493104
2023-12-19 14:00:00.000 UTC,0.497102,0.490223,0.497102,0.490223
2023-12-19 13:00:00.000 UTC,0.499065,0.496405,0.496405,0.497341
2023-12-19 12:00:00.000 UTC,0.49981,0.495286,0.497973,0.495286
2023-12-19 11:00:00.000 UTC,0.500596,0.498031,0.500596,0.498447
2023-12-19 10:00:00.000 UTC,0.501087,0.497281,0.498124,0.500581
2023-12-19 09:00:00.000 UTC,0.500229,0.497092,0.499339,0.498877
2023-12-19 08:00:00.000 UTC,0.502763,0.499385,0.500238,0.499925
2023-12-19 07:00:00.000 UTC,0.501259,0.497761,0.498031,0.500295
2023-12-19 06:00:00.000 UTC,0.499522,0.497384,0.499437,0.499522
2023-12-19 05:00:00.000 UTC,0.500729,0.498648,0.500729,0.499453
2023-12-19 04:00:00.000 UTC,0.501749,0.497547,0.501681,0.501308
2023-12-19 03:00:00.000 UTC,0.503199,0.499943,0.500801,0.501305
2023-12-19 02:00:00.000 UTC,0.505958,0.501325,0.505958,0.50178
2023-12-19 01:00:00.000 UTC,0.502812,0.495812,0.495906,0.502812
2023-12-19 00:00:00.000 UTC,0.498929,0.494642,0.498067,0.496175
2023-12-18 23:00:00.000 UTC,0.497582,0.494496,0.494496,0.497582
2023-12-18 22:00:00.000 UTC,0.494959,0.492685,0.494959,0.494498
2023-12-18 21:00:00.000 UTC,0.494541,0.485085,0.485085,0.494541
2023-12-18 20:00:00.000 UTC,0.484573,0.477775,0.480928,0.484573
2023-12-18 19:00:00.000 UTC,0.482641,0.479935,0.479935,0.480563
2023-12-18 18:00:00.000 UTC,0.479352,0.476089,0.476899,0.479352
2023-12-18 17:00:00.000 UTC,0.479077,0.476668,0.47784,0.479077
2023-12-18 16:00:00.000 UTC,0.476542,0.472266,0.474248,0.476542
2023-12-18 15:00:00.000 UTC,0.479863,0.475089,0.479863,0.475089
2023-12-18 14:00:00.000 UTC,0.481165,0.474054,0.477256,0.480171
2023-12-18 13:00:00.000 UTC,0.474845,0.466813,0.466813,0.474845
2023-12-18 12:00:00.000 UTC,0.469271,0.4663,0.469271,0.466525
2023-12-18 11:00:00.000 UTC,0.469955,0.466832,0.468493,0.467959
2023-12-18 10:00:00.000 UTC,0.476805,0.462503,0.476805,0.465997
2023-12-18 09:00:00.000 UTC,0.484002,0.474015,0.484002,0.478825
2023-12-18 08:00:00.000 UTC,0.484818,0.479931,0.483558,0.483932
2023-12-18 07:00:00.000 UTC,0.488856,0.484143,0.488856,0.484143
2023-12-18 06:00:00.000 UTC,0.490579,0.485958,0.485958,0.488573
2023-12-18 05:00:00.000 UTC,0.490841,0.486581,0.490841,0.486581
2023-12-18 04:00:00.000 UTC,0.49083,0.486749,0.486749,0.490742
2023-12-18 03:00:00.000 UTC,0.486713,0.483158,0.483158,0.486694
2023-12-18 02:00:00.000 UTC,0.489829,0.483784,0.488355,0.483784
2023-12-18 01:00:00.000 UTC,0.500724,0.48879,0.498547,0.492012
2023-12-18 00:00:00.000 UTC,0.502236,0.498672,0.49868,0.500103
2023-12-17 23:00:00.000 UTC,0.503363,0.497272,0.503345,0.49942
2023-12-17 22:00:00.000 UTC,0.509096,0.502719,0.508884,0.505383
2023-12-17 21:00:00.000 UTC,0.513769,0.508463,0.513769,0.508463
2023-12-17 20:00:00.000 UTC,0.514593,0.510707,0.510707,0.513741
2023-12-17 19:00:00.000 UTC,0.512749,0.510642,0.511873,0.510671
2023-12-17 18:00:00.000 UTC,0.51284,0.506801,0.510194,0.512096
2023-12-17 17:00:00.000 UTC,0.514421,0.509426,0.512086,0.509426
2023-12-17 16:00:00.000 UTC,0.51191,0.506833,0.508447,0.51191
2023-12-17 15:00:00.000 UTC,0.508499,0.502842,0.503532,0.508499
2023-12-17 14:00:00.000 UTC,0.505638,0.501281,0.5029,0.50326
2023-12-17 13:00:00.000 UTC,0.508986,0.502337,0.508787,0.502337
2023-12-17 12:00:00.000 UTC,0.512055,0.508275,0.512055,0.50929
2023-12-17 11:00:00.000 UTC,0.51315,0.510006,0.512361,0.512428
2023-12-17 10:00:00.000 UTC,0.514501,0.512346,0.513471,0.513012
2023-12-17 09:00:00.000 UTC,0.513914,0.510065,0.512483,0.511309
2023-12-17 08:00:00.000 UTC,0.511705,0.506192,0.506192,0.511654
2023-12-17 07:00:00.000 UTC,0.51456,0.506239,0.513191,0.506239
2023-12-17 06:00:00.000 UTC,0.516001,0.507901,0.512427,0.509698
2023-12-17 05:00:00.000 UTC,0.520454,0.511209,0.520454,0.511209
2023-12-17 04:00:00.000 UTC,0.521242,0.516061,0.516061,0.521242
2023-12-17 03:00:00.000 UTC,0.517639,0.511673,0.513917,0.517639
2023-12-17 02:00:00.000 UTC,0.520529,0.514085,0.516294,0.514085
2023-12-17 01:00:00.000 UTC,0.518718,0.513715,0.51526,0.516047
2023-12-17 00:00:00.000 UTC,0.522537,0.516017,0.519044,0.516017
2023-12-16 23:00:00.000 UTC,0.521215,0.515989,0.521215,0.517634
2023-12-16 22:00:00.000 UTC,0.520474,0.51551,0.515815,0.520474
2023-12-16 21:00:00.000 UTC,0.519163,0.51632,0.518274,0.517059
2023-12-16 20:00:00.000 UTC,0.52334,0.517585,0.518199,0.517585
2023-12-16 19:00:00.000 UTC,0.521006,0.514896,0.520402,0.51827
2023-12-16 18:00:00.000 UTC,0.523071,0.518677,0.523071,0.519569
2023-12-16 17:00:00.000 UTC,0.527573,0.521227,0.527573,0.524258
2023-12-16 16:00:00.000 UTC,0.524908,0.521586,0.523463,0.524908
2023-12-16 15:00:00.000 UTC,0.523613,0.516295,0.516295,0.523613
2023-12-16 14:00:00.000 UTC,0.516762,0.51422,0.516682,0.51612
2023-12-16 13:00:00.000 UTC,0.519289,0.51407,0.517843,0.516337
2023-12-16 12:00:00.000 UTC,0.516362,0.511111,0.511193,0.516362
2023-12-16 11:00:00.000 UTC,0.510539,0.508105,0.508545,0.510539
2023-12-16 10:00:00.000 UTC,0.508634,0.507573,0.507573,0.508339
2023-12-16 09:00:00.000 UTC,0.509398,0.505169,0.505169,0.508325
2023-12-16 08:00:00.000 UTC,0.507009,0.504532,0.505088,0.505208
2023-12-16 07:00:00.000 UTC,0.506088,0.503318,0.506088,0.504655
2023-12-16 06:00:00.000 UTC,0.50729,0.504413,0.50569,0.505917
2023-12-16 05:00:00.000 UTC,0.506955,0.503957,0.504412,0.505207
2023-12-16 04:00:00.000 UTC,0.503681,0.501961,0.503681,0.503531
2023-12-16 03:00:00.000 UTC,0.503531,0.500842,0.501674,0.503531
2023-12-16 02:00:00.000 UTC,0.500877,0.497904,0.497904,0.500402
2023-12-16 01:00:00.000 UTC,0.49986,0.49353,0.49353,0.499184
2023-12-16 00:00:00.000 UTC,0.498269,0.488832,0.495027,0.492914
2023-12-15 23:00:00.000 UTC,0.501595,0.494323,0.501279,0.495282
2023-12-15 22:00:00.000 UTC,0.506934,0.501895,0.506934,0.503023
2023-12-15 21:00:00.000 UTC,0.510774,0.507873,0.510363,0.507873
2023-12-15 20:00:00.000 UTC,0.510411,0.508204,0.508204,0.510411
2023-12-15 19:00:00.000 UTC,0.511363,0.508867,0.509762,0.508867
2023-12-15 18:00:00.000 UTC,0.509508,0.506202,0.506202,0.509489
2023-12-15 17:00:00.000 UTC,0.509132,0.505925,0.505925,0.506504
2023-12-15 16:00:00.000 UTC,0.510002,0.505358,0.507534,0.505358
2023-12-15 15:00:00.000 UTC,0.51049,0.50496,0.509568,0.507439
2023-12-15 14:00:00.000 UTC,0.513458,0.507262,0.511712,0.508212
2023-12-15 13:00:00.000 UTC,0.514581,0.509848,0.513676,0.51086
2023-12-15 12:00:00.000 UTC,0.517057,0.51383,0.517057,0.51383
2023-12-15 11:00:00.000 UTC,0.518639,0.516906,0.518639,0.517126
2023-12-15 10:00:00.000 UTC,0.519101,0.516341,0.516363,0.519101
2023-12-15 09:00:00.000 UTC,0.522574,0.517798,0.52065,0.517798
2023-12-15 08:00:00.000 UTC,0.519905,0.514572,0.515014,0.519905
2023-12-15 07:00:00.000 UTC,0.517724,0.514871,0.516223,0.515248
2023-12-15 06:00:00.000 UTC,0.518723,0.515111,0.515111,0.516327
2023-12-15 05:00:00.000 UTC,0.519508,0.516458,0.519207,0.516832
2023-12-15 04:00:00.000 UTC,0.521574,0.51897,0.52114,0.520119
2023-12-15 03:00:00.000 UTC,0.523216,0.520696,0.5228,0.521155
2023-12-15 02:00:00.000 UTC,0.525622,0.522391,0.525582,0.523116
2023-12-15 01:00:00.000 UTC,0.528007,0.525733,0.526762,0.525733
2023-12-15 00:00:00.000 UTC,0.53133,0.526247,0.53133,0.52646
2023-12-14 23:00:00.000 UTC,0.532718,0.530767,0.532055,0.531326
2023-12-14 22:00:00.000 UTC,0.534141,0.532049,0.533216,0.532255
2023-12-14 21:00:00.000 UTC,0.532491,0.527388,0.527644,0.530651
2023-12-14 20:00:00.000 UTC,0.526171,0.523811,0.526071,0.525007
2023-12-14 19:00:00.000 UTC,0.528121,0.523399,0.523399,0.528121
2023-12-14 18:00:00.000 UTC,0.526952,0.523749,0.526952,0.523814
2023-12-14 17:00:00.000 UTC,0.527882,0.52392,0.524118,0.526871
2023-12-14 16:00:00.000 UTC,0.527843,0.519959,0.519959,0.524078
2023-12-14 15:00:00.000 UTC,0.520923,0.517673,0.519955,0.520249
2023-12-14 14:00:00.000 UTC,0.523735,0.516597,0.521052,0.519289
2023-12-14 13:00:00.000 UTC,0.528408,0.5103,0.528408,0.519638
2023-12-14 12:00:00.000 UTC,0.533114,0.528279,0.533114,0.528506
2023-12-14 11:00:00.000 UTC,0.533704,0.526841,0.52856,0.533704
2023-12-14 10:00:00.000 UTC,0.529026,0.526457,0.526691,0.529026
2023-12-14 09:00:00.000 UTC,0.525726,0.521552,0.525655,0.5255
2023-12-14 08:00:00.000 UTC,0.529191,0.523553,0.524493,0.524397
2023-12-14 07:00:00.000 UTC,0.530228,0.523975,0.524428,0.525107
2023-12-14 06:00:00.000 UTC,0.523196,0.517911,0.517911,0.523196
2023-12-14 05:00:00.000 UTC,0.517889,0.512098,0.51286,0.517604
2023-12-14 04:00:00.000 UTC,0.515839,0.513297,0.514462,0.5135
2023-12-14 03:00:00.000 UTC,0.516987,0.512286,0.51638,0.514546
2023-12-14 02:00:00.000 UTC,0.518288,0.514359,0.518288,0.515543
2023-12-14 01:00:00.000 UTC,0.52104,0.516782,0.51845,0.517771
2023-12-14 00:00:00.000 UTC,0.521883,0.515618,0.520738,0.518326
2023-12-13 23:00:00.000 UTC,0.523866,0.518248,0.521007,0.520551
2023-12-13 22:00:00.000 UTC,0.519877,0.514717,0.514717,0.519832
2023-12-13 21:00:00.000 UTC,0.512824,0.51099,0.51201,0.512592
2023-12-13 20:00:00.000 UTC,0.513497,0.508459,0.512756,0.511832
2023-12-13 19:00:00.000 UTC,0.51135,0.495493,0.495493,0.51135
2023-12-13 18:00:00.000 UTC,0.496294,0.494331,0.494331,0.49559
2023-12-13 17:00:00.000 UTC,0.496641,0.49378,0.494495,0.49424
2023-12-13 16:00:00.000 UTC,0.501468,0.494782,0.499428,0.495113
2023-12-13 15:00:00.000 UTC,0.500684,0.491788,0.491788,0.499283
2023-12-13 14:00:00.000 UTC,0.492329,0.490657,0.491556,0.492005
2023-12-13 13:00:00.000 UTC,0.493361,0.485746,0.486636,0.491917
2023-12-13 12:00:00.000 UTC,0.486841,0.482697,0.482697,0.485837
2023-12-13 11:00:00.000 UTC,0.486588,0.483406,0.485028,0.483406
2023-12-13 10:00:00.000 UTC,0.486666,0.48346,0.486666,0.483958
2023-12-13 09:00:00.000 UTC,0.487451,0.485092,0.487451,0.48744
2023-12-13 08:00:00.000 UTC,0.486704,0.482585,0.482585,0.486229
2023-12-13 07:00:00.000 UTC,0.484069,0.475856,0.475856,0.483149
2023-12-13 06:00:00.000 UTC,0.485365,0.478045,0.484701,0.478045
2023-12-13 05:00:00.000 UTC,0.486273,0.482901,0.486146,0.484872
2023-12-13 04:00:00.000 UTC,0.485238,0.480193,0.483343,0.485238
2023-12-13 03:00:00.000 UTC,0.489724,0.484092,0.489433,0.484092
2023-12-13 02:00:00.000 UTC,0.49455,0.487273,0.493949,0.488684
2023-12-13 01:00:00.000 UTC,0.50597,0.493661,0.50597,0.493661
2023-12-13 00:00:00.000 UTC,0.510863,0.506309,0.510863,0.506377
2023-12-12 23:00:00.000 UTC,0.510984,0.503795,0.503795,0.510984
2023-12-12 22:00:00.000 UTC,0.504534,0.499117,0.499117,0.503995
2023-12-12 21:00:00.000 UTC,0.507556,0.500423,0.505801,0.500423
2023-12-12 20:00:00.000 UTC,0.507731,0.501726,0.506023,0.505774
2023-12-12 19:00:00.000 UTC,0.509353,0.502888,0.507778,0.507185
2023-12-12 18:00:00.000 UTC,0.508038,0.495242,0.495242,0.50766
2023-12-12 17:00:00.000 UTC,0.503448,0.495123,0.503448,0.49669
2023-12-12 16:00:00.000 UTC,0.504113,0.497948,0.502013,0.503189
2023-12-12 15:00:00.000 UTC,0.503853,0.496572,0.503603,0.501383
2023-12-12 14:00:00.000 UTC,0.509937,0.504199,0.509937,0.504199
2023-12-12 13:00:00.000 UTC,0.512628,0.505814,0.508677,0.510874
2023-12-12 12:00:00.000 UTC,0.508872,0.504502,0.504502,0.508281
2023-12-12 11:00:00.000 UTC,0.511268,0.50661,0.510441,0.507085
2023-12-12 10:00:00.000 UTC,0.508212,0.505999,0.506743,0.508212
2023-12-12 09:00:00.000 UTC,0.514423,0.507345,0.514423,0.507498
2023-12-12 08:00:00.000 UTC,0.520407,0.511156,0.520407,0.51379
2023-12-12 07:00:00.000 UTC,0.520961,0.507623,0.507623,0.520961
2023-12-12 06:00:00.000 UTC,0.509523,0.502595,0.509523,0.507752
2023-12-12 05:00:00.000 UTC,0.512212,0.507976,0.507976,0.509865
2023-12-12 04:00:00.000 UTC,0.517994,0.510782,0.517566,0.510782
2023-12-12 03:00:00.000 UTC,0.52029,0.516492,0.519302,0.51685
2023-12-12 02:00:00.000 UTC,0.520456,0.514824,0.514824,0.517969
2023-12-12 01:00:00.000 UTC,0.516563,0.51425,0.51465,0.514812
2023-12-12 00:00:00.000 UTC,0.518726,0.513549,0.51368,0.514825
2023-12-11 23:00:00.000 UTC,0.515903,0.51296,0.514272,0.51296
2023-12-11 22:00:00.000 UTC,0.516677,0.513042,0.513102,0.516677
2023-12-11 21:00:00.000 UTC,0.510293,0.499929,0.499929,0.510293
2023-12-11 20:00:00.000 UTC,0.502049,0.497228,0.501857,0.499295
2023-12-11 19:00:00.000 UTC,0.503542,0.49692,0.501884,0.500968
2023-12-11 18:00:00.000 UTC,0.50446,0.490433,0.50446,0.500449
2023-12-11 17:00:00.000 UTC,0.512285,0.504672,0.511954,0.504672
2023-12-11 16:00:00.000 UTC,0.509953,0.502356,0.50648,0.509654
2023-12-11 15:00:00.000 UTC,0.509819,0.503983,0.503983,0.506306
2023-12-11 14:00:00.000 UTC,0.512216,0.503516,0.510625,0.506498
2023-12-11 13:00:00.000 UTC,0.516355,0.505718,0.513773,0.510083
2023-12-11 12:00:00.000 UTC,0.519799,0.514402,0.517858,0.514706
2023-12-11 11:00:00.000 UTC,0.517945,0.514008,0.514212,0.517346
2023-12-11 10:00:00.000 UTC,0.517705,0.514739,0.516432,0.514962
2023-12-11 09:00:00.000 UTC,0.518992,0.514675,0.514675,0.516812
2023-12-11 08:00:00.000 UTC,0.516147,0.508675,0.511106,0.515131
2023-12-11 07:00:00.000 UTC,0.517901,0.511378,0.514949,0.511378
2023-12-11 06:00:00.000 UTC,0.519043,0.509456,0.519043,0.513969
2023-12-11 05:00:00.000 UTC,0.520713,0.514061,0.5189,0.517138
2023-12-11 04:00:00.000 UTC,0.524547,0.518285,0.524136,0.521237
2023-12-11 03:00:00.000 UTC,0.52864,0.51109,0.51109,0.523535
2023-12-11 02:00:00.000 UTC,0.545349,0.49414,0.545349,0.51296
2023-12-11 01:00:00.000 UTC,0.545249,0.540174,0.544331,0.545249
2023-12-11 00:00:00.000 UTC,0.559369,0.545837,0.558381,0.546433
2023-12-10 23:00:00.000 UTC,0.558127,0.551224,0.558127,0.556311
2023-12-10 22:00:00.000 UTC,0.559376,0.553376,0.553376,0.557791
2023-12-10 21:00:00.000 UTC,0.557509,0.554092,0.555966,0.554201
2023-12-10 20:00:00.000 UTC,0.555837,0.550214,0.550214,0.555486
2023-12-10 19:00:00.000 UTC,0.554511,0.54867,0.554511,0.550555
2023-12-10 18:00:00.000 UTC,0.554946,0.549558,0.549558,0.553254
2023-12-10 17:00:00.000 UTC,0.55821,0.548303,0.55821,0.550461
2023-12-10 16:00:00.000 UTC,0.560934,0.556165,0.559202,0.55794
2023-12-10 15:00:00.000 UTC,0.558597,0.555889,0.556633,0.558597
2023-12-10 14:00:00.000 UTC,0.570112,0.555763,0.568429,0.557726
2023-12-10 13:00:00.000 UTC,0.57315,0.56602,0.570079,0.567796
2023-12-10 12:00:00.000 UTC,0.574792,0.565357,0.568253,0.567955
2023-12-10 11:00:00.000 UTC,0.575571,0.56578,0.56578,0.570877
2023-12-10 10:00:00.000 UTC,0.571569,0.561173,0.561173,0.566147
2023-12-10 09:00:00.000 UTC,0.576109,0.564265,0.573607,0.565213
2023-12-10 08:00:00.000 UTC,0.592553,0.568616,0.583528,0.570937
2023-12-10 07:00:00.000 UTC,0.589792,0.560613,0.560613,0.582109
2023-12-10 06:00:00.000 UTC,0.557154,0.552294,0.553545,0.557154
2023-12-10 05:00:00.000 UTC,0.552495,0.548484,0.55015,0.552495
2023-12-10 04:00:00.000 UTC,0.548356,0.544625,0.545481,0.548356
2023-12-10 03:00:00.000 UTC,0.550588,0.544455,0.548931,0.545971
2023-12-10 02:00:00.000 UTC,0.563384,0.551327,0.560507,0.552388
2023-12-10 01:00:00.000 UTC,0.565109,0.54957,0.552804,0.565109
2023-12-10 00:00:00.000 UTC,0.557565,0.533362,0.533362,0.555305
2023-12-09 23:00:00.000 UTC,0.543573,0.530334,0.541677,0.535457
2023-12-09 22:00:00.000 UTC,0.544509,0.532209,0.532209,0.544139
2023-12-09 21:00:00.000 UTC,0.533163,0.521766,0.525499,0.533163
2023-12-09 20:00:00.000 UTC,0.528821,0.521779,0.528821,0.526264
2023-12-09 19:00:00.000 UTC,0.530042,0.527126,0.529628,0.527126
2023-12-09 18:00:00.000 UTC,0.530328,0.520269,0.524593,0.530328
2023-12-09 17:00:00.000 UTC,0.534857,0.523612,0.534065,0.526664
2023-12-09 16:00:00.000 UTC,0.531449,0.517529,0.522737,0.531237
2023-12-09 15:00:00.000 UTC,0.522227,0.512687,0.51592,0.521897
2023-12-09 14:00:00.000 UTC,0.522224,0.510954,0.520231,0.513837
2023-12-09 13:00:00.000 UTC,0.52306,0.518304,0.522395,0.519686
2023-12-09 12:00:00.000 UTC,0.520748,0.516056,0.517383,0.520748
2023-12-09 11:00:00.000 UTC,0.518365,0.513325,0.518365,0.516018
2023-12-09 10:00:00.000 UTC,0.522242,0.518616,0.520547,0.518616
2023-12-09 09:00:00.000 UTC,0.525485,0.504792,0.504792,0.521348
2023-12-09 08:00:00.000 UTC,0.511781,0.497978,0.509116,0.506358
2023-12-09 07:00:00.000 UTC,0.509233,0.504851,0.506447,0.509233
2023-12-09 06:00:00.000 UTC,0.508989,0.504984,0.50647,0.507994
2023-12-09 05:00:00.000 UTC,0.509475,0.506759,0.508146,0.506759
2023-12-09 04:00:00.000 UTC,0.50864,0.505292,0.506132,0.508275
2023-12-09 03:00:00.000 UTC,0.507818,0.501992,0.501992,0.507122
2023-12-09 02:00:00.000 UTC,0.503828,0.50117,0.503828,0.501903
2023-12-09 01:00:00.000 UTC,0.510119,0.500881,0.510119,0.503711
2023-12-09 00:00:00.000 UTC,0.511416,0.494628,0.494628,0.510097
2023-12-08 23:00:00.000 UTC,0.495132,0.490016,0.490016,0.495132
2023-12-08 22:00:00.000 UTC,0.494227,0.491604,0.493636,0.491604
2023-12-08 21:00:00.000 UTC,0.493633,0.490077,0.493153,0.492531
2023-12-08 20:00:00.000 UTC,0.493407,0.49225,0.492915,0.492916
2023-12-08 19:00:00.000 UTC,0.493638,0.489313,0.490485,0.493566
2023-12-08 18:00:00.000 UTC,0.491259,0.48686,0.488983,0.491259
2023-12-08 17:00:00.000 UTC,0.490504,0.487163,0.489133,0.488942
2023-12-08 16:00:00.000 UTC,0.491745,0.481629,0.481629,0.491745
2023-12-08 15:00:00.000 UTC,0.483889,0.479911,0.483153,0.48045
2023-12-08 14:00:00.000 UTC,0.48295,0.47243,0.47243,0.480494
2023-12-08 13:00:00.000 UTC,0.474592,0.470145,0.474592,0.473384
2023-12-08 12:00:00.000 UTC,0.476584,0.474585,0.474888,0.475634
2023-12-08 11:00:00.000 UTC,0.475335,0.466157,0.466157,0.47449
2023-12-08 10:00:00.000 UTC,0.466191,0.461111,0.461111,0.466191
2023-12-08 09:00:00.000 UTC,0.465046,0.460755,0.460755,0.46179
2023-12-08 08:00:00.000 UTC,0.461884,0.458342,0.459201,0.461884
2023-12-08 07:00:00.000 UTC,0.466604,0.459261,0.466604,0.459836
2023-12-08 06:00:00.000 UTC,0.467666,0.464308,0.466065,0.464368
2023-12-08 05:00:00.000 UTC,0.465996,0.464149,0.465414,0.465996
2023-12-08 04:00:00.000 UTC,0.466876,0.46393,0.4646,0.465471
2023-12-08 03:00:00.000 UTC,0.465938,0.461831,0.464651,0.464221
2023-12-08 02:00:00.000 UTC,0.463254,0.459126,0.462131,0.463254
2023-12-08 01:00:00.000 UTC,0.464657,0.45979,0.463916,0.463021
2023-12-08 00:00:00.000 UTC,0.465203,0.461034,0.464691,0.465203
2023-12-07 23:00:00.000 UTC,0.465225,0.45966,0.45966,0.46492
2023-12-07 22:00:00.000 UTC,0.462566,0.459586,0.462146,0.459981
2023-12-07 21:00:00.000 UTC,0.463543,0.457449,0.457449,0.462623
2023-12-07 20:00:00.000 UTC,0.459195,0.454817,0.455413,0.457125
2023-12-07 19:00:00.000 UTC,0.462506,0.453438,0.462506,0.454636
2023-12-07 18:00:00.000 UTC,0.466524,0.461005,0.465099,0.462011
2023-12-07 17:00:00.000 UTC,0.464068,0.458745,0.461462,0.464068
2023-12-07 16:00:00.000 UTC,0.460034,0.453852,0.453852,0.460034
2023-12-07 15:00:00.000 UTC,0.455417,0.449203,0.449463,0.454428
2023-12-07 14:00:00.000 UTC,0.449274,0.445853,0.447245,0.448168
2023-12-07 13:00:00.000 UTC,0.45211,0.445877,0.451371,0.44674
2023-12-07 12:00:00.000 UTC,0.450889,0.444904,0.446932,0.45084
2023-12-07 11:00:00.000 UTC,0.448222,0.444802,0.445476,0.44721
2023-12-07 10:00:00.000 UTC,0.447628,0.445061,0.446207,0.445748
2023-12-07 09:00:00.000 UTC,0.449951,0.439926,0.449722,0.446655
2023-12-07 08:00:00.000 UTC,0.46085,0.452075,0.46085,0.452075
2023-12-07 07:00:00.000 UTC,0.465038,0.461166,0.461596,0.461166
2023-12-07 06:00:00.000 UTC,0.464265,0.45699,0.45699,0.461122
2023-12-07 05:00:00.000 UTC,0.457387,0.453364,0.454601,0.456972
2023-12-07 04:00:00.000 UTC,0.454147,0.448652,0.448652,0.454147
2023-12-07 03:00:00.000 UTC,0.450204,0.447655,0.450023,0.448244
2023-12-07 02:00:00.000 UTC,0.453279,0.451198,0.452478,0.451198
2023-12-07 01:00:00.000 UTC,0.45344,0.451359,0.451424,0.452335
2023-12-07 00:00:00.000 UTC,0.452605,0.445747,0.445747,0.452302
2023-12-06 23:00:00.000 UTC,0.448634,0.445413,0.447121,0.445491
2023-12-06 22:00:00.000 UTC,0.452306,0.444719,0.451446,0.444719
2023-12-06 21:00:00.000 UTC,0.454705,0.4486,0.451351,0.451298
2023-12-06 20:00:00.000 UTC,0.455917,0.451709,0.455897,0.451709
2023-12-06 19:00:00.000 UTC,0.456357,0.45492,0.456357,0.455736
2023-12-06 18:00:00.000 UTC,0.456572,0.451407,0.451407,0.456149
2023-12-06 17:00:00.000 UTC,0.454815,0.452284,0.454243,0.45252
2023-12-06 16:00:00.000 UTC,0.455915,0.451696,0.453638,0.451696
2023-12-06 15:00:00.000 UTC,0.45499,0.440977,0.440977,0.45499
2023-12-06 14:00:00.000 UTC,0.446378,0.440897,0.444973,0.441279
2023-12-06 13:00:00.000 UTC,0.444827,0.442374,0.444827,0.444188
2023-12-06 12:00:00.000 UTC,0.445015,0.43911,0.43911,0.445015
2023-12-06 11:00:00.000 UTC,0.446093,0.435162,0.445887,0.438016
2023-12-06 10:00:00.000 UTC,0.450892,0.446136,0.447413,0.446136
2023-12-06 09:00:00.000 UTC,0.451765,0.44877,0.451765,0.4498
2023-12-06 08:00:00.000 UTC,0.449634,0.445917,0.446729,0.449634
2023-12-06 07:00:00.000 UTC,0.44718,0.441232,0.442705,0.447068
2023-12-06 06:00:00.000 UTC,0.443515,0.439025,0.443503,0.442366
2023-12-06 05:00:00.000 UTC,0.453636,0.440505,0.453433,0.442913
2023-12-06 04:00:00.000 UTC,0.453663,0.452035,0.452659,0.453191
2023-12-06 03:00:00.000 UTC,0.455371,0.449516,0.455371,0.452454
2023-12-06 02:00:00.000 UTC,0.459245,0.454868,0.458519,0.456039
2023-12-06 01:00:00.000 UTC,0.461071,0.454551,0.461071,0.458097
2023-12-06 00:00:00.000 UTC,0.459762,0.449702,0.449702,0.459762
2023-12-05 23:00:00.000 UTC,0.45238,0.446728,0.446728,0.449684
2023-12-05 22:00:00.000 UTC,0.450346,0.446103,0.448906,0.44632
2023-12-05 21:00:00.000 UTC,0.44816,0.444134,0.445604,0.44816
2023-12-05 20:00:00.000 UTC,0.446952,0.443894,0.445835,0.445333
2023-12-05 19:00:00.000 UTC,0.448237,0.445483,0.447495,0.446537
2023-12-05 18:00:00.000 UTC,0.45144,0.446311,0.448901,0.448303
2023-12-05 17:00:00.000 UTC,0.448564,0.441558,0.443297,0.448564
2023-12-05 16:00:00.000 UTC,0.444569,0.440409,0.442811,0.442904
2023-12-05 15:00:00.000 UTC,0.442332,0.43857,0.439214,0.442332
2023-12-05 14:00:00.000 UTC,0.441545,0.436467,0.436467,0.439063
2023-12-05 13:00:00.000 UTC,0.442585,0.437224,0.44245,0.437224
2023-12-05 12:00:00.000 UTC,0.443131,0.441449,0.442415,0.441959
2023-12-05 11:00:00.000 UTC,0.444802,0.440766,0.441113,0.441579
2023-12-05 10:00:00.000 UTC,0.451327,0.443154,0.451327,0.443154
2023-12-05 09:00:00.000 UTC,0.45377,0.443522,0.443522,0.451315
2023-12-05 08:00:00.000 UTC,0.445694,0.43901,0.443665,0.44128
2023-12-05 07:00:00.000 UTC,0.450037,0.441774,0.450037,0.444293
2023-12-05 06:00:00.000 UTC,0.457824,0.44918,0.457824,0.451051
2023-12-05 05:00:00.000 UTC,0.459138,0.448295,0.448295,0.456746
2023-12-05 04:00:00.000 UTC,0.449137,0.442975,0.445902,0.449137
2023-12-05 03:00:00.000 UTC,0.449154,0.444281,0.444281,0.445686
2023-12-05 02:00:00.000 UTC,0.449929,0.44317,0.449929,0.444161
2023-12-05 01:00:00.000 UTC,0.450076,0.444562,0.450076,0.448833
2023-12-05 00:00:00.000 UTC,0.444825,0.429686,0.432185,0.444825
2023-12-04 23:00:00.000 UTC,0.431962,0.424789,0.424789,0.431962
2023-12-04 22:00:00.000 UTC,0.427198,0.422012,0.426441,0.422641
2023-12-04 21:00:00.000 UTC,0.426021,0.423903,0.423903,0.425736
2023-12-04 20:00:00.000 UTC,0.424259,0.422634,0.422634,0.423625
2023-12-04 19:00:00.000 UTC,0.422087,0.420599,0.420917,0.421986
2023-12-04 18:00:00.000 UTC,0.421945,0.418984,0.419717,0.420786
2023-12-04 17:00:00.000 UTC,0.423975,0.419946,0.423794,0.419946
2023-12-04 16:00:00.000 UTC,0.422971,0.418279,0.418491,0.422735
2023-12-04 15:00:00.000 UTC,0.422978,0.41812,0.422978,0.418244
2023-12-04 14:00:00.000 UTC,0.4269,0.420253,0.4269,0.423017
2023-12-04 13:00:00.000 UTC,0.43171,0.428153,0.43171,0.428153
2023-12-04 12:00:00.000 UTC,0.432315,0.423683,0.425419,0.432315
2023-12-04 11:00:00.000 UTC,0.440833,0.415295,0.440833,0.422535
2023-12-04 10:00:00.000 UTC,0.443129,0.43703,0.43703,0.441894
2023-12-04 09:00:00.000 UTC,0.442646,0.440378,0.442646,0.440378
2023-12-04 08:00:00.000 UTC,0.443686,0.441145,0.441145,0.443082
2023-12-04 07:00:00.000 UTC,0.443687,0.44107,0.441081,0.441477
2023-12-04 06:00:00.000 UTC,0.441849,0.437283,0.438585,0.440966
2023-12-04 05:00:00.000 UTC,0.440381,0.437769,0.439446,0.437769
2023-12-04 04:00:00.000 UTC,0.440105,0.437658,0.438268,0.440105
2023-12-04 03:00:00.000 UTC,0.439447,0.435431,0.435431,0.437579
2023-12-04 02:00:00.000 UTC,0.436599,0.433976,0.434413,0.435398
2023-12-04 01:00:00.000 UTC,0.437469,0.432574,0.436648,0.435586
2023-12-04 00:00:00.000 UTC,0.437929,0.427614,0.428587,0.437929
2023-12-03 23:00:00.000 UTC,0.430995,0.426841,0.430341,0.428039
2023-12-03 22:00:00.000 UTC,0.431711,0.426798,0.426798,0.430231
2023-12-03 21:00:00.000 UTC,0.426894,0.425058,0.426334,0.426894
2023-12-03 20:00:00.000 UTC,0.427406,0.426046,0.426046,0.426946
2023-12-03 19:00:00.000 UTC,0.426228,0.423744,0.424444,0.42487
2023-12-03 18:00:00.000 UTC,0.426372,0.42283,0.42283,0.424969
2023-12-03 17:00:00.000 UTC,0.425146,0.422409,0.425146,0.4232
2023-12-03 16:00:00.000 UTC,0.426291,0.423413,0.424126,0.426291
2023-12-03 15:00:00.000 UTC,0.423973,0.421014,0.422217,0.423973
2023-12-03 14:00:00.000 UTC,0.425486,0.421709,0.425003,0.423471
2023-12-03 13:00:00.000 UTC,0.427094,0.423024,0.423024,0.425445
2023-12-03 12:00:00.000 UTC,0.433423,0.422363,0.429083,0.422363
2023-12-03 11:00:00.000 UTC,0.428172,0.422821,0.425547,0.427752
2023-12-03 10:00:00.000 UTC,0.42592,0.423466,0.424998,0.42592
2023-12-03 09:00:00.000 UTC,0.425346,0.423161,0.423161,0.424935
2023-12-03 08:00:00.000 UTC,0.426099,0.423183,0.425896,0.423183
2023-12-03 07:00:00.000 UTC,0.426822,0.424049,0.424369,0.426252
2023-12-03 06:00:00.000 UTC,0.425887,0.423822,0.425378,0.423931
2023-12-03 05:00:00.000 UTC,0.426276,0.424551,0.425021,0.42538
2023-12-03 04:00:00.000 UTC,0.425961,0.424987,0.425355,0.425107
2023-12-03 03:00:00.000 UTC,0.425574,0.42395,0.425528,0.425398
2023-12-03 02:00:00.000 UTC,0.430306,0.42614,0.429418,0.42614
2023-12-03 01:00:00.000 UTC,0.432019,0.429401,0.430135,0.429597
2023-12-03 00:00:00.000 UTC,0.430335,0.428764,0.429576,0.430335
2023-12-02 23:00:00.000 UTC,0.429691,0.428669,0.428669,0.429691
2023-12-02 22:00:00.000 UTC,0.431206,0.428362,0.431206,0.428362
2023-12-02 21:00:00.000 UTC,0.432114,0.430149,0.432114,0.431799
2023-12-02 20:00:00.000 UTC,0.432718,0.430231,0.43041,0.43232
2023-12-02 19:00:00.000 UTC,0.429658,0.426338,0.426338,0.429658
2023-12-02 18:00:00.000 UTC,0.426775,0.425185,0.425185,0.426493
2023-12-02 17:00:00.000 UTC,0.425948,0.423267,0.42336,0.425448
2023-12-02 16:00:00.000 UTC,0.425101,0.4228,0.423441,0.423282
2023-12-02 15:00:00.000 UTC,0.423384,0.418962,0.420231,0.423384
2023-12-02 14:00:00.000 UTC,0.424171,0.419922,0.422664,0.419922
2023-12-02 13:00:00.000 UTC,0.423407,0.421898,0.422466,0.422922
2023-12-02 12:00:00.000 UTC,0.422408,0.420206,0.420951,0.422408
2023-12-02 11:00:00.000 UTC,0.421154,0.419432,0.421154,0.420528
2023-12-02 10:00:00.000 UTC,0.421819,0.420248,0.42172,0.42069
2023-12-02 09:00:00.000 UTC,0.42161,0.420436,0.420512,0.42161
2023-12-02 08:00:00.000 UTC,0.421885,0.418774,0.418774,0.420431
2023-12-02 07:00:00.000 UTC,0.419151,0.417907,0.417907,0.419151
2023-12-02 06:00:00.000 UTC,0.417802,0.416557,0.416601,0.417802
2023-12-02 05:00:00.000 UTC,0.418762,0.417029,0.418762,0.417029
2023-12-02 04:00:00.000 UTC,0.418234,0.417241,0.41767,0.41801
2023-12-02 03:00:00.000 UTC,0.418066,0.416426,0.416426,0.417087
2023-12-02 02:00:00.000 UTC,0.417871,0.416149,0.41772,0.416238
2023-12-02 01:00:00.000 UTC,0.418449,0.415342,0.415708,0.417075
2023-12-02 00:00:00.000 UTC,0.415533,0.413414,0.415127,0.415308
2023-12-01 23:00:00.000 UTC,0.416105,0.414908,0.41531,0.415668
2023-12-01 22:00:00.000 UTC,0.416841,0.415428,0.416195,0.415428
2023-12-01 21:00:00.000 UTC,0.417074,0.416278,0.416707,0.417074
2023-12-01 20:00:00.000 UTC,0.417632,0.416505,0.417632,0.416962
2023-12-01 19:00:00.000 UTC,0.417716,0.415657,0.415897,0.417583
2023-12-01 18:00:00.000 UTC,0.416871,0.415652,0.415693,0.416143
2023-12-01 17:00:00.000 UTC,0.418022,0.414421,0.418022,0.415566
2023-12-01 16:00:00.000 UTC,0.417947,0.413881,0.413881,0.417317
2023-12-01 15:00:00.000 UTC,0.414419,0.412357,0.412532,0.414419
2023-12-01 14:00:00.000 UTC,0.414332,0.412063,0.414311,0.412063
2023-12-01 13:00:00.000 UTC,0.416492,0.414244,0.41625,0.414244
2023-12-01 12:00:00.000 UTC,0.417935,0.41559,0.416036,0.41559
2023-12-01 11:00:00.000 UTC,0.41646,0.415677,0.416381,0.415677
2023-12-01 10:00:00.000 UTC,0.416648,0.415051,0.416269,0.415976
2023-12-01 09:00:00.000 UTC,0.416674,0.41273,0.41273,0.416351
2023-12-01 08:00:00.000 UTC,0.414048,0.411997,0.412214,0.413055
2023-12-01 07:00:00.000 UTC,0.415227,0.411658,0.413737,0.412049
2023-12-01 06:00:00.000 UTC,0.414375,0.41083,0.411819,0.413959
2023-12-01 05:00:00.000 UTC,0.413986,0.412303,0.413986,0.412303
2023-12-01 04:00:00.000 UTC,0.414008,0.411141,0.411141,0.413331
2023-12-01 03:00:00.000 UTC,0.41315,0.410768,0.412501,0.410941
2023-12-01 02:00:00.000 UTC,0.413438,0.410536,0.411789,0.413438
2023-12-01 01:00:00.000 UTC,0.411985,0.404721,0.405228,0.411644
2023-12-01 00:00:00.000 UTC,0.409179,0.405004,0.409179,0.405668
2023-11-30 23:00:00.000 UTC,0.409689,0.406971,0.408363,0.409312
2023-11-30 22:00:00.000 UTC,0.410378,0.408892,0.409022,0.408892
2023-11-30 21:00:00.000 UTC,0.410078,0.407104,0.408751,0.4097
2023-11-30 20:00:00.000 UTC,0.409238,0.407195,0.408985,0.407913
2023-11-30 19:00:00.000 UTC,0.410377,0.4091,0.4091,0.409204
2023-11-30 18:00:00.000 UTC,0.410788,0.409108,0.409604,0.409108
2023-11-30 17:00:00.000 UTC,0.410059,0.407914,0.408185,0.409717
2023-11-30 16:00:00.000 UTC,0.409192,0.403783,0.40487,0.409192
2023-11-30 15:00:00.000 UTC,0.406523,0.403178,0.404696,0.403281
2023-11-30 14:00:00.000 UTC,0.40603,0.403311,0.40603,0.404864
2023-11-30 13:00:00.000 UTC,0.407875,0.405356,0.407658,0.40619
2023-11-30 12:00:00.000 UTC,0.409049,0.407143,0.409049,0.408037
2023-11-30 11:00:00.000 UTC,0.408884,0.405222,0.405989,0.408884
2023-11-30 10:00:00.000 UTC,0.406616,0.405369,0.405914,0.405654
2023-11-30 09:00:00.000 UTC,0.40643,0.403499,0.403499,0.40643
2023-11-30 08:00:00.000 UTC,0.405629,0.402723,0.405629,0.404142
2023-11-30 07:00:00.000 UTC,0.408919,0.405604,0.408687,0.405604
2023-11-30 06:00:00.000 UTC,0.409113,0.406493,0.407293,0.407772
2023-11-30 05:00:00.000 UTC,0.410105,0.407059,0.409409,0.407059
2023-11-30 04:00:00.000 UTC,0.413866,0.409641,0.411526,0.409641
2023-11-30 03:00:00.000 UTC,0.411451,0.408715,0.409944,0.411339
2023-11-30 02:00:00.000 UTC,0.410881,0.405809,0.406628,0.410542
2023-11-30 01:00:00.000 UTC,0.409306,0.407176,0.409286,0.407474
2023-11-30 00:00:00.000 UTC,0.413194,0.410012,0.411822,0.410408
2023-11-29 23:00:00.000 UTC,0.412864,0.410859,0.412227,0.411195
2023-11-29 22:00:00.000 UTC,0.413755,0.411076,0.411076,0.412713
2023-11-29 21:00:00.000 UTC,0.410742,0.408779,0.408779,0.410741
2023-11-29 20:00:00.000 UTC,0.411511,0.40844,0.411511,0.409229
2023-11-29 19:00:00.000 UTC,0.413487,0.411087,0.411203,0.411087
2023-11-29 18:00:00.000 UTC,0.410894,0.407836,0.40789,0.410894
2023-11-29 17:00:00.000 UTC,0.407707,0.403806,0.40464,0.407535
2023-11-29 16:00:00.000 UTC,0.406483,0.40251,0.405343,0.40519
2023-11-29 15:00:00.000 UTC,0.405732,0.401798,0.405732,0.405621
2023-11-29 14:00:00.000 UTC,0.410858,0.404395,0.409542,0.405732
2023-11-29 13:00:00.000 UTC,0.41033,0.408005,0.409524,0.409717
2023-11-29 12:00:00.000 UTC,0.41129,0.408565,0.409486,0.410838
2023-11-29 11:00:00.000 UTC,0.410344,0.40827,0.40827,0.410344
2023-11-29 10:00:00.000 UTC,0.414177,0.407062,0.414177,0.409229
2023-11-29 09:00:00.000 UTC,0.418174,0.414914,0.416314,0.415127
2023-11-29 08:00:00.000 UTC,0.416391,0.412144,0.413116,0.416391
2023-11-29 07:00:00.000 UTC,0.414742,0.412477,0.414742,0.413588
2023-11-29 06:00:00.000 UTC,0.415514,0.413645,0.414099,0.415461
2023-11-29 05:00:00.000 UTC,0.41615,0.412805,0.41615,0.413856
2023-11-29 04:00:00.000 UTC,0.416345,0.415067,0.415067,0.415605
2023-11-29 03:00:00.000 UTC,0.414716,0.413514,0.413808,0.414716
2023-11-29 02:00:00.000 UTC,0.414821,0.412928,0.413853,0.413809
2023-11-29 01:00:00.000 UTC,0.416657,0.413947,0.416657,0.413947
2023-11-29 00:00:00.000 UTC,0.417067,0.411685,0.414465,0.416326
2023-11-28 23:00:00.000 UTC,0.415156,0.412899,0.414604,0.413879
2023-11-28 22:00:00.000 UTC,0.416067,0.413202,0.413543,0.413338
2023-11-28 21:00:00.000 UTC,0.418003,0.413501,0.418003,0.413723
2023-11-28 20:00:00.000 UTC,0.417995,0.415618,0.416231,0.417995
2023-11-28 19:00:00.000 UTC,0.417257,0.412213,0.412213,0.417257
2023-11-28 18:00:00.000 UTC,0.414827,0.410903,0.414285,0.410903
2023-11-28 17:00:00.000 UTC,0.414186,0.408439,0.408439,0.414186
2023-11-28 16:00:00.000 UTC,0.408498,0.402706,0.402706,0.408498
2023-11-28 15:00:00.000 UTC,0.403791,0.399007,0.401324,0.40238
2023-11-28 14:00:00.000 UTC,0.403583,0.400556,0.402174,0.401255
2023-11-28 13:00:00.000 UTC,0.40188,0.397637,0.399024,0.40188
2023-11-28 12:00:00.000 UTC,0.400606,0.398683,0.399733,0.399432
2023-11-28 11:00:00.000 UTC,0.399671,0.39589,0.396089,0.399671
2023-11-28 10:00:00.000 UTC,0.394994,0.392998,0.394994,0.394596
2023-11-28 09:00:00.000 UTC,0.395315,0.39205,0.39205,0.394841
2023-11-28 08:00:00.000 UTC,0.394696,0.392579,0.394696,0.392579
2023-11-28 07:00:00.000 UTC,0.396716,0.391865,0.396716,0.395426
2023-11-28 06:00:00.000 UTC,0.396028,0.391879,0.391879,0.396028
2023-11-28 05:00:00.000 UTC,0.39605,0.39238,0.39605,0.39243
2023-11-28 04:00:00.000 UTC,0.399629,0.395958,0.399253,0.395958
2023-11-28 03:00:00.000 UTC,0.401437,0.398784,0.4012,0.399135
2023-11-28 02:00:00.000 UTC,0.402186,0.399007,0.401857,0.401525
2023-11-28 01:00:00.000 UTC,0.404379,0.401187,0.404379,0.401857
2023-11-28 00:00:00.000 UTC,0.406247,0.403243,0.405987,0.404836
2023-11-27 23:00:00.000 UTC,0.407236,0.402885,0.402885,0.405797
2023-11-27 22:00:00.000 UTC,0.402917,0.39908,0.400039,0.402917
2023-11-27 21:00:00.000 UTC,0.400987,0.395867,0.395867,0.399683
2023-11-27 20:00:00.000 UTC,0.398632,0.395341,0.397091,0.395793
2023-11-27 19:00:00.000 UTC,0.400858,0.395372,0.400201,0.397191
2023-11-27 18:00:00.000 UTC,0.40299,0.400479,0.401482,0.400479
2023-11-27 17:00:00.000 UTC,0.405216,0.401576,0.404164,0.401576
2023-11-27 16:00:00.000 UTC,0.403921,0.399855,0.399855,0.403069
2023-11-27 15:00:00.000 UTC,0.405493,0.400723,0.400723,0.40152
2023-11-27 14:00:00.000 UTC,0.407843,0.402349,0.407759,0.402349
2023-11-27 13:00:00.000 UTC,0.409304,0.405908,0.407681,0.406533
2023-11-27 12:00:00.000 UTC,0.409834,0.407207,0.409084,0.409368
2023-11-27 11:00:00.000 UTC,0.409648,0.404757,0.404943,0.409648
2023-11-27 10:00:00.000 UTC,0.41066,0.405672,0.41066,0.405672
2023-11-27 09:00:00.000 UTC,0.412468,0.410217,0.410217,0.411641
2023-11-27 08:00:00.000 UTC,0.413053,0.410126,0.411,0.410194
2023-11-27 07:00:00.000 UTC,0.413161,0.407231,0.412808,0.410227
2023-11-27 06:00:00.000 UTC,0.420326,0.41451,0.418157,0.41451
2023-11-27 05:00:00.000 UTC,0.422306,0.417733,0.422306,0.419316
2023-11-27 04:00:00.000 UTC,0.423265,0.418688,0.422542,0.421371
2023-11-27 03:00:00.000 UTC,0.426914,0.421646,0.425927,0.42228
2023-11-27 02:00:00.000 UTC,0.429752,0.423675,0.429752,0.423784
2023-11-27 01:00:00.000 UTC,0.441019,0.430678,0.440526,0.430678
2023-11-27 00:00:00.000 UTC,0.44175,0.425053,0.425053,0.44138
2023-11-26 23:00:00.000 UTC,0.427639,0.423436,0.427639,0.42512
2023-11-26 22:00:00.000 UTC,0.427323,0.422444,0.422444,0.427323
2023-11-26 21:00:00.000 UTC,0.423065,0.419061,0.423065,0.421233
2023-11-26 20:00:00.000 UTC,0.424566,0.420302,0.423361,0.42375
2023-11-26 19:00:00.000 UTC,0.42248,0.420285,0.42248,0.421431
2023-11-26 18:00:00.000 UTC,0.42354,0.419486,0.420514,0.422062
2023-11-26 17:00:00.000 UTC,0.424063,0.420156,0.420156,0.420723
2023-11-26 16:00:00.000 UTC,0.427109,0.41563,0.426307,0.417505
2023-11-26 15:00:00.000 UTC,0.433822,0.426141,0.431306,0.426141
2023-11-26 14:00:00.000 UTC,0.434591,0.42653,0.434591,0.429394
2023-11-26 13:00:00.000 UTC,0.436996,0.421127,0.422514,0.436996
2023-11-26 12:00:00.000 UTC,0.421932,0.419056,0.421447,0.421193
2023-11-26 11:00:00.000 UTC,0.423988,0.420682,0.422235,0.420682
2023-11-26 10:00:00.000 UTC,0.424836,0.423226,0.4244,0.423226
2023-11-26 09:00:00.000 UTC,0.423831,0.42177,0.423831,0.423474
2023-11-26 08:00:00.000 UTC,0.424659,0.423528,0.424107,0.424051
2023-11-26 07:00:00.000 UTC,0.426934,0.424463,0.426551,0.424463
2023-11-26 06:00:00.000 UTC,0.429002,0.425992,0.429002,0.426649
2023-11-26 05:00:00.000 UTC,0.430725,0.428136,0.430725,0.429
2023-11-26 04:00:00.000 UTC,0.427934,0.423567,0.425051,0.427934
2023-11-26 03:00:00.000 UTC,0.425328,0.423481,0.424038,0.423481
2023-11-26 02:00:00.000 UTC,0.424341,0.422078,0.422167,0.424234
2023-11-26 01:00:00.000 UTC,0.426023,0.422885,0.425346,0.422885
2023-11-26 00:00:00.000 UTC,0.429088,0.425271,0.429088,0.4255
2023-11-25 23:00:00.000 UTC,0.428742,0.427099,0.42749,0.428742
2023-11-25 22:00:00.000 UTC,0.428704,0.427697,0.428455,0.427697
2023-11-25 21:00:00.000 UTC,0.430177,0.428633,0.428852,0.428673
2023-11-25 20:00:00.000 UTC,0.429528,0.42834,0.429528,0.428554
2023-11-25 19:00:00.000 UTC,0.430651,0.429168,0.430651,0.430402
2023-11-25 18:00:00.000 UTC,0.430845,0.428966,0.429638,0.43027
2023-11-25 17:00:00.000 UTC,0.430035,0.428784,0.429977,0.429484
2023-11-25 16:00:00.000 UTC,0.433946,0.430112,0.433946,0.430112
2023-11-25 15:00:00.000 UTC,0.433905,0.430424,0.433905,0.43368
2023-11-25 14:00:00.000 UTC,0.434168,0.427522,0.428643,0.433252
2023-11-25 13:00:00.000 UTC,0.42899,0.425128,0.425844,0.42899
2023-11-25 12:00:00.000 UTC,0.429232,0.426216,0.429232,0.426278
2023-11-25 11:00:00.000 UTC,0.431271,0.425472,0.428238,0.430375
2023-11-25 10:00:00.000 UTC,0.429324,0.426563,0.429324,0.427987
2023-11-25 09:00:00.000 UTC,0.436119,0.427788,0.434415,0.429826
2023-11-25 08:00:00.000 UTC,0.436922,0.432909,0.436157,0.436261
2023-11-25 07:00:00.000 UTC,0.435335,0.422774,0.422774,0.435335
2023-11-25 06:00:00.000 UTC,0.423736,0.42066,0.421158,0.423736
2023-11-25 05:00:00.000 UTC,0.428872,0.421595,0.426482,0.422073
2023-11-25 04:00:00.000 UTC,0.425864,0.419419,0.419419,0.425864
2023-11-25 03:00:00.000 UTC,0.421297,0.417694,0.417694,0.421297
2023-11-25 02:00:00.000 UTC,0.41719,0.411833,0.412046,0.417082
2023-11-25 01:00:00.000 UTC,0.411832,0.408448,0.408448,0.411832
2023-11-25 00:00:00.000 UTC,0.409526,0.404332,0.406486,0.408366
2023-11-24 23:00:00.000 UTC,0.406983,0.401947,0.404658,0.406983
2023-11-24 22:00:00.000 UTC,0.4067,0.403925,0.406273,0.406241
2023-11-24 21:00:00.000 UTC,0.407882,0.405973,0.406099,0.407335
2023-11-24 20:00:00.000 UTC,0.405257,0.402149,0.402837,0.405257
2023-11-24 19:00:00.000 UTC,0.403153,0.4016,0.403,0.40292
2023-11-24 18:00:00.000 UTC,0.405645,0.403164,0.404491,0.404067
2023-11-24 17:00:00.000 UTC,0.406658,0.403496,0.403496,0.404775
2023-11-24 16:00:00.000 UTC,0.4074,0.402954,0.405149,0.40312
2023-11-24 15:00:00.000 UTC,0.405953,0.400081,0.400081,0.405013
2023-11-24 14:00:00.000 UTC,0.400301,0.398284,0.400301,0.399939
2023-11-24 13:00:00.000 UTC,0.401524,0.399042,0.400779,0.400148
2023-11-24 12:00:00.000 UTC,0.403168,0.401187,0.402874,0.401187
2023-11-24 11:00:00.000 UTC,0.402406,0.399728,0.399728,0.402293
2023-11-24 10:00:00.000 UTC,0.403668,0.4002,0.402029,0.4002
2023-11-24 09:00:00.000 UTC,0.403306,0.39836,0.39836,0.402742
2023-11-24 08:00:00.000 UTC,0.401198,0.398806,0.40102,0.398806
2023-11-24 07:00:00.000 UTC,0.400697,0.397657,0.39807,0.400697
2023-11-24 06:00:00.000 UTC,0.399073,0.398042,0.398547,0.398868
2023-11-24 05:00:00.000 UTC,0.39824,0.396514,0.398057,0.397508
2023-11-24 04:00:00.000 UTC,0.397837,0.396899,0.39733,0.397837
2023-11-24 03:00:00.000 UTC,0.397943,0.396609,0.397789,0.397232
2023-11-24 02:00:00.000 UTC,0.398409,0.39723,0.397425,0.397806
2023-11-24 01:00:00.000 UTC,0.400837,0.397708,0.40041,0.397708
2023-11-24 00:00:00.000 UTC,0.400439,0.397167,0.398484,0.399749
2023-11-23 23:00:00.000 UTC,0.400884,0.397755,0.399015,0.397755
2023-11-23 22:00:00.000 UTC,0.4001,0.396199,0.396432,0.399455
2023-11-23 21:00:00.000 UTC,0.39766,0.394355,0.394355,0.39676
2023-11-23 20:00:00.000 UTC,0.394633,0.392056,0.392056,0.394158
2023-11-23 19:00:00.000 UTC,0.392922,0.390791,0.392922,0.392752
2023-11-23 18:00:00.000 UTC,0.394722,0.392783,0.394144,0.393425
2023-11-23 17:00:00.000 UTC,0.395121,0.391665,0.391665,0.394673
2023-11-23 16:00:00.000 UTC,0.392775,0.388677,0.388677,0.392031
2023-11-23 15:00:00.000 UTC,0.390935,0.388151,0.389848,0.388515
2023-11-23 14:00:00.000 UTC,0.391425,0.389444,0.390188,0.389444
2023-11-23 13:00:00.000 UTC,0.39168,0.389967,0.390098,0.389967
2023-11-23 12:00:00.000 UTC,0.39161,0.390028,0.390124,0.390028
2023-11-23 11:00:00.000 UTC,0.392638,0.389176,0.392638,0.389681
2023-11-23 10:00:00.000 UTC,0.395839,0.392685,0.395839,0.392685
2023-11-23 09:00:00.000 UTC,0.394833,0.392691,0.393843,0.394833
2023-11-23 08:00:00.000 UTC,0.394121,0.391471,0.391573,0.393823
2023-11-23 07:00:00.000 UTC,0.39357,0.391516,0.392064,0.391516
2023-11-23 06:00:00.000 UTC,0.392971,0.39066,0.392729,0.391998
2023-11-23 05:00:00.000 UTC,0.394485,0.392976,0.394224,0.392976
2023-11-23 04:00:00.000 UTC,0.394239,0.392351,0.393141,0.394059
2023-11-23 03:00:00.000 UTC,0.394729,0.392993,0.394509,0.393556
2023-11-23 02:00:00.000 UTC,0.39569,0.393374,0.395278,0.394638
2023-11-23 01:00:00.000 UTC,0.396593,0.390996,0.390996,0.39463
2023-11-23 00:00:00.000 UTC,0.392499,0.390287,0.391193,0.390621
2023-11-22 23:00:00.000 UTC,0.391487,0.389267,0.391487,0.391032
2023-11-22 22:00:00.000 UTC,0.393479,0.390504,0.392455,0.390852
2023-11-22 21:00:00.000 UTC,0.395434,0.391815,0.393186,0.391815
2023-11-22 20:00:00.000 UTC,0.393108,0.389677,0.39032,0.393108
2023-11-22 19:00:00.000 UTC,0.391531,0.388963,0.389513,0.390446
2023-11-22 18:00:00.000 UTC,0.389513,0.382915,0.382915,0.387963
2023-11-22 17:00:00.000 UTC,0.383445,0.379677,0.379677,0.382588
2023-11-22 16:00:00.000 UTC,0.382327,0.378537,0.380512,0.379115
2023-11-22 15:00:00.000 UTC,0.381994,0.376751,0.378941,0.379606
2023-11-22 14:00:00.000 UTC,0.382614,0.377566,0.382364,0.377566
2023-11-22 13:00:00.000 UTC,0.381639,0.378669,0.379716,0.381639
2023-11-22 12:00:00.000 UTC,0.38046,0.377122,0.377122,0.38046
2023-11-22 11:00:00.000 UTC,0.382792,0.378191,0.382633,0.378191
2023-11-22 10:00:00.000 UTC,0.38351,0.380466,0.383107,0.382864
2023-11-22 09:00:00.000 UTC,0.383286,0.381551,0.382292,0.382782
2023-11-22 08:00:00.000 UTC,0.382456,0.380716,0.380716,0.382456
2023-11-22 07:00:00.000 UTC,0.383189,0.381088,0.382504,0.381088
2023-11-22 06:00:00.000 UTC,0.384775,0.380289,0.380289,0.382603
2023-11-22 05:00:00.000 UTC,0.382783,0.380619,0.382386,0.380619
2023-11-22 04:00:00.000 UTC,0.382484,0.380319,0.381635,0.382314
2023-11-22 03:00:00.000 UTC,0.381087,0.376818,0.378269,0.381087
2023-11-22 02:00:00.000 UTC,0.377337,0.372786,0.374008,0.377337
2023-11-22 01:00:00.000 UTC,0.375576,0.372466,0.372466,0.374626
2023-11-22 00:00:00.000 UTC,0.373224,0.366932,0.366932,0.372275
2023-11-21 23:00:00.000 UTC,0.373175,0.368879,0.369534,0.368879
2023-11-21 22:00:00.000 UTC,0.385798,0.3725,0.385798,0.3725
2023-11-21 21:00:00.000 UTC,0.389712,0.385802,0.387585,0.385832
2023-11-21 20:00:00.000 UTC,0.390653,0.383821,0.38616,0.387672
2023-11-21 19:00:00.000 UTC,0.386988,0.381031,0.381031,0.385019
2023-11-21 18:00:00.000 UTC,0.385097,0.378101,0.385097,0.380394
2023-11-21 17:00:00.000 UTC,0.396431,0.386044,0.396247,0.386175
2023-11-21 16:00:00.000 UTC,0.398199,0.393916,0.396818,0.397984
2023-11-21 15:00:00.000 UTC,0.398155,0.388441,0.396799,0.398155
2023-11-21 14:00:00.000 UTC,0.401185,0.396114,0.401185,0.397055
2023-11-21 13:00:00.000 UTC,0.405636,0.401293,0.405636,0.401554
2023-11-21 12:00:00.000 UTC,0.405765,0.403738,0.403738,0.404789
2023-11-21 11:00:00.000 UTC,0.407167,0.403803,0.407167,0.403842
2023-11-21 10:00:00.000 UTC,0.408341,0.406118,0.406334,0.406644
2023-11-21 09:00:00.000 UTC,0.409722,0.40668,0.408445,0.40668
2023-11-21 08:00:00.000 UTC,0.408163,0.404932,0.404932,0.408163
2023-11-21 07:00:00.000 UTC,0.411038,0.406648,0.411038,0.407451
2023-11-21 06:00:00.000 UTC,0.411941,0.408961,0.409909,0.410827
2023-11-21 05:00:00.000 UTC,0.411086,0.407787,0.410214,0.409064
2023-11-21 04:00:00.000 UTC,0.410913,0.408989,0.410913,0.409912
2023-11-21 03:00:00.000 UTC,0.410502,0.407395,0.407395,0.410376
2023-11-21 02:00:00.000 UTC,0.417607,0.40682,0.417607,0.40682
2023-11-21 01:00:00.000 UTC,0.4187,0.41283,0.415091,0.417317
2023-11-21 00:00:00.000 UTC,0.416416,0.41095,0.41234,0.414979
2023-11-20 23:00:00.000 UTC,0.417331,0.411573,0.415183,0.411573
2023-11-20 22:00:00.000 UTC,0.419758,0.413721,0.413729,0.41569
2023-11-20 21:00:00.000 UTC,0.416903,0.407787,0.416903,0.413314
2023-11-20 20:00:00.000 UTC,0.419034,0.416803,0.417721,0.416803
2023-11-20 19:00:00.000 UTC,0.421096,0.417926,0.419389,0.418282
2023-11-20 18:00:00.000 UTC,0.424219,0.418242,0.423609,0.420518
2023-11-20 17:00:00.000 UTC,0.42557,0.414303,0.414303,0.424
2023-11-20 16:00:00.000 UTC,0.423376,0.413584,0.421916,0.413584
2023-11-20 15:00:00.000 UTC,0.424111,0.421156,0.422877,0.422511
2023-11-20 14:00:00.000 UTC,0.421186,0.413547,0.41677,0.421186
2023-11-20 13:00:00.000 UTC,0.421394,0.41711,0.41711,0.418308
2023-11-20 12:00:00.000 UTC,0.417991,0.415983,0.417692,0.417405
2023-11-20 11:00:00.000 UTC,0.422636,0.416571,0.421835,0.416571
2023-11-20 10:00:00.000 UTC,0.421461,0.418893,0.42025,0.421461
2023-11-20 09:00:00.000 UTC,0.418593,0.414316,0.414415,0.418593
2023-11-20 08:00:00.000 UTC,0.417072,0.413675,0.416459,0.413675
2023-11-20 07:00:00.000 UTC,0.415875,0.413541,0.415283,0.415875
2023-11-20 06:00:00.000 UTC,0.415751,0.413233,0.414012,0.415083
2023-11-20 05:00:00.000 UTC,0.416809,0.413274,0.415775,0.413699
2023-11-20 04:00:00.000 UTC,0.416826,0.413297,0.414258,0.416092
2023-11-20 03:00:00.000 UTC,0.417063,0.413633,0.417063,0.414218
2023-11-20 02:00:00.000 UTC,0.416619,0.413858,0.416015,0.416619
2023-11-20 01:00:00.000 UTC,0.418376,0.415589,0.416266,0.416128
2023-11-20 00:00:00.000 UTC,0.418193,0.414028,0.418193,0.415724
2023-11-19 23:00:00.000 UTC,0.419037,0.412293,0.412293,0.417506
2023-11-19 22:00:00.000 UTC,0.413438,0.411456,0.413438,0.411456
2023-11-19 21:00:00.000 UTC,0.413702,0.412003,0.413702,0.412915
2023-11-19 20:00:00.000 UTC,0.415706,0.412625,0.415157,0.413651
2023-11-19 19:00:00.000 UTC,0.414941,0.411923,0.413835,0.414941
2023-11-19 18:00:00.000 UTC,0.414026,0.409347,0.409347,0.414026
2023-11-19 17:00:00.000 UTC,0.410463,0.40708,0.40708,0.408741
2023-11-19 16:00:00.000 UTC,0.410156,0.407363,0.408496,0.407363
2023-11-19 15:00:00.000 UTC,0.408823,0.404315,0.405115,0.408623
2023-11-19 14:00:00.000 UTC,0.407301,0.405327,0.407277,0.405533
2023-11-19 13:00:00.000 UTC,0.408325,0.406073,0.406073,0.407532
2023-11-19 12:00:00.000 UTC,0.406892,0.404645,0.405938,0.406305
2023-11-19 11:00:00.000 UTC,0.407385,0.404296,0.407385,0.40577
2023-11-19 10:00:00.000 UTC,0.410957,0.407111,0.410957,0.408371
2023-11-19 09:00:00.000 UTC,0.41096,0.408335,0.409104,0.410739
2023-11-19 08:00:00.000 UTC,0.412251,0.409117,0.409117,0.409704
2023-11-19 07:00:00.000 UTC,0.410898,0.408912,0.409214,0.410163
2023-11-19 06:00:00.000 UTC,0.409413,0.405288,0.405288,0.409286
2023-11-19 05:00:00.000 UTC,0.406376,0.404666,0.404669,0.40555
2023-11-19 04:00:00.000 UTC,0.404651,0.403082,0.404595,0.404651
2023-11-19 03:00:00.000 UTC,0.404098,0.400504,0.401729,0.404098
2023-11-19 02:00:00.000 UTC,0.402604,0.398809,0.400777,0.402236
2023-11-19 01:00:00.000 UTC,0.402246,0.396842,0.400209,0.400751
2023-11-19 00:00:00.000 UTC,0.405819,0.401672,0.405819,0.401672
2023-11-18 23:00:00.000 UTC,0.40545,0.404408,0.404747,0.40545
2023-11-18 22:00:00.000 UTC,0.404707,0.40178,0.403797,0.404707
2023-11-18 21:00:00.000 UTC,0.404961,0.403282,0.404092,0.403778
2023-11-18 20:00:00.000 UTC,0.406353,0.403768,0.405027,0.404288
2023-11-18 19:00:00.000 UTC,0.406385,0.404503,0.405683,0.405534
2023-11-18 18:00:00.000 UTC,0.405562,0.402113,0.402606,0.405562
2023-11-18 17:00:00.000 UTC,0.405045,0.40268,0.404212,0.40268
2023-11-18 16:00:00.000 UTC,0.408413,0.404117,0.405374,0.405479
2023-11-18 15:00:00.000 UTC,0.405648,0.399753,0.400094,0.405648
2023-11-18 14:00:00.000 UTC,0.400695,0.396403,0.396403,0.399169
2023-11-18 13:00:00.000 UTC,0.400461,0.395499,0.399791,0.397141
2023-11-18 12:00:00.000 UTC,0.400711,0.398912,0.399626,0.400349
2023-11-18 11:00:00.000 UTC,0.402384,0.399727,0.402384,0.399727
2023-11-18 10:00:00.000 UTC,0.401692,0.398241,0.398241,0.401692
2023-11-18 09:00:00.000 UTC,0.399942,0.39834,0.398991,0.398539
2023-11-18 08:00:00.000 UTC,0.399751,0.395767,0.396725,0.399751
2023-11-18 07:00:00.000 UTC,0.396308,0.388836,0.393376,0.396053
2023-11-18 06:00:00.000 UTC,0.398995,0.393524,0.397432,0.393524
2023-11-18 05:00:00.000 UTC,0.403151,0.396844,0.403151,0.397612
2023-11-18 04:00:00.000 UTC,0.407052,0.402416,0.402416,0.404345
2023-11-18 03:00:00.000 UTC,0.409291,0.4034,0.409291,0.4034
2023-11-18 02:00:00.000 UTC,0.410377,0.408859,0.408859,0.409757
2023-11-18 01:00:00.000 UTC,0.411371,0.409311,0.410826,0.409495
2023-11-18 00:00:00.000 UTC,0.418682,0.411779,0.418682,0.4124
2023-11-17 23:00:00.000 UTC,0.418909,0.416263,0.417264,0.41695
2023-11-17 22:00:00.000 UTC,0.416347,0.408768,0.408768,0.416347
2023-11-17 21:00:00.000 UTC,0.408657,0.405849,0.406553,0.408657
2023-11-17 20:00:00.000 UTC,0.411492,0.406179,0.407938,0.407726
2023-11-17 19:00:00.000 UTC,0.410023,0.407024,0.410023,0.408112
2023-11-17 18:00:00.000 UTC,0.410183,0.407543,0.410183,0.409319
2023-11-17 17:00:00.000 UTC,0.409584,0.399192,0.399192,0.409584
2023-11-17 16:00:00.000 UTC,0.404015,0.393488,0.393488,0.400054
2023-11-17 15:00:00.000 UTC,0.407159,0.393199,0.40708,0.393199
2023-11-17 14:00:00.000 UTC,0.420156,0.407103,0.419136,0.407104
2023-11-17 13:00:00.000 UTC,0.425423,0.419755,0.420716,0.419755
2023-11-17 12:00:00.000 UTC,0.421757,0.416082,0.421757,0.418947
2023-11-17 11:00:00.000 UTC,0.421842,0.419143,0.419833,0.421344
2023-11-17 10:00:00.000 UTC,0.424711,0.417426,0.424711,0.419609
2023-11-17 09:00:00.000 UTC,0.427842,0.424011,0.426956,0.425193
2023-11-17 08:00:00.000 UTC,0.427608,0.424851,0.424851,0.427608
2023-11-17 07:00:00.000 UTC,0.42868,0.424979,0.42868,0.424979
2023-11-17 06:00:00.000 UTC,0.431902,0.428282,0.429739,0.42854
2023-11-17 05:00:00.000 UTC,0.429525,0.42779,0.427965,0.429525
2023-11-17 04:00:00.000 UTC,0.430288,0.42731,0.42932,0.427977
2023-11-17 03:00:00.000 UTC,0.430664,0.425866,0.430664,0.428695
2023-11-17 02:00:00.000 UTC,0.433953,0.430038,0.433072,0.431427
2023-11-17 01:00:00.000 UTC,0.432305,0.426382,0.428271,0.432305
2023-11-17 00:00:00.000 UTC,0.426631,0.421123,0.421525,0.426631
2023-11-16 23:00:00.000 UTC,0.423064,0.41756,0.423064,0.422503
2023-11-16 22:00:00.000 UTC,0.424801,0.419088,0.419088,0.424312
2023-11-16 21:00:00.000 UTC,0.420474,0.415147,0.41826,0.420333
2023-11-16 20:00:00.000 UTC,0.422737,0.418182,0.421808,0.419248
2023-11-16 19:00:00.000 UTC,0.42499,0.413064,0.42499,0.41998
2023-11-16 18:00:00.000 UTC,0.428754,0.424417,0.428283,0.425011
2023-11-16 17:00:00.000 UTC,0.432475,0.429807,0.431561,0.430046
2023-11-16 16:00:00.000 UTC,0.430361,0.427174,0.427365,0.429575
2023-11-16 15:00:00.000 UTC,0.436444,0.42614,0.434612,0.42614
2023-11-16 14:00:00.000 UTC,0.434256,0.429256,0.433889,0.433082
2023-11-16 13:00:00.000 UTC,0.438578,0.429412,0.437461,0.434487
2023-11-16 12:00:00.000 UTC,0.440816,0.436151,0.440816,0.437784
2023-11-16 11:00:00.000 UTC,0.445429,0.439658,0.439658,0.441127
2023-11-16 10:00:00.000 UTC,0.444946,0.440531,0.442573,0.440531
2023-11-16 09:00:00.000 UTC,0.444461,0.438478,0.444081,0.440489
2023-11-16 08:00:00.000 UTC,0.451566,0.441661,0.449407,0.446136
2023-11-16 07:00:00.000 UTC,0.450939,0.446537,0.447373,0.449701
2023-11-16 06:00:00.000 UTC,0.447364,0.444516,0.446623,0.446546
2023-11-16 05:00:00.000 UTC,0.447477,0.443381,0.447477,0.444897
2023-11-16 04:00:00.000 UTC,0.447126,0.443946,0.446468,0.447126
2023-11-16 03:00:00.000 UTC,0.447496,0.44508,0.447186,0.446399
2023-11-16 02:00:00.000 UTC,0.44751,0.444083,0.445139,0.446646
2023-11-16 01:00:00.000 UTC,0.449698,0.444088,0.449698,0.44432
2023-11-16 00:00:00.000 UTC,0.450987,0.440936,0.441387,0.450473
2023-11-15 23:00:00.000 UTC,0.442241,0.439459,0.441133,0.441519
2023-11-15 22:00:00.000 UTC,0.444162,0.437512,0.437972,0.441551
2023-11-15 21:00:00.000 UTC,0.439581,0.436703,0.439581,0.437332
2023-11-15 20:00:00.000 UTC,0.441119,0.438975,0.439749,0.439911
2023-11-15 19:00:00.000 UTC,0.439263,0.434384,0.437005,0.43832
2023-11-15 18:00:00.000 UTC,0.437682,0.429534,0.432468,0.435364
2023-11-15 17:00:00.000 UTC,0.437126,0.432297,0.437126,0.433008
2023-11-15 16:00:00.000 UTC,0.440628,0.430642,0.432151,0.440628
2023-11-15 15:00:00.000 UTC,0.432613,0.429318,0.429318,0.431853
2023-11-15 14:00:00.000 UTC,0.432817,0.428151,0.431005,0.430585
2023-11-15 13:00:00.000 UTC,0.435065,0.428369,0.435065,0.431394
2023-11-15 12:00:00.000 UTC,0.43786,0.43534,0.43786,0.436271
2023-11-15 11:00:00.000 UTC,0.43752,0.431096,0.431096,0.437467
2023-11-15 10:00:00.000 UTC,0.429984,0.427637,0.427637,0.429984
2023-11-15 09:00:00.000 UTC,0.43252,0.428474,0.431259,0.428474
2023-11-15 08:00:00.000 UTC,0.430486,0.427353,0.427353,0.430449
2023-11-15 07:00:00.000 UTC,0.428273,0.423742,0.423742,0.428273
2023-11-15 06:00:00.000 UTC,0.4251,0.422067,0.423789,0.424552
2023-11-15 05:00:00.000 UTC,0.424294,0.419633,0.420638,0.424294
2023-11-15 04:00:00.000 UTC,0.420384,0.413304,0.413304,0.420384
2023-11-15 03:00:00.000 UTC,0.420556,0.4151,0.420556,0.415521
2023-11-15 02:00:00.000 UTC,0.421165,0.416665,0.419899,0.421165
2023-11-15 01:00:00.000 UTC,0.421675,0.418387,0.420213,0.418387
2023-11-15 00:00:00.000 UTC,0.424842,0.420596,0.422381,0.420596
2023-11-14 23:00:00.000 UTC,0.424234,0.422123,0.423624,0.423147
2023-11-14 22:00:00.000 UTC,0.424433,0.419899,0.420319,0.42418
2023-11-14 21:00:00.000 UTC,0.419012,0.413084,0.413408,0.419012
2023-11-14 20:00:00.000 UTC,0.418491,0.412567,0.412567,0.413705
2023-11-14 19:00:00.000 UTC,0.416798,0.409523,0.409523,0.411853
2023-11-14 18:00:00.000 UTC,0.427434,0.408517,0.425974,0.408517
2023-11-14 17:00:00.000 UTC,0.434308,0.426968,0.433773,0.426968
2023-11-14 16:00:00.000 UTC,0.4358,0.431967,0.431967,0.434339
2023-11-14 15:00:00.000 UTC,0.440196,0.428677,0.440196,0.433119
2023-11-14 14:00:00.000 UTC,0.440384,0.434613,0.434841,0.440035
2023-11-14 13:00:00.000 UTC,0.437478,0.428075,0.428075,0.436409
2023-11-14 12:00:00.000 UTC,0.429047,0.425879,0.428671,0.429047
2023-11-14 11:00:00.000 UTC,0.43749,0.426701,0.43749,0.429108
2023-11-14 10:00:00.000 UTC,0.441457,0.43578,0.441457,0.437253
2023-11-14 09:00:00.000 UTC,0.448709,0.442382,0.448709,0.442758
2023-11-14 08:00:00.000 UTC,0.448396,0.445293,0.446795,0.448396
2023-11-14 07:00:00.000 UTC,0.447665,0.442432,0.443261,0.446969
2023-11-14 06:00:00.000 UTC,0.445622,0.442015,0.445444,0.443919
2023-11-14 05:00:00.000 UTC,0.447127,0.441618,0.441618,0.444645
2023-11-14 04:00:00.000 UTC,0.442807,0.438074,0.439949,0.441429
2023-11-14 03:00:00.000 UTC,0.442759,0.440567,0.441535,0.441183
2023-11-14 02:00:00.000 UTC,0.443267,0.438955,0.438955,0.440637
2023-11-14 01:00:00.000 UTC,0.443334,0.428454,0.428454,0.43957
2023-11-14 00:00:00.000 UTC,0.440296,0.428587,0.439434,0.42899
2023-11-13 23:00:00.000 UTC,0.446674,0.440062,0.441729,0.440062
2023-11-13 22:00:00.000 UTC,0.452247,0.444491,0.444491,0.444665
2023-11-13 21:00:00.000 UTC,0.459854,0.441542,0.459854,0.443197
2023-11-13 20:00:00.000 UTC,0.466546,0.455865,0.457366,0.462749
2023-11-13 19:00:00.000 UTC,0.457615,0.454605,0.455971,0.45632
2023-11-13 18:00:00.000 UTC,0.456997,0.44983,0.45307,0.455896
2023-11-13 17:00:00.000 UTC,0.461368,0.450958,0.461368,0.4519
2023-11-13 16:00:00.000 UTC,0.462549,0.45871,0.459003,0.459514
2023-11-13 15:00:00.000 UTC,0.459738,0.449024,0.449024,0.459738
2023-11-13 14:00:00.000 UTC,0.458257,0.444964,0.456131,0.447417
2023-11-13 13:00:00.000 UTC,0.458491,0.453785,0.458491,0.456535
2023-11-13 12:00:00.000 UTC,0.457777,0.446642,0.449815,0.457777
2023-11-13 11:00:00.000 UTC,0.456761,0.44771,0.456414,0.44771
2023-11-13 10:00:00.000 UTC,0.464004,0.451717,0.464004,0.456859
2023-11-13 09:00:00.000 UTC,0.46909,0.459874,0.459874,0.465139
2023-11-13 08:00:00.000 UTC,0.459712,0.44846,0.44846,0.459712
2023-11-13 07:00:00.000 UTC,0.451651,0.444976,0.445439,0.448381
2023-11-13 06:00:00.000 UTC,0.448374,0.441312,0.448374,0.44378
2023-11-13 05:00:00.000 UTC,0.445457,0.438716,0.441317,0.445457
2023-11-13 04:00:00.000 UTC,0.448308,0.441144,0.443575,0.441144
2023-11-13 03:00:00.000 UTC,0.455465,0.446375,0.455465,0.446375
2023-11-13 02:00:00.000 UTC,0.45896,0.455395,0.457682,0.457598
2023-11-13 01:00:00.000 UTC,0.457242,0.446659,0.446659,0.457242
2023-11-13 00:00:00.000 UTC,0.445277,0.438326,0.442214,0.443927
2023-11-12 23:00:00.000 UTC,0.446533,0.439474,0.445198,0.442843
2023-11-12 22:00:00.000 UTC,0.44631,0.445122,0.445781,0.445122
2023-11-12 21:00:00.000 UTC,0.447192,0.444666,0.446277,0.445336
2023-11-12 20:00:00.000 UTC,0.447115,0.441434,0.442153,0.447115
2023-11-12 19:00:00.000 UTC,0.445201,0.440707,0.44498,0.44288
2023-11-12 18:00:00.000 UTC,0.446752,0.438424,0.440564,0.446752
2023-11-12 17:00:00.000 UTC,0.442971,0.437782,0.442336,0.441135
2023-11-12 16:00:00.000 UTC,0.447978,0.441822,0.445801,0.442329
2023-11-12 15:00:00.000 UTC,0.445958,0.441831,0.444808,0.445958
2023-11-12 14:00:00.000 UTC,0.44734,0.442674,0.4428,0.444929
2023-11-12 13:00:00.000 UTC,0.445812,0.439275,0.444519,0.442586
2023-11-12 12:00:00.000 UTC,0.446991,0.442504,0.446404,0.443906
2023-11-12 11:00:00.000 UTC,0.448118,0.444535,0.444535,0.446796
2023-11-12 10:00:00.000 UTC,0.445406,0.439904,0.439904,0.443793
2023-11-12 09:00:00.000 UTC,0.444252,0.437741,0.443971,0.439245
2023-11-12 08:00:00.000 UTC,0.446798,0.442106,0.446798,0.444339
2023-11-12 07:00:00.000 UTC,0.449232,0.440108,0.440108,0.447035
2023-11-12 06:00:00.000 UTC,0.438005,0.433619,0.434976,0.438005
2023-11-12 05:00:00.000 UTC,0.434491,0.429883,0.432617,0.434491
2023-11-12 04:00:00.000 UTC,0.435551,0.430434,0.431577,0.431538
2023-11-12 03:00:00.000 UTC,0.433486,0.430377,0.430435,0.433169
2023-11-12 02:00:00.000 UTC,0.434142,0.429258,0.434142,0.429258
2023-11-12 01:00:00.000 UTC,0.434252,0.425234,0.426551,0.433948
2023-11-12 00:00:00.000 UTC,0.441248,0.420261,0.440494,0.424998
2023-11-11 23:00:00.000 UTC,0.441921,0.436129,0.441921,0.440369
2023-11-11 22:00:00.000 UTC,0.44285,0.436217,0.440299,0.442503
2023-11-11 21:00:00.000 UTC,0.445077,0.440603,0.444316,0.440603
2023-11-11 20:00:00.000 UTC,0.453215,0.445552,0.453215,0.445552
2023-11-11 19:00:00.000 UTC,0.454351,0.450994,0.454351,0.453217
2023-11-11 18:00:00.000 UTC,0.456332,0.451117,0.454695,0.454561
2023-11-11 17:00:00.000 UTC,0.458917,0.441851,0.443334,0.453226
2023-11-11 16:00:00.000 UTC,0.443101,0.434183,0.434183,0.443101
2023-11-11 15:00:00.000 UTC,0.438945,0.434799,0.437814,0.434799
2023-11-11 14:00:00.000 UTC,0.439739,0.423076,0.423076,0.437773
2023-11-11 13:00:00.000 UTC,0.424736,0.42,0.420556,0.423058
2023-11-11 12:00:00.000 UTC,0.419887,0.415273,0.416754,0.419887
2023-11-11 11:00:00.000 UTC,0.417772,0.414756,0.417292,0.415396
2023-11-11 10:00:00.000 UTC,0.417741,0.413858,0.415395,0.416374
2023-11-11 09:00:00.000 UTC,0.415613,0.409669,0.410122,0.415613
2023-11-11 08:00:00.000 UTC,0.410853,0.407512,0.407712,0.410174
2023-11-11 07:00:00.000 UTC,0.409506,0.407021,0.407573,0.407121
2023-11-11 06:00:00.000 UTC,0.408462,0.405302,0.407118,0.408083
2023-11-11 05:00:00.000 UTC,0.408236,0.404988,0.405618,0.408007
2023-11-11 04:00:00.000 UTC,0.408902,0.402009,0.408902,0.405052
2023-11-11 03:00:00.000 UTC,0.416178,0.410915,0.416178,0.410915
2023-11-11 02:00:00.000 UTC,0.416377,0.411034,0.411283,0.415748
2023-11-11 01:00:00.000 UTC,0.420291,0.411114,0.418034,0.411114
2023-11-11 00:00:00.000 UTC,0.422581,0.417857,0.42204,0.41825
2023-11-10 23:00:00.000 UTC,0.42508,0.421563,0.422197,0.421563
2023-11-10 22:00:00.000 UTC,0.421349,0.416642,0.416642,0.421349
2023-11-10 21:00:00.000 UTC,0.416474,0.412297,0.412788,0.416336
2023-11-10 20:00:00.000 UTC,0.412113,0.407892,0.409305,0.412113
2023-11-10 19:00:00.000 UTC,0.409775,0.406068,0.406068,0.409775
2023-11-10 18:00:00.000 UTC,0.409643,0.406131,0.40724,0.406131
2023-11-10 17:00:00.000 UTC,0.408218,0.405719,0.406579,0.406931
2023-11-10 16:00:00.000 UTC,0.406794,0.402134,0.402631,0.406186
2023-11-10 15:00:00.000 UTC,0.403642,0.398744,0.399371,0.403084
2023-11-10 14:00:00.000 UTC,0.405348,0.398069,0.404304,0.399804
2023-11-10 13:00:00.000 UTC,0.413291,0.407804,0.412701,0.407804
2023-11-10 12:00:00.000 UTC,0.416078,0.408975,0.416078,0.411292
2023-11-10 11:00:00.000 UTC,0.416488,0.412759,0.412759,0.415742
2023-11-10 10:00:00.000 UTC,0.415274,0.411012,0.415274,0.412699
2023-11-10 09:00:00.000 UTC,0.415214,0.409716,0.409716,0.414789
2023-11-10 08:00:00.000 UTC,0.413092,0.406308,0.413092,0.409478
2023-11-10 07:00:00.000 UTC,0.418058,0.413214,0.416473,0.413664
2023-11-10 06:00:00.000 UTC,0.418017,0.415234,0.417519,0.417752
2023-11-10 05:00:00.000 UTC,0.418172,0.413659,0.415757,0.417318
2023-11-10 04:00:00.000 UTC,0.418978,0.414339,0.414554,0.415713
2023-11-10 03:00:00.000 UTC,0.42231,0.414825,0.420918,0.414825
2023-11-10 02:00:00.000 UTC,0.419885,0.415063,0.419173,0.419885
2023-11-10 01:00:00.000 UTC,0.419542,0.410233,0.41185,0.419542
2023-11-10 00:00:00.000 UTC,0.416196,0.395529,0.395529,0.413354
2023-11-09 23:00:00.000 UTC,0.395528,0.389249,0.390047,0.395528
2023-11-09 22:00:00.000 UTC,0.389654,0.379165,0.379165,0.389654
2023-11-09 21:00:00.000 UTC,0.379712,0.375416,0.37691,0.378012
2023-11-09 20:00:00.000 UTC,0.377645,0.371116,0.377645,0.376555
2023-11-09 19:00:00.000 UTC,0.376966,0.373699,0.375627,0.375527
2023-11-09 18:00:00.000 UTC,0.384576,0.377298,0.384576,0.377298
2023-11-09 17:00:00.000 UTC,0.386118,0.377004,0.381585,0.383206
2023-11-09 16:00:00.000 UTC,0.41301,0.362981,0.412237,0.381577
2023-11-09 15:00:00.000 UTC,0.418924,0.411088,0.417897,0.414212
2023-11-09 14:00:00.000 UTC,0.417535,0.408919,0.409743,0.417535
2023-11-09 13:00:00.000 UTC,0.411974,0.407136,0.411669,0.409389
2023-11-09 12:00:00.000 UTC,0.414078,0.410775,0.412343,0.411578
2023-11-09 11:00:00.000 UTC,0.412751,0.408878,0.412751,0.411931
2023-11-09 10:00:00.000 UTC,0.41481,0.412654,0.413461,0.412654
2023-11-09 09:00:00.000 UTC,0.4149,0.412095,0.414518,0.413301
2023-11-09 08:00:00.000 UTC,0.415303,0.410411,0.410411,0.415303
2023-11-09 07:00:00.000 UTC,0.416786,0.410926,0.415455,0.411415
2023-11-09 06:00:00.000 UTC,0.414802,0.41105,0.41105,0.414688
2023-11-09 05:00:00.000 UTC,0.411337,0.409382,0.410575,0.411337
2023-11-09 04:00:00.000 UTC,0.4112,0.409083,0.409083,0.410811
2023-11-09 03:00:00.000 UTC,0.409698,0.407252,0.409225,0.408177
2023-11-09 02:00:00.000 UTC,0.41127,0.405721,0.406734,0.409587
2023-11-09 01:00:00.000 UTC,0.408293,0.404652,0.406536,0.40692
2023-11-09 00:00:00.000 UTC,0.405515,0.401479,0.402358,0.405515
2023-11-08 23:00:00.000 UTC,0.40551,0.403632,0.404023,0.404023
2023-11-08 22:00:00.000 UTC,0.403614,0.400673,0.400673,0.403614
2023-11-08 21:00:00.000 UTC,0.402674,0.398371,0.401298,0.400596
2023-11-08 20:00:00.000 UTC,0.402072,0.399865,0.401538,0.400543
2023-11-08 19:00:00.000 UTC,0.403305,0.400557,0.401861,0.40173
2023-11-08 18:00:00.000 UTC,0.402189,0.398532,0.398808,0.402189
2023-11-08 17:00:00.000 UTC,0.398923,0.39699,0.398625,0.39886
2023-11-08 16:00:00.000 UTC,0.398579,0.392984,0.392984,0.398579
2023-11-08 15:00:00.000 UTC,0.393568,0.391,0.393568,0.392794
2023-11-08 14:00:00.000 UTC,0.396448,0.393825,0.39577,0.393825
2023-11-08 13:00:00.000 UTC,0.396367,0.394022,0.395309,0.395415
2023-11-08 12:00:00.000 UTC,0.39686,0.394813,0.396659,0.39484
2023-11-08 11:00:00.000 UTC,0.396331,0.395031,0.395543,0.396331
2023-11-08 10:00:00.000 UTC,0.395812,0.393478,0.394342,0.394699
2023-11-08 09:00:00.000 UTC,0.394346,0.391543,0.391543,0.394346
2023-11-08 08:00:00.000 UTC,0.392563,0.390263,0.390762,0.391869
2023-11-08 07:00:00.000 UTC,0.392038,0.387604,0.388161,0.392038
2023-11-08 06:00:00.000 UTC,0.388411,0.385008,0.386382,0.388411
2023-11-08 05:00:00.000 UTC,0.388161,0.385494,0.388161,0.385697
2023-11-08 04:00:00.000 UTC,0.38765,0.385257,0.385394,0.38765
2023-11-08 03:00:00.000 UTC,0.386146,0.384802,0.385777,0.385276
2023-11-08 02:00:00.000 UTC,0.388473,0.386101,0.388473,0.386101
2023-11-08 01:00:00.000 UTC,0.389016,0.387107,0.388162,0.388647
2023-11-08 00:00:00.000 UTC,0.388932,0.384738,0.388323,0.387227
2023-11-07 23:00:00.000 UTC,0.388822,0.387499,0.387561,0.388199
2023-11-07 22:00:00.000 UTC,0.393015,0.386664,0.393015,0.388462
2023-11-07 21:00:00.000 UTC,0.394825,0.39144,0.394825,0.391701
2023-11-07 20:00:00.000 UTC,0.394806,0.390204,0.391608,0.394806
2023-11-07 19:00:00.000 UTC,0.392038,0.389653,0.391277,0.390245
2023-11-07 18:00:00.000 UTC,0.392323,0.38553,0.38553,0.391659
2023-11-07 17:00:00.000 UTC,0.384671,0.375682,0.377128,0.384671
2023-11-07 16:00:00.000 UTC,0.381225,0.37774,0.379213,0.37774
2023-11-07 15:00:00.000 UTC,0.387254,0.377463,0.387254,0.38045
2023-11-07 14:00:00.000 UTC,0.389693,0.385675,0.387376,0.386762
2023-11-07 13:00:00.000 UTC,0.390384,0.385375,0.390384,0.386657
2023-11-07 12:00:00.000 UTC,0.392406,0.387602,0.39054,0.390839
2023-11-07 11:00:00.000 UTC,0.393838,0.385481,0.385481,0.390863
2023-11-07 10:00:00.000 UTC,0.390503,0.385654,0.390503,0.385654
2023-11-07 09:00:00.000 UTC,0.396636,0.389079,0.396636,0.392177
2023-11-07 08:00:00.000 UTC,0.398628,0.396224,0.396912,0.396485
2023-11-07 07:00:00.000 UTC,0.402215,0.395464,0.401351,0.39662
2023-11-07 06:00:00.000 UTC,0.399773,0.392475,0.39271,0.399773
2023-11-07 05:00:00.000 UTC,0.392478,0.389139,0.390252,0.392478
2023-11-07 04:00:00.000 UTC,0.391213,0.388388,0.390909,0.389841
2023-11-07 03:00:00.000 UTC,0.392682,0.387691,0.387691,0.390631
2023-11-07 02:00:00.000 UTC,0.39622,0.389974,0.393749,0.389974
2023-11-07 01:00:00.000 UTC,0.394566,0.387795,0.387795,0.393695
2023-11-07 00:00:00.000 UTC,0.392647,0.38604,0.392621,0.387879
2023-11-06 23:00:00.000 UTC,0.396149,0.392117,0.396015,0.392696
2023-11-06 22:00:00.000 UTC,0.395834,0.39291,0.394037,0.395834
2023-11-06 21:00:00.000 UTC,0.394177,0.391415,0.394177,0.394043
2023-11-06 20:00:00.000 UTC,0.394308,0.391655,0.394308,0.39392
2023-11-06 19:00:00.000 UTC,0.39432,0.390779,0.392132,0.39432
2023-11-06 18:00:00.000 UTC,0.392001,0.389452,0.390845,0.392001
2023-11-06 17:00:00.000 UTC,0.392216,0.389494,0.389494,0.390846
2023-11-06 16:00:00.000 UTC,0.389905,0.38718,0.389355,0.389511
2023-11-06 15:00:00.000 UTC,0.392158,0.389634,0.391492,0.389901
2023-11-06 14:00:00.000 UTC,0.391077,0.389031,0.389031,0.391077
2023-11-06 13:00:00.000 UTC,0.393428,0.387151,0.393428,0.388521
2023-11-06 12:00:00.000 UTC,0.394141,0.38958,0.390922,0.392595
2023-11-06 11:00:00.000 UTC,0.391716,0.387854,0.389377,0.390199
2023-11-06 10:00:00.000 UTC,0.389823,0.386122,0.386691,0.388432
2023-11-06 09:00:00.000 UTC,0.388747,0.386004,0.388747,0.386004
2023-11-06 08:00:00.000 UTC,0.386229,0.382393,0.384281,0.386229
2023-11-06 07:00:00.000 UTC,0.386008,0.38243,0.386008,0.38437
2023-11-06 06:00:00.000 UTC,0.386984,0.379819,0.380745,0.386984
2023-11-06 05:00:00.000 UTC,0.384037,0.377721,0.383107,0.380647
2023-11-06 04:00:00.000 UTC,0.386213,0.381675,0.386062,0.381675
2023-11-06 03:00:00.000 UTC,0.388623,0.384668,0.385512,0.387347
2023-11-06 02:00:00.000 UTC,0.385515,0.377015,0.377015,0.385515
2023-11-06 01:00:00.000 UTC,0.38113,0.37642,0.377474,0.37642
2023-11-06 00:00:00.000 UTC,0.376975,0.373927,0.375211,0.376975
2023-11-05 23:00:00.000 UTC,0.376495,0.374539,0.374539,0.375845
2023-11-05 22:00:00.000 UTC,0.373892,0.367941,0.367941,0.373892
2023-11-05 21:00:00.000 UTC,0.372588,0.367778,0.372588,0.367778
2023-11-05 20:00:00.000 UTC,0.375147,0.371931,0.374123,0.371931
2023-11-05 19:00:00.000 UTC,0.376802,0.374018,0.375544,0.374717
2023-11-05 18:00:00.000 UTC,0.376072,0.374459,0.375739,0.375796
2023-11-05 17:00:00.000 UTC,0.377154,0.374427,0.374454,0.376628
2023-11-05 16:00:00.000 UTC,0.375066,0.370663,0.370773,0.374891
2023-11-05 15:00:00.000 UTC,0.371188,0.369614,0.371188,0.370858
2023-11-05 14:00:00.000 UTC,0.371795,0.367963,0.367963,0.371466
2023-11-05 13:00:00.000 UTC,0.378842,0.373385,0.378615,0.373385
2023-11-05 12:00:00.000 UTC,0.379942,0.376052,0.376653,0.378718
2023-11-05 11:00:00.000 UTC,0.377386,0.375626,0.376452,0.376237
2023-11-05 10:00:00.000 UTC,0.376119,0.374697,0.375992,0.376119
2023-11-05 09:00:00.000 UTC,0.37671,0.371959,0.371959,0.376465
2023-11-05 08:00:00.000 UTC,0.376197,0.372551,0.375416,0.372605
2023-11-05 07:00:00.000 UTC,0.374622,0.371023,0.371023,0.374611
2023-11-05 06:00:00.000 UTC,0.373197,0.370813,0.372981,0.370813
2023-11-05 05:00:00.000 UTC,0.373713,0.372076,0.372784,0.372076
2023-11-05 04:00:00.000 UTC,0.375266,0.371761,0.375066,0.372477
2023-11-05 03:00:00.000 UTC,0.374479,0.373125,0.373896,0.374081
2023-11-05 02:00:00.000 UTC,0.375714,0.372707,0.375714,0.37462
2023-11-05 01:00:00.000 UTC,0.377837,0.37406,0.375158,0.375023
2023-11-05 00:00:00.000 UTC,0.37558,0.372575,0.374061,0.372593
2023-11-04 23:00:00.000 UTC,0.374419,0.372788,0.372897,0.372788
2023-11-04 22:00:00.000 UTC,0.372792,0.369151,0.369151,0.372792
2023-11-04 21:00:00.000 UTC,0.369151,0.366999,0.367393,0.369151
2023-11-04 20:00:00.000 UTC,0.366654,0.365571,0.366082,0.366654
2023-11-04 19:00:00.000 UTC,0.3659,0.364984,0.365743,0.365399
2023-11-04 18:00:00.000 UTC,0.36544,0.363623,0.365014,0.36544
2023-11-04 17:00:00.000 UTC,0.36635,0.364551,0.365338,0.364727
2023-11-04 16:00:00.000 UTC,0.365908,0.364014,0.364014,0.365415
2023-11-04 15:00:00.000 UTC,0.364033,0.361429,0.363225,0.363705
2023-11-04 14:00:00.000 UTC,0.364258,0.362675,0.364258,0.363707
2023-11-04 13:00:00.000 UTC,0.368043,0.364553,0.368043,0.364553
2023-11-04 12:00:00.000 UTC,0.367482,0.36561,0.366499,0.367482
2023-11-04 11:00:00.000 UTC,0.368748,0.366652,0.368656,0.366652
2023-11-04 10:00:00.000 UTC,0.369802,0.366999,0.36796,0.368543
2023-11-04 09:00:00.000 UTC,0.37089,0.368004,0.368004,0.368633
2023-11-04 08:00:00.000 UTC,0.367949,0.365297,0.366005,0.367949
2023-11-04 07:00:00.000 UTC,0.367405,0.365069,0.365069,0.366649
2023-11-04 06:00:00.000 UTC,0.365243,0.362418,0.362418,0.365187
2023-11-04 05:00:00.000 UTC,0.361845,0.360476,0.361716,0.361532
2023-11-04 04:00:00.000 UTC,0.364003,0.36158,0.364003,0.361731
2023-11-04 03:00:00.000 UTC,0.364014,0.362317,0.364014,0.363732
2023-11-04 02:00:00.000 UTC,0.364399,0.363446,0.363448,0.363511
2023-11-04 01:00:00.000 UTC,0.364436,0.361421,0.363105,0.363275
2023-11-04 00:00:00.000 UTC,0.364471,0.361664,0.3632,0.362487
2023-11-03 23:00:00.000 UTC,0.364885,0.362878,0.364514,0.363947
2023-11-03 22:00:00.000 UTC,0.364323,0.362635,0.363341,0.364323
2023-11-03 21:00:00.000 UTC,0.364085,0.362776,0.362776,0.363465
2023-11-03 20:00:00.000 UTC,0.363908,0.361441,0.361979,0.363908
2023-11-03 19:00:00.000 UTC,0.3622,0.360807,0.361029,0.361357
2023-11-03 18:00:00.000 UTC,0.362193,0.358506,0.359081,0.362193
2023-11-03 17:00:00.000 UTC,0.361125,0.357885,0.361121,0.357885
2023-11-03 16:00:00.000 UTC,0.363463,0.359538,0.362459,0.359538
2023-11-03 15:00:00.000 UTC,0.363519,0.361917,0.362506,0.36205
2023-11-03 14:00:00.000 UTC,0.363267,0.360388,0.360802,0.362114
2023-11-03 13:00:00.000 UTC,0.36094,0.357749,0.360301,0.35971
2023-11-03 12:00:00.000 UTC,0.361007,0.357511,0.358508,0.360857
2023-11-03 11:00:00.000 UTC,0.360886,0.354,0.354372,0.358962
2023-11-03 10:00:00.000 UTC,0.355293,0.352627,0.355293,0.354163
2023-11-03 09:00:00.000 UTC,0.359407,0.355775,0.359407,0.355775
2023-11-03 08:00:00.000 UTC,0.360088,0.357032,0.358687,0.358624
2023-11-03 07:00:00.000 UTC,0.359597,0.357593,0.358844,0.358008
2023-11-03 06:00:00.000 UTC,0.360239,0.358068,0.358078,0.358369
2023-11-03 05:00:00.000 UTC,0.357657,0.353147,0.354114,0.357657
2023-11-03 04:00:00.000 UTC,0.358333,0.354149,0.358283,0.354949
2023-11-03 03:00:00.000 UTC,0.358693,0.356582,0.35751,0.358693
2023-11-03 02:00:00.000 UTC,0.357905,0.355177,0.355177,0.35704
2023-11-03 01:00:00.000 UTC,0.358233,0.352594,0.357928,0.354063
2023-11-03 00:00:00.000 UTC,0.367628,0.358776,0.367628,0.358776
2023-11-02 23:00:00.000 UTC,0.367516,0.36255,0.363242,0.367516
2023-11-02 22:00:00.000 UTC,0.364474,0.361844,0.364474,0.363286
2023-11-02 21:00:00.000 UTC,0.363342,0.36007,0.361126,0.363342
2023-11-02 20:00:00.000 UTC,0.362682,0.359618,0.362682,0.360571
2023-11-02 19:00:00.000 UTC,0.361936,0.360724,0.361014,0.361814
2023-11-02 18:00:00.000 UTC,0.363608,0.360917,0.363608,0.361443
2023-11-02 17:00:00.000 UTC,0.362179,0.357315,0.357315,0.362179
2023-11-02 16:00:00.000 UTC,0.359042,0.354427,0.358639,0.357432
2023-11-02 15:00:00.000 UTC,0.363568,0.357977,0.363568,0.359682
2023-11-02 14:00:00.000 UTC,0.366678,0.361174,0.365799,0.363558
2023-11-02 13:00:00.000 UTC,0.374098,0.364947,0.371737,0.366347
2023-11-02 12:00:00.000 UTC,0.372692,0.369353,0.369965,0.372259
2023-11-02 11:00:00.000 UTC,0.37022,0.369037,0.370167,0.369886
2023-11-02 10:00:00.000 UTC,0.372948,0.37064,0.372948,0.37064
2023-11-02 09:00:00.000 UTC,0.373443,0.369935,0.370267,0.372521
2023-11-02 08:00:00.000 UTC,0.3702,0.367132,0.369429,0.3702
2023-11-02 07:00:00.000 UTC,0.372436,0.368719,0.369987,0.368719
2023-11-02 06:00:00.000 UTC,0.370857,0.368228,0.368577,0.370261
2023-11-02 05:00:00.000 UTC,0.371003,0.366666,0.370155,0.367699
2023-11-02 04:00:00.000 UTC,0.37302,0.369998,0.3715,0.370593
2023-11-02 03:00:00.000 UTC,0.377728,0.371664,0.37386,0.371664
2023-11-02 02:00:00.000 UTC,0.378285,0.374285,0.375599,0.374908
2023-11-02 01:00:00.000 UTC,0.379716,0.359998,0.359998,0.379604
2023-11-02 00:00:00.000 UTC,0.359812,0.3564,0.357306,0.359344
2023-11-01 23:00:00.000 UTC,0.356984,0.353356,0.353356,0.356984
2023-11-01 22:00:00.000 UTC,0.356106,0.353404,0.355849,0.353404
2023-11-01 21:00:00.000 UTC,0.355226,0.353817,0.354385,0.354193
2023-11-01 20:00:00.000 UTC,0.353387,0.348041,0.348041,0.352826
2023-11-01 19:00:00.000 UTC,0.351271,0.346656,0.348621,0.346656
2023-11-01 18:00:00.000 UTC,0.348343,0.342279,0.342279,0.347467
2023-11-01 17:00:00.000 UTC,0.342194,0.339684,0.339684,0.342194
2023-11-01 16:00:00.000 UTC,0.340842,0.337694,0.337694,0.339981
2023-11-01 15:00:00.000 UTC,0.338685,0.33676,0.337654,0.337001
2023-11-01 14:00:00.000 UTC,0.342773,0.337381,0.34094,0.337381
2023-11-01 13:00:00.000 UTC,0.345217,0.340367,0.343715,0.340936
2023-11-01 12:00:00.000 UTC,0.343522,0.338383,0.340307,0.343522
2023-11-01 11:00:00.000 UTC,0.339867,0.337156,0.337156,0.339867
2023-11-01 10:00:00.000 UTC,0.339481,0.336443,0.339481,0.336443
2023-11-01 09:00:00.000 UTC,0.34023,0.339057,0.339382,0.339057
2023-11-01 08:00:00.000 UTC,0.340189,0.338861,0.339714,0.339193
2023-11-01 07:00:00.000 UTC,0.341066,0.339449,0.339864,0.340458
2023-11-01 06:00:00.000 UTC,0.340454,0.336565,0.337118,0.339789
2023-11-01 05:00:00.000 UTC,0.341627,0.337683,0.341627,0.337683
2023-11-01 04:00:00.000 UTC,0.343481,0.341709,0.343481,0.341709
2023-11-01 03:00:00.000 UTC,0.346247,0.343586,0.346188,0.344083
2023-11-01 02:00:00.000 UTC,0.347299,0.345957,0.346493,0.34675
2023-11-01 01:00:00.000 UTC,0.348064,0.345927,0.346441,0.346819
2023-11-01 00:00:00.000 UTC,0.348644,0.345785,0.34703,0.346866
2023-10-31 23:00:00.000 UTC,0.347121,0.345196,0.345518,0.347121
2023-10-31 22:00:00.000 UTC,0.345615,0.341939,0.341939,0.345365
2023-10-31 21:00:00.000 UTC,0.344364,0.341274,0.343514,0.341274
2023-10-31 20:00:00.000 UTC,0.344535,0.341328,0.341328,0.343388
2023-10-31 19:00:00.000 UTC,0.343112,0.340814,0.34245,0.340814
2023-10-31 18:00:00.000 UTC,0.342425,0.340821,0.3415,0.342425
2023-10-31 17:00:00.000 UTC,0.341734,0.339779,0.340753,0.341734
2023-10-31 16:00:00.000 UTC,0.342142,0.338269,0.339493,0.340262
2023-10-31 15:00:00.000 UTC,0.344528,0.336879,0.344528,0.339274
2023-10-31 14:00:00.000 UTC,0.345079,0.342539,0.343109,0.344136
2023-10-31 13:00:00.000 UTC,0.349384,0.343381,0.348562,0.343381
2023-10-31 12:00:00.000 UTC,0.355939,0.348245,0.355529,0.348274
2023-10-31 11:00:00.000 UTC,0.356186,0.353375,0.354541,0.356186
2023-10-31 10:00:00.000 UTC,0.35543,0.353573,0.354543,0.35543
2023-10-31 09:00:00.000 UTC,0.354569,0.352773,0.354569,0.354102
2023-10-31 08:00:00.000 UTC,0.354783,0.348904,0.350831,0.354184
2023-10-31 07:00:00.000 UTC,0.354299,0.350082,0.353655,0.350829
2023-10-31 06:00:00.000 UTC,0.356438,0.353234,0.355763,0.353755
2023-10-31 05:00:00.000 UTC,0.356375,0.352443,0.353767,0.3558
2023-10-31 04:00:00.000 UTC,0.355049,0.353001,0.353001,0.353787
2023-10-31 03:00:00.000 UTC,0.355795,0.35288,0.355557,0.35413
2023-10-31 02:00:00.000 UTC,0.360231,0.354066,0.359902,0.354066
2023-10-31 01:00:00.000 UTC,0.360157,0.356962,0.359626,0.360157
2023-10-31 00:00:00.000 UTC,0.361403,0.357619,0.359144,0.359083
2023-10-30 23:00:00.000 UTC,0.359098,0.357446,0.357446,0.359098
2023-10-30 22:00:00.000 UTC,0.357774,0.356231,0.357774,0.35729
2023-10-30 21:00:00.000 UTC,0.358031,0.355836,0.357028,0.357825
2023-10-30 20:00:00.000 UTC,0.357421,0.354878,0.356707,0.357421
2023-10-30 19:00:00.000 UTC,0.357778,0.354297,0.354297,0.357031
2023-10-30 18:00:00.000 UTC,0.35441,0.352414,0.352414,0.353832
2023-10-30 17:00:00.000 UTC,0.355472,0.34886,0.355472,0.353167
2023-10-30 16:00:00.000 UTC,0.356375,0.354489,0.356188,0.355424
2023-10-30 15:00:00.000 UTC,0.356758,0.354445,0.355687,0.355549
2023-10-30 14:00:00.000 UTC,0.36021,0.355454,0.359991,0.355721
2023-10-30 13:00:00.000 UTC,0.358968,0.355634,0.356863,0.357858
2023-10-30 12:00:00.000 UTC,0.361854,0.357536,0.357552,0.357536
2023-10-30 11:00:00.000 UTC,0.360889,0.356894,0.356894,0.357653
2023-10-30 10:00:00.000 UTC,0.357771,0.354635,0.357428,0.357771
2023-10-30 09:00:00.000 UTC,0.358135,0.355154,0.355154,0.356191
2023-10-30 08:00:00.000 UTC,0.355473,0.351588,0.351868,0.354179
2023-10-30 07:00:00.000 UTC,0.35476,0.350638,0.353002,0.351112
2023-10-30 06:00:00.000 UTC,0.352012,0.349472,0.351721,0.352012
2023-10-30 05:00:00.000 UTC,0.359436,0.353592,0.357371,0.353592
2023-10-30 04:00:00.000 UTC,0.360405,0.358096,0.359821,0.358096
2023-10-30 03:00:00.000 UTC,0.36198,0.358735,0.361687,0.358735
2023-10-30 02:00:00.000 UTC,0.363828,0.359495,0.362664,0.361725
2023-10-30 01:00:00.000 UTC,0.363938,0.361899,0.361899,0.362229
2023-10-30 00:00:00.000 UTC,0.365442,0.35674,0.35674,0.362793
2023-10-29 23:00:00.000 UTC,0.362732,0.356469,0.361654,0.35702
2023-10-29 22:00:00.000 UTC,0.363932,0.361927,0.361927,0.362097
2023-10-29 21:00:00.000 UTC,0.366046,0.362739,0.365966,0.362861
2023-10-29 20:00:00.000 UTC,0.365821,0.362045,0.364882,0.365278
2023-10-29 19:00:00.000 UTC,0.365209,0.361769,0.365209,0.363821
2023-10-29 18:00:00.000 UTC,0.368067,0.361408,0.361856,0.365343
2023-10-29 17:00:00.000 UTC,0.360724,0.353969,0.355022,0.360724
2023-10-29 16:00:00.000 UTC,0.355696,0.35247,0.353419,0.352986
2023-10-29 15:00:00.000 UTC,0.35596,0.352349,0.355106,0.352969
2023-10-29 14:00:00.000 UTC,0.357133,0.34733,0.34733,0.357016
2023-10-29 13:00:00.000 UTC,0.34623,0.335549,0.335549,0.345752
2023-10-29 12:00:00.000 UTC,0.334202,0.331476,0.331771,0.334202
2023-10-29 11:00:00.000 UTC,0.332706,0.330747,0.330747,0.331767
2023-10-29 10:00:00.000 UTC,0.332039,0.330392,0.332039,0.330648
2023-10-29 09:00:00.000 UTC,0.333178,0.332089,0.333178,0.332257
2023-10-29 08:00:00.000 UTC,0.333229,0.331161,0.331161,0.332932
2023-10-29 07:00:00.000 UTC,0.331837,0.329978,0.330494,0.331837
2023-10-29 06:00:00.000 UTC,0.330889,0.329,0.329056,0.330481
2023-10-29 05:00:00.000 UTC,0.330307,0.328636,0.330072,0.329261
2023-10-29 04:00:00.000 UTC,0.330921,0.327977,0.328429,0.330443
2023-10-29 03:00:00.000 UTC,0.32921,0.32792,0.32921,0.32792
2023-10-29 02:00:00.000 UTC,0.32889,0.327709,0.328326,0.328734
2023-10-29 01:00:00.000 UTC,0.32937,0.326243,0.329334,0.328537
2023-10-29 00:00:00.000 UTC,0.33201,0.33056,0.33149,0.33056
2023-10-28 23:00:00.000 UTC,0.331305,0.329681,0.331051,0.331305
2023-10-28 22:00:00.000 UTC,0.332518,0.329607,0.332518,0.330993
2023-10-28 21:00:00.000 UTC,0.332274,0.331402,0.331408,0.332274
2023-10-28 20:00:00.000 UTC,0.331333,0.329104,0.329104,0.331202
2023-10-28 19:00:00.000 UTC,0.331013,0.329561,0.330462,0.329561
2023-10-28 18:00:00.000 UTC,0.330787,0.328766,0.329988,0.330787
2023-10-28 17:00:00.000 UTC,0.33,0.328988,0.329422,0.329639
2023-10-28 16:00:00.000 UTC,0.329322,0.32824,0.329322,0.329091
2023-10-28 15:00:00.000 UTC,0.329499,0.328073,0.328073,0.32929
2023-10-28 14:00:00.000 UTC,0.329045,0.3283,0.328418,0.328381
2023-10-28 13:00:00.000 UTC,0.328867,0.326673,0.326752,0.328731
2023-10-28 12:00:00.000 UTC,0.330166,0.326467,0.329621,0.326529
2023-10-28 11:00:00.000 UTC,0.332025,0.329879,0.330107,0.329879
2023-10-28 10:00:00.000 UTC,0.329959,0.328809,0.329493,0.329959
2023-10-28 09:00:00.000 UTC,0.33002,0.329003,0.329545,0.33002
2023-10-28 08:00:00.000 UTC,0.330107,0.327734,0.328379,0.329989
2023-10-28 07:00:00.000 UTC,0.32873,0.326724,0.326773,0.32873
2023-10-28 06:00:00.000 UTC,0.328124,0.326779,0.32795,0.326869
2023-10-28 05:00:00.000 UTC,0.330086,0.328054,0.329132,0.328054
2023-10-28 04:00:00.000 UTC,0.329092,0.326898,0.327291,0.329092
2023-10-28 03:00:00.000 UTC,0.327588,0.326302,0.327588,0.327159
2023-10-28 02:00:00.000 UTC,0.327678,0.324669,0.325138,0.327678
2023-10-28 01:00:00.000 UTC,0.325014,0.323482,0.323862,0.325014
2023-10-28 00:00:00.000 UTC,0.324918,0.323399,0.323399,0.323534
2023-10-27 23:00:00.000 UTC,0.323576,0.321534,0.321565,0.32336
2023-10-27 22:00:00.000 UTC,0.323365,0.321619,0.323247,0.321619
2023-10-27 21:00:00.000 UTC,0.323649,0.322166,0.323303,0.323126
2023-10-27 20:00:00.000 UTC,0.323915,0.322311,0.322847,0.32278
2023-10-27 19:00:00.000 UTC,0.322772,0.320324,0.320324,0.322512
2023-10-27 18:00:00.000 UTC,0.323013,0.318657,0.322599,0.320508
2023-10-27 17:00:00.000 UTC,0.325638,0.322406,0.325638,0.323056
2023-10-27 16:00:00.000 UTC,0.329534,0.325491,0.329337,0.325737
2023-10-27 15:00:00.000 UTC,0.330391,0.326368,0.327005,0.329618
2023-10-27 14:00:00.000 UTC,0.330583,0.325648,0.330583,0.327069
2023-10-27 13:00:00.000 UTC,0.331774,0.329997,0.329997,0.330723
2023-10-27 12:00:00.000 UTC,0.330156,0.326877,0.32739,0.330156
2023-10-27 11:00:00.000 UTC,0.328487,0.325864,0.328221,0.327851
2023-10-27 10:00:00.000 UTC,0.329565,0.32825,0.329565,0.32825
2023-10-27 09:00:00.000 UTC,0.329838,0.328244,0.328244,0.32928
2023-10-27 08:00:00.000 UTC,0.328546,0.32596,0.32596,0.328082
2023-10-27 07:00:00.000 UTC,0.330149,0.326391,0.330149,0.326391
2023-10-27 06:00:00.000 UTC,0.329559,0.327475,0.327625,0.329559
2023-10-27 05:00:00.000 UTC,0.329363,0.32579,0.329363,0.32741
2023-10-27 04:00:00.000 UTC,0.329808,0.327807,0.329808,0.329597
2023-10-27 03:00:00.000 UTC,0.330505,0.328862,0.329641,0.329538
2023-10-27 02:00:00.000 UTC,0.329947,0.325236,0.325236,0.329486
2023-10-27 01:00:00.000 UTC,0.332825,0.324961,0.332825,0.324961
2023-10-27 00:00:00.000 UTC,0.335612,0.331843,0.335612,0.331843
2023-10-26 23:00:00.000 UTC,0.337238,0.334232,0.334813,0.336106
2023-10-26 22:00:00.000 UTC,0.334112,0.331583,0.331583,0.334112
2023-10-26 21:00:00.000 UTC,0.331349,0.329692,0.329995,0.330856
2023-10-26 20:00:00.000 UTC,0.329826,0.328266,0.32852,0.329826
2023-10-26 19:00:00.000 UTC,0.329104,0.326885,0.326885,0.328607
2023-10-26 18:00:00.000 UTC,0.328611,0.326479,0.328611,0.326878
2023-10-26 17:00:00.000 UTC,0.328131,0.325583,0.325583,0.328131
2023-10-26 16:00:00.000 UTC,0.328797,0.325471,0.327301,0.326234
2023-10-26 15:00:00.000 UTC,0.32924,0.324531,0.32924,0.326803
2023-10-26 14:00:00.000 UTC,0.335351,0.324713,0.332341,0.328722
2023-10-26 13:00:00.000 UTC,0.340129,0.334413,0.340129,0.334413
2023-10-26 12:00:00.000 UTC,0.339828,0.335919,0.335919,0.338881
2023-10-26 11:00:00.000 UTC,0.340423,0.334066,0.337966,0.335255
2023-10-26 10:00:00.000 UTC,0.341436,0.336872,0.341436,0.337334
2023-10-26 09:00:00.000 UTC,0.344282,0.338912,0.344022,0.341137
2023-10-26 08:00:00.000 UTC,0.34449,0.338663,0.343005,0.344233
2023-10-26 07:00:00.000 UTC,0.342563,0.335219,0.335219,0.342563
2023-10-26 06:00:00.000 UTC,0.333334,0.329791,0.332223,0.333155
2023-10-26 05:00:00.000 UTC,0.335527,0.332632,0.335527,0.332632
2023-10-26 04:00:00.000 UTC,0.33695,0.334807,0.336641,0.335119
2023-10-26 03:00:00.000 UTC,0.336663,0.332568,0.332568,0.335584
2023-10-26 02:00:00.000 UTC,0.333684,0.33134,0.333684,0.332303
2023-10-26 01:00:00.000 UTC,0.336386,0.334031,0.334159,0.334166
2023-10-26 00:00:00.000 UTC,0.335049,0.331293,0.331758,0.332983
2023-10-25 23:00:00.000 UTC,0.331209,0.328449,0.330656,0.331209
2023-10-25 22:00:00.000 UTC,0.331222,0.329804,0.329822,0.330176
2023-10-25 21:00:00.000 UTC,0.331116,0.328139,0.329298,0.328516
2023-10-25 20:00:00.000 UTC,0.33274,0.329487,0.332509,0.329487
2023-10-25 19:00:00.000 UTC,0.333231,0.330771,0.333231,0.331896
2023-10-25 18:00:00.000 UTC,0.333962,0.331881,0.332591,0.333025
2023-10-25 17:00:00.000 UTC,0.332631,0.329742,0.330338,0.331948
2023-10-25 16:00:00.000 UTC,0.339736,0.330913,0.338663,0.330913
2023-10-25 15:00:00.000 UTC,0.338674,0.333641,0.333829,0.338674
2023-10-25 14:00:00.000 UTC,0.333328,0.330019,0.330909,0.33273
2023-10-25 13:00:00.000 UTC,0.332323,0.328885,0.329873,0.329763
2023-10-25 12:00:00.000 UTC,0.330272,0.328104,0.328104,0.329798
2023-10-25 11:00:00.000 UTC,0.328798,0.327503,0.328487,0.327783
2023-10-25 10:00:00.000 UTC,0.327619,0.32496,0.325563,0.327619
2023-10-25 09:00:00.000 UTC,0.32639,0.323745,0.323745,0.326033
2023-10-25 08:00:00.000 UTC,0.323846,0.321297,0.323128,0.323536
2023-10-25 07:00:00.000 UTC,0.329869,0.322346,0.329518,0.322835
2023-10-25 06:00:00.000 UTC,0.330195,0.327933,0.327933,0.329518
2023-10-25 05:00:00.000 UTC,0.329938,0.326972,0.329324,0.327478
2023-10-25 04:00:00.000 UTC,0.329206,0.326161,0.326662,0.329206
2023-10-25 03:00:00.000 UTC,0.327882,0.325507,0.327882,0.326743
2023-10-25 02:00:00.000 UTC,0.331056,0.327099,0.330883,0.328225
2023-10-25 01:00:00.000 UTC,0.331952,0.329675,0.329675,0.330307
2023-10-25 00:00:00.000 UTC,0.329393,0.326307,0.328072,0.329393
2023-10-24 23:00:00.000 UTC,0.329893,0.326567,0.329213,0.327428
2023-10-24 22:00:00.000 UTC,0.329348,0.324429,0.32539,0.328831
2023-10-24 21:00:00.000 UTC,0.324274,0.320541,0.321972,0.324274
2023-10-24 20:00:00.000 UTC,0.324871,0.322143,0.324137,0.322143
2023-10-24 19:00:00.000 UTC,0.325251,0.324122,0.325117,0.324122
2023-10-24 18:00:00.000 UTC,0.324661,0.319947,0.322254,0.324661
2023-10-24 17:00:00.000 UTC,0.324584,0.321998,0.321998,0.322679
2023-10-24 16:00:00.000 UTC,0.322853,0.317897,0.318976,0.322853
2023-10-24 15:00:00.000 UTC,0.331088,0.316535,0.329726,0.318767
2023-10-24 14:00:00.000 UTC,0.329376,0.3253,0.329023,0.329376
2023-10-24 13:00:00.000 UTC,0.333149,0.32807,0.333149,0.328151
2023-10-24 12:00:00.000 UTC,0.335788,0.33074,0.330995,0.334152
2023-10-24 11:00:00.000 UTC,0.330251,0.32862,0.328963,0.330251
2023-10-24 10:00:00.000 UTC,0.330257,0.328399,0.328399,0.328866
2023-10-24 09:00:00.000 UTC,0.329509,0.326355,0.327311,0.329509
2023-10-24 08:00:00.000 UTC,0.327505,0.323012,0.323012,0.327249
2023-10-24 07:00:00.000 UTC,0.323579,0.319509,0.323579,0.322707
2023-10-24 06:00:00.000 UTC,0.32755,0.322623,0.326421,0.323917
2023-10-24 05:00:00.000 UTC,0.331506,0.327686,0.330249,0.327686
2023-10-24 04:00:00.000 UTC,0.332366,0.328435,0.328435,0.329614
2023-10-24 03:00:00.000 UTC,0.334134,0.329951,0.334134,0.329951
2023-10-24 02:00:00.000 UTC,0.335128,0.330125,0.330125,0.33489
2023-10-24 01:00:00.000 UTC,0.332896,0.328419,0.331413,0.329062
2023-10-24 00:00:00.000 UTC,0.330484,0.321866,0.323754,0.330484
2023-10-23 23:00:00.000 UTC,0.32278,0.319534,0.321599,0.32278
2023-10-23 22:00:00.000 UTC,0.320441,0.314746,0.314764,0.320441
2023-10-23 21:00:00.000 UTC,0.314165,0.311261,0.311261,0.314165
2023-10-23 20:00:00.000 UTC,0.312463,0.310321,0.312391,0.310321
2023-10-23 19:00:00.000 UTC,0.311903,0.310096,0.310096,0.311903
2023-10-23 18:00:00.000 UTC,0.309947,0.308837,0.30937,0.309474
2023-10-23 17:00:00.000 UTC,0.311113,0.3083,0.311113,0.309422
2023-10-23 16:00:00.000 UTC,0.310276,0.307616,0.307782,0.310276
2023-10-23 15:00:00.000 UTC,0.308368,0.307578,0.307736,0.308368
2023-10-23 14:00:00.000 UTC,0.307894,0.306762,0.306762,0.307894
2023-10-23 13:00:00.000 UTC,0.308584,0.305541,0.308408,0.306658
2023-10-23 12:00:00.000 UTC,0.308815,0.307839,0.308737,0.308561
2023-10-23 11:00:00.000 UTC,0.309497,0.308049,0.308049,0.309143
2023-10-23 10:00:00.000 UTC,0.308393,0.306671,0.306671,0.307941
2023-10-23 09:00:00.000 UTC,0.310468,0.3056,0.310468,0.306104
2023-10-23 08:00:00.000 UTC,0.310283,0.306246,0.30652,0.310283
2023-10-23 07:00:00.000 UTC,0.308662,0.306679,0.308122,0.306997
2023-10-23 06:00:00.000 UTC,0.311043,0.308521,0.310185,0.308521
2023-10-23 05:00:00.000 UTC,0.311839,0.310369,0.311593,0.310651
2023-10-23 04:00:00.000 UTC,0.311452,0.309574,0.309756,0.311452
2023-10-23 03:00:00.000 UTC,0.30993,0.308375,0.309249,0.309922
2023-10-23 02:00:00.000 UTC,0.31053,0.309389,0.309884,0.309505
2023-10-23 01:00:00.000 UTC,0.312028,0.309311,0.310113,0.310004
2023-10-23 00:00:00.000 UTC,0.309639,0.307783,0.308159,0.309206
2023-10-22 23:00:00.000 UTC,0.308078,0.306862,0.30716,0.308078
2023-10-22 22:00:00.000 UTC,0.306611,0.302555,0.302981,0.306611
2023-10-22 21:00:00.000 UTC,0.303305,0.302073,0.302872,0.303149
2023-10-22 20:00:00.000 UTC,0.303089,0.302325,0.302325,0.303089
2023-10-22 19:00:00.000 UTC,0.303112,0.302394,0.302603,0.302394
2023-10-22 18:00:00.000 UTC,0.303432,0.302421,0.303265,0.302623
2023-10-22 17:00:00.000 UTC,0.303501,0.302458,0.302458,0.303293
2023-10-22 16:00:00.000 UTC,0.302825,0.301825,0.301825,0.302214
2023-10-22 15:00:00.000 UTC,0.302595,0.3015,0.30251,0.301927
2023-10-22 14:00:00.000 UTC,0.304293,0.302416,0.304173,0.302416
2023-10-22 13:00:00.000 UTC,0.304187,0.303171,0.303171,0.304006
2023-10-22 12:00:00.000 UTC,0.303829,0.302087,0.302087,0.303196
2023-10-22 11:00:00.000 UTC,0.303387,0.301874,0.303387,0.301874
2023-10-22 10:00:00.000 UTC,0.303408,0.302495,0.30252,0.303349
2023-10-22 09:00:00.000 UTC,0.304243,0.302295,0.302295,0.302697
2023-10-22 08:00:00.000 UTC,0.304706,0.30182,0.304208,0.302413
2023-10-22 07:00:00.000 UTC,0.308585,0.302649,0.308585,0.304472
2023-10-22 06:00:00.000 UTC,0.310202,0.308294,0.310202,0.308411
2023-10-22 05:00:00.000 UTC,0.309617,0.30828,0.30828,0.30914
2023-10-22 04:00:00.000 UTC,0.308572,0.307298,0.307298,0.308437
2023-10-22 03:00:00.000 UTC,0.308339,0.306968,0.308339,0.306968
2023-10-22 02:00:00.000 UTC,0.30944,0.307689,0.30944,0.308075
2023-10-22 01:00:00.000 UTC,0.3116,0.309111,0.310372,0.309299
2023-10-22 00:00:00.000 UTC,0.310744,0.308855,0.309621,0.310744
2023-10-21 23:00:00.000 UTC,0.30959,0.308055,0.308864,0.30959
2023-10-21 22:00:00.000 UTC,0.309114,0.30785,0.309076,0.308682
2023-10-21 21:00:00.000 UTC,0.309407,0.308307,0.308307,0.308735
2023-10-21 20:00:00.000 UTC,0.308535,0.307745,0.308258,0.30816
2023-10-21 19:00:00.000 UTC,0.309245,0.307636,0.309043,0.3082
2023-10-21 18:00:00.000 UTC,0.309973,0.308267,0.309878,0.308918
2023-10-21 17:00:00.000 UTC,0.310287,0.307541,0.307541,0.309695
2023-10-21 16:00:00.000 UTC,0.309344,0.307336,0.307506,0.308367
2023-10-21 15:00:00.000 UTC,0.308061,0.306311,0.308011,0.307243
2023-10-21 14:00:00.000 UTC,0.308959,0.306702,0.306851,0.308274
2023-10-21 13:00:00.000 UTC,0.306311,0.304067,0.304504,0.306311
2023-10-21 12:00:00.000 UTC,0.305038,0.30424,0.30424,0.304653
2023-10-21 11:00:00.000 UTC,0.304855,0.3034,0.3034,0.304378
2023-10-21 10:00:00.000 UTC,0.303667,0.302845,0.3034,0.303667
2023-10-21 09:00:00.000 UTC,0.30325,0.301826,0.302191,0.30325
2023-10-21 08:00:00.000 UTC,0.303275,0.302413,0.302806,0.302435
2023-10-21 07:00:00.000 UTC,0.302783,0.30166,0.30246,0.302766
2023-10-21 06:00:00.000 UTC,0.302885,0.300384,0.300384,0.302637
2023-10-21 05:00:00.000 UTC,0.300878,0.299448,0.299448,0.300648
2023-10-21 04:00:00.000 UTC,0.300259,0.297325,0.297325,0.299588
2023-10-21 03:00:00.000 UTC,0.297441,0.295527,0.296058,0.297441
2023-10-21 02:00:00.000 UTC,0.296335,0.295813,0.296029,0.29608
2023-10-21 01:00:00.000 UTC,0.296696,0.296209,0.296481,0.296334
2023-10-21 00:00:00.000 UTC,0.297305,0.295839,0.295839,0.296537
2023-10-20 23:00:00.000 UTC,0.29671,0.295699,0.296298,0.29597
2023-10-20 22:00:00.000 UTC,0.296468,0.295896,0.296071,0.296251
2023-10-20 21:00:00.000 UTC,0.296296,0.29461,0.29461,0.296254
2023-10-20 20:00:00.000 UTC,0.295367,0.294432,0.294432,0.294958
2023-10-20 19:00:00.000 UTC,0.294407,0.293794,0.294248,0.294395
2023-10-20 18:00:00.000 UTC,0.294735,0.294297,0.294529,0.294469
2023-10-20 17:00:00.000 UTC,0.294295,0.292634,0.293145,0.294295
2023-10-20 16:00:00.000 UTC,0.294087,0.293348,0.29372,0.293348
2023-10-20 15:00:00.000 UTC,0.294485,0.293608,0.29412,0.29367
2023-10-20 14:00:00.000 UTC,0.29425,0.292898,0.293977,0.293912
2023-10-20 13:00:00.000 UTC,0.293622,0.292483,0.293058,0.293622
2023-10-20 12:00:00.000 UTC,0.294705,0.292692,0.294012,0.292692
2023-10-20 11:00:00.000 UTC,0.295192,0.29427,0.294472,0.294274
2023-10-20 10:00:00.000 UTC,0.296535,0.294606,0.295031,0.294606
2023-10-20 09:00:00.000 UTC,0.294742,0.293507,0.294313,0.294742
2023-10-20 08:00:00.000 UTC,0.294327,0.2904,0.2904,0.294327
2023-10-20 07:00:00.000 UTC,0.291126,0.290496,0.290652,0.290496
2023-10-20 06:00:00.000 UTC,0.290897,0.290234,0.290234,0.290413
2023-10-20 05:00:00.000 UTC,0.290062,0.289263,0.289542,0.290062
2023-10-20 04:00:00.000 UTC,0.290057,0.288914,0.288914,0.28933
2023-10-20 03:00:00.000 UTC,0.290072,0.287536,0.287536,0.288685
2023-10-20 02:00:00.000 UTC,0.287527,0.284108,0.284108,0.287527
2023-10-20 01:00:00.000 UTC,0.284024,0.282884,0.283773,0.283963
2023-10-20 00:00:00.000 UTC,0.284194,0.283392,0.283915,0.283815
2023-10-19 23:00:00.000 UTC,0.283912,0.283104,0.283305,0.283864
2023-10-19 22:00:00.000 UTC,0.283433,0.282631,0.282631,0.283278
2023-10-19 21:00:00.000 UTC,0.283385,0.282129,0.283338,0.282421
2023-10-19 20:00:00.000 UTC,0.283664,0.28273,0.282899,0.28366
2023-10-19 19:00:00.000 UTC,0.283023,0.282273,0.282424,0.283023
2023-10-19 18:00:00.000 UTC,0.28285,0.282409,0.282625,0.282578
2023-10-19 17:00:00.000 UTC,0.283055,0.282146,0.282714,0.282311
2023-10-19 16:00:00.000 UTC,0.284054,0.282733,0.283033,0.282733
2023-10-19 15:00:00.000 UTC,0.283665,0.282467,0.283325,0.283158
2023-10-19 14:00:00.000 UTC,0.282991,0.281923,0.282586,0.282991
2023-10-19 13:00:00.000 UTC,0.283013,0.282215,0.282486,0.282936
2023-10-19 12:00:00.000 UTC,0.282581,0.281985,0.282233,0.282581
2023-10-19 11:00:00.000 UTC,0.282058,0.281654,0.281701,0.282058
2023-10-19 10:00:00.000 UTC,0.28168,0.280732,0.280889,0.28168
2023-10-19 09:00:00.000 UTC,0.281835,0.281027,0.281654,0.281027
2023-10-19 08:00:00.000 UTC,0.28214,0.281508,0.281734,0.281763
2023-10-19 07:00:00.000 UTC,0.281718,0.28073,0.281486,0.281718
2023-10-19 06:00:00.000 UTC,0.281552,0.281282,0.281476,0.281552
2023-10-19 05:00:00.000 UTC,0.281858,0.281199,0.281199,0.281652
2023-10-19 04:00:00.000 UTC,0.281513,0.280583,0.281513,0.281211
2023-10-19 03:00:00.000 UTC,0.281782,0.281098,0.281098,0.281202
2023-10-19 02:00:00.000 UTC,0.281742,0.280432,0.281742,0.280945
2023-10-19 01:00:00.000 UTC,0.284485,0.281306,0.284485,0.281696
2023-10-19 00:00:00.000 UTC,0.284524,0.282956,0.283489,0.284524
2023-10-18 23:00:00.000 UTC,0.284077,0.283527,0.283857,0.283527
2023-10-18 22:00:00.000 UTC,0.284038,0.283244,0.283356,0.283767
2023-10-18 21:00:00.000 UTC,0.283948,0.282987,0.28368,0.282987
2023-10-18 20:00:00.000 UTC,0.284441,0.283203,0.284441,0.283203
2023-10-18 19:00:00.000 UTC,0.284543,0.283357,0.284359,0.284441
2023-10-18 18:00:00.000 UTC,0.285226,0.284381,0.284469,0.284813
2023-10-18 17:00:00.000 UTC,0.284931,0.284356,0.28462,0.284356
2023-10-18 16:00:00.000 UTC,0.285132,0.284343,0.284343,0.284895
2023-10-18 15:00:00.000 UTC,0.284888,0.284258,0.284579,0.284722
2023-10-18 14:00:00.000 UTC,0.285249,0.284226,0.284986,0.284512
2023-10-18 13:00:00.000 UTC,0.286137,0.284939,0.285574,0.284939
2023-10-18 12:00:00.000 UTC,0.286479,0.285988,0.286203,0.285988
2023-10-18 11:00:00.000 UTC,0.287468,0.286382,0.287141,0.286382
2023-10-18 10:00:00.000 UTC,0.287342,0.286499,0.286962,0.287275
2023-10-18 09:00:00.000 UTC,0.288033,0.287111,0.287206,0.288033
2023-10-18 08:00:00.000 UTC,0.287102,0.286294,0.287008,0.287102
2023-10-18 07:00:00.000 UTC,0.288148,0.287057,0.288148,0.287057
2023-10-18 06:00:00.000 UTC,0.28935,0.288035,0.288234,0.288186
2023-10-18 05:00:00.000 UTC,0.28929,0.287864,0.289154,0.288492
2023-10-18 04:00:00.000 UTC,0.287194,0.28575,0.286338,0.287194
2023-10-18 03:00:00.000 UTC,0.28587,0.285222,0.285704,0.28587
2023-10-18 02:00:00.000 UTC,0.285775,0.285193,0.285775,0.285549
2023-10-18 01:00:00.000 UTC,0.286547,0.28565,0.286397,0.285691
2023-10-18 00:00:00.000 UTC,0.287701,0.285941,0.287701,0.28631
2023-10-17 23:00:00.000 UTC,0.288073,0.287123,0.287314,0.287797
2023-10-17 22:00:00.000 UTC,0.287635,0.287065,0.287324,0.287222
2023-10-17 21:00:00.000 UTC,0.287965,0.286593,0.286888,0.287115
2023-10-17 20:00:00.000 UTC,0.287721,0.286881,0.287705,0.286881
2023-10-17 19:00:00.000 UTC,0.287556,0.286254,0.286254,0.287556
2023-10-17 18:00:00.000 UTC,0.28809,0.286408,0.288065,0.286408
2023-10-17 17:00:00.000 UTC,0.289001,0.287637,0.289001,0.287924
2023-10-17 16:00:00.000 UTC,0.28943,0.288514,0.288568,0.289257
2023-10-17 15:00:00.000 UTC,0.289181,0.287444,0.287444,0.288613
2023-10-17 14:00:00.000 UTC,0.287343,0.28648,0.286502,0.287301
2023-10-17 13:00:00.000 UTC,0.289318,0.285954,0.289035,0.286007
2023-10-17 12:00:00.000 UTC,0.29151,0.289423,0.29151,0.289935
2023-10-17 11:00:00.000 UTC,0.291738,0.291506,0.291506,0.291686
2023-10-17 10:00:00.000 UTC,0.292809,0.291858,0.29239,0.291912
2023-10-17 09:00:00.000 UTC,0.292752,0.291817,0.292727,0.292752
2023-10-17 08:00:00.000 UTC,0.292568,0.291457,0.291612,0.292568
2023-10-17 07:00:00.000 UTC,0.291569,0.290867,0.291082,0.291569
2023-10-17 06:00:00.000 UTC,0.291818,0.290921,0.291818,0.290921
2023-10-17 05:00:00.000 UTC,0.292315,0.291667,0.292105,0.291667
2023-10-17 04:00:00.000 UTC,0.292146,0.290876,0.291452,0.292105
2023-10-17 03:00:00.000 UTC,0.292943,0.291295,0.292943,0.291295
2023-10-17 02:00:00.000 UTC,0.292966,0.291367,0.292677,0.29281
2023-10-17 01:00:00.000 UTC,0.293382,0.292726,0.292726,0.293339
2023-10-17 00:00:00.000 UTC,0.294282,0.2931,0.294282,0.2931
2023-10-16 23:00:00.000 UTC,0.295201,0.294111,0.294861,0.294365
2023-10-16 22:00:00.000 UTC,0.29489,0.293553,0.293553,0.294381
2023-10-16 21:00:00.000 UTC,0.29365,0.292673,0.292673,0.293383
2023-10-16 20:00:00.000 UTC,0.294199,0.293041,0.293041,0.293266
2023-10-16 19:00:00.000 UTC,0.294752,0.293357,0.293508,0.293461
2023-10-16 18:00:00.000 UTC,0.293242,0.291574,0.291574,0.293242
2023-10-16 17:00:00.000 UTC,0.292759,0.291014,0.291331,0.291224
2023-10-16 16:00:00.000 UTC,0.291821,0.291058,0.291058,0.291784
2023-10-16 15:00:00.000 UTC,0.294632,0.291137,0.294632,0.291137
2023-10-16 14:00:00.000 UTC,0.295019,0.293024,0.293317,0.294303
2023-10-16 13:00:00.000 UTC,0.299444,0.29332,0.294671,0.293351
2023-10-16 12:00:00.000 UTC,0.294728,0.293116,0.293321,0.294713
2023-10-16 11:00:00.000 UTC,0.294145,0.293176,0.294145,0.293336
2023-10-16 10:00:00.000 UTC,0.294622,0.29379,0.294467,0.294289
2023-10-16 09:00:00.000 UTC,0.293984,0.292839,0.293984,0.293789
2023-10-16 08:00:00.000 UTC,0.294098,0.293248,0.293248,0.294098
2023-10-16 07:00:00.000 UTC,0.29408,0.293502,0.294037,0.293824
2023-10-16 06:00:00.000 UTC,0.294915,0.293808,0.294406,0.293977
2023-10-16 05:00:00.000 UTC,0.295755,0.291091,0.291214,0.294616
2023-10-16 04:00:00.000 UTC,0.291457,0.290763,0.291457,0.291231
2023-10-16 03:00:00.000 UTC,0.291014,0.290229,0.290542,0.290886
2023-10-16 02:00:00.000 UTC,0.291544,0.290525,0.29072,0.290594
2023-10-16 01:00:00.000 UTC,0.29101,0.289386,0.289706,0.290926
2023-10-16 00:00:00.000 UTC,0.290498,0.289779,0.289779,0.289938
2023-10-15 23:00:00.000 UTC,0.289986,0.289277,0.289561,0.289675
2023-10-15 22:00:00.000 UTC,0.290773,0.289863,0.290526,0.289863
2023-10-15 21:00:00.000 UTC,0.291409,0.290496,0.291302,0.290496
2023-10-15 20:00:00.000 UTC,0.291415,0.290045,0.29044,0.291304
2023-10-15 19:00:00.000 UTC,0.290904,0.290336,0.290516,0.290421
2023-10-15 18:00:00.000 UTC,0.290863,0.290295,0.290568,0.29048
2023-10-15 17:00:00.000 UTC,0.290783,0.290155,0.290187,0.290471
2023-10-15 16:00:00.000 UTC,0.290426,0.289007,0.289007,0.29021
2023-10-15 15:00:00.000 UTC,0.289143,0.288657,0.288657,0.288956
2023-10-15 14:00:00.000 UTC,0.289551,0.288773,0.288928,0.288773
2023-10-15 13:00:00.000 UTC,0.290554,0.288913,0.290554,0.288936
2023-10-15 12:00:00.000 UTC,0.290722,0.290254,0.290722,0.290336
2023-10-15 11:00:00.000 UTC,0.291613,0.29083,0.291613,0.291317
2023-10-15 10:00:00.000 UTC,0.291629,0.291153,0.291331,0.291629
2023-10-15 09:00:00.000 UTC,0.291587,0.291243,0.291402,0.291347
2023-10-15 08:00:00.000 UTC,0.29146,0.290921,0.290921,0.29146
2023-10-15 07:00:00.000 UTC,0.290778,0.289918,0.289918,0.290778
2023-10-15 06:00:00.000 UTC,0.290366,0.28985,0.290254,0.28985
2023-10-15 05:00:00.000 UTC,0.290683,0.290244,0.290462,0.290244
2023-10-15 04:00:00.000 UTC,0.290627,0.290074,0.29046,0.290421
2023-10-15 03:00:00.000 UTC,0.291365,0.290479,0.291221,0.290479
2023-10-15 02:00:00.000 UTC,0.29182,0.290733,0.290733,0.291137
2023-10-15 01:00:00.000 UTC,0.291292,0.28895,0.288972,0.29073
2023-10-15 00:00:00.000 UTC,0.289554,0.288741,0.28937,0.288957
2023-10-14 23:00:00.000 UTC,0.289914,0.289421,0.289645,0.289421
2023-10-14 22:00:00.000 UTC,0.289724,0.289402,0.289402,0.289701
2023-10-14 21:00:00.000 UTC,0.289841,0.289413,0.289413,0.289495
2023-10-14 20:00:00.000 UTC,0.289796,0.289395,0.28968,0.28946
2023-10-14 19:00:00.000 UTC,0.289641,0.289316,0.289362,0.289641
2023-10-14 18:00:00.000 UTC,0.289558,0.289199,0.289199,0.289363
2023-10-14 17:00:00.000 UTC,0.289427,0.289034,0.289217,0.289242
2023-10-14 16:00:00.000 UTC,0.289147,0.288629,0.289089,0.288978
2023-10-14 15:00:00.000 UTC,0.288528,0.287739,0.287999,0.288528
2023-10-14 14:00:00.000 UTC,0.288434,0.288052,0.288052,0.288074
2023-10-14 13:00:00.000 UTC,0.288267,0.287792,0.287917,0.288119
2023-10-14 12:00:00.000 UTC,0.287914,0.287599,0.28779,0.287677
2023-10-14 11:00:00.000 UTC,0.287904,0.287612,0.287772,0.287904
2023-10-14 10:00:00.000 UTC,0.287955,0.287003,0.287003,0.287955
2023-10-14 09:00:00.000 UTC,0.286925,0.286489,0.286489,0.286925
2023-10-14 08:00:00.000 UTC,0.286922,0.286378,0.28678,0.286378
2023-10-14 07:00:00.000 UTC,0.286625,0.286042,0.286311,0.286577
2023-10-14 06:00:00.000 UTC,0.286984,0.286268,0.286984,0.286268
2023-10-14 05:00:00.000 UTC,0.287835,0.287217,0.287835,0.287217
2023-10-14 04:00:00.000 UTC,0.28827,0.287942,0.288095,0.287942
2023-10-14 03:00:00.000 UTC,0.288179,0.287782,0.287907,0.287906
2023-10-14 02:00:00.000 UTC,0.288634,0.287929,0.28844,0.28799
2023-10-14 01:00:00.000 UTC,0.288347,0.287329,0.287924,0.288244
2023-10-14 00:00:00.000 UTC,0.288737,0.285268,0.285268,0.287617
2023-10-13 23:00:00.000 UTC,0.28587,0.285083,0.28587,0.285282
2023-10-13 22:00:00.000 UTC,0.288307,0.285742,0.287735,0.285742
2023-10-13 21:00:00.000 UTC,0.288662,0.286721,0.286721,0.287948
2023-10-13 20:00:00.000 UTC,0.286184,0.283983,0.283983,0.286184
2023-10-13 19:00:00.000 UTC,0.284338,0.28382,0.284254,0.283942
2023-10-13 18:00:00.000 UTC,0.284676,0.284086,0.284511,0.284301
2023-10-13 17:00:00.000 UTC,0.284787,0.284287,0.284562,0.284563
2023-10-13 16:00:00.000 UTC,0.284521,0.283583,0.283782,0.284521
2023-10-13 15:00:00.000 UTC,0.284456,0.283588,0.284229,0.283588
2023-10-13 14:00:00.000 UTC,0.28521,0.284247,0.285141,0.284247
2023-10-13 13:00:00.000 UTC,0.285769,0.284944,0.285769,0.285095
2023-10-13 12:00:00.000 UTC,0.285761,0.284172,0.284268,0.285761
2023-10-13 11:00:00.000 UTC,0.284733,0.282996,0.282996,0.284319
2023-10-13 10:00:00.000 UTC,0.283176,0.282674,0.282674,0.283094
2023-10-13 09:00:00.000 UTC,0.283504,0.282812,0.283433,0.282812
2023-10-13 08:00:00.000 UTC,0.284143,0.283512,0.283544,0.283512
2023-10-13 07:00:00.000 UTC,0.283938,0.282152,0.282215,0.283271
2023-10-13 06:00:00.000 UTC,0.282225,0.281785,0.281908,0.282091
2023-10-13 05:00:00.000 UTC,0.282787,0.281847,0.282192,0.281923
2023-10-13 04:00:00.000 UTC,0.28237,0.281994,0.282168,0.282199
2023-10-13 03:00:00.000 UTC,0.282907,0.281949,0.282785,0.281949
2023-10-13 02:00:00.000 UTC,0.283326,0.28261,0.283076,0.282709
2023-10-13 01:00:00.000 UTC,0.283475,0.282788,0.283005,0.283475
2023-10-13 00:00:00.000 UTC,0.283081,0.282088,0.282169,0.283081
2023-10-12 23:00:00.000 UTC,0.282182,0.281371,0.28162,0.281928
2023-10-12 22:00:00.000 UTC,0.281676,0.281198,0.281209,0.281676
2023-10-12 21:00:00.000 UTC,0.281335,0.280711,0.280816,0.280922
2023-10-12 20:00:00.000 UTC,0.280896,0.280193,0.280304,0.280708
2023-10-12 19:00:00.000 UTC,0.280859,0.279898,0.280209,0.280525
2023-10-12 18:00:00.000 UTC,0.281308,0.280269,0.280874,0.280497
2023-10-12 17:00:00.000 UTC,0.28092,0.280152,0.28069,0.280663
2023-10-12 16:00:00.000 UTC,0.281935,0.280482,0.281306,0.280575
2023-10-12 15:00:00.000 UTC,0.282139,0.281107,0.281624,0.28148
2023-10-12 14:00:00.000 UTC,0.281421,0.280763,0.280807,0.281267
2023-10-12 13:00:00.000 UTC,0.281799,0.280203,0.28131,0.280447
2023-10-12 12:00:00.000 UTC,0.282603,0.281341,0.282567,0.281614
2023-10-12 11:00:00.000 UTC,0.28299,0.280089,0.280089,0.28299
2023-10-12 10:00:00.000 UTC,0.280101,0.278208,0.278208,0.279995
2023-10-12 09:00:00.000 UTC,0.281381,0.278987,0.28124,0.278987
2023-10-12 08:00:00.000 UTC,0.281723,0.281023,0.28144,0.281598
2023-10-12 07:00:00.000 UTC,0.281914,0.281202,0.281328,0.281692
2023-10-12 06:00:00.000 UTC,0.282075,0.281409,0.281896,0.281409
2023-10-12 05:00:00.000 UTC,0.281147,0.280375,0.280844,0.281147
2023-10-12 04:00:00.000 UTC,0.281527,0.280981,0.281059,0.281207
2023-10-12 03:00:00.000 UTC,0.281462,0.280541,0.281462,0.281005
2023-10-12 02:00:00.000 UTC,0.281771,0.27973,0.279921,0.281771
2023-10-12 01:00:00.000 UTC,0.280916,0.279708,0.280916,0.279768
2023-10-12 00:00:00.000 UTC,0.282248,0.280695,0.282248,0.280727
2023-10-11 23:00:00.000 UTC,0.282343,0.281731,0.282343,0.281891
2023-10-11 22:00:00.000 UTC,0.282313,0.281716,0.282246,0.282209
2023-10-11 21:00:00.000 UTC,0.282412,0.281402,0.281918,0.281484
2023-10-11 20:00:00.000 UTC,0.281968,0.281501,0.281896,0.281602
2023-10-11 19:00:00.000 UTC,0.282017,0.280996,0.281495,0.282017
2023-10-11 18:00:00.000 UTC,0.281148,0.28019,0.280637,0.280979
2023-10-11 17:00:00.000 UTC,0.280676,0.279592,0.279624,0.280536
2023-10-11 16:00:00.000 UTC,0.28035,0.278731,0.279873,0.278731
2023-10-11 15:00:00.000 UTC,0.281302,0.279195,0.281196,0.279953
2023-10-11 14:00:00.000 UTC,0.281968,0.280901,0.281968,0.281185
2023-10-11 13:00:00.000 UTC,0.281591,0.281096,0.281322,0.281591
2023-10-11 12:00:00.000 UTC,0.282228,0.280672,0.282051,0.281027
2023-10-11 11:00:00.000 UTC,0.282726,0.281928,0.282591,0.281932
2023-10-11 10:00:00.000 UTC,0.283254,0.282668,0.283175,0.282699
2023-10-11 09:00:00.000 UTC,0.283389,0.281253,0.281253,0.283389
2023-10-11 08:00:00.000 UTC,0.28136,0.280582,0.280974,0.281285
2023-10-11 07:00:00.000 UTC,0.281895,0.281089,0.281804,0.281089
2023-10-11 06:00:00.000 UTC,0.281908,0.280941,0.281537,0.28171
2023-10-11 05:00:00.000 UTC,0.282156,0.281224,0.282004,0.281604
2023-10-11 04:00:00.000 UTC,0.282162,0.280204,0.280204,0.282162
2023-10-11 03:00:00.000 UTC,0.281477,0.280508,0.280652,0.280508
2023-10-11 02:00:00.000 UTC,0.284296,0.279896,0.284025,0.280514
2023-10-11 01:00:00.000 UTC,0.284406,0.28356,0.284406,0.28393
2023-10-11 00:00:00.000 UTC,0.284049,0.282834,0.282834,0.284049
2023-10-10 23:00:00.000 UTC,0.283176,0.282792,0.283049,0.282818
2023-10-10 22:00:00.000 UTC,0.283041,0.282336,0.282336,0.282803
2023-10-10 21:00:00.000 UTC,0.282558,0.281502,0.28193,0.282303
2023-10-10 20:00:00.000 UTC,0.283151,0.281216,0.282846,0.281579
2023-10-10 19:00:00.000 UTC,0.282854,0.281749,0.281749,0.282678
2023-10-10 18:00:00.000 UTC,0.282483,0.281595,0.281595,0.281749
2023-10-10 17:00:00.000 UTC,0.282537,0.28143,0.282227,0.28143
2023-10-10 16:00:00.000 UTC,0.28303,0.281609,0.282064,0.2825
2023-10-10 15:00:00.000 UTC,0.282438,0.28174,0.281821,0.282319
2023-10-10 14:00:00.000 UTC,0.284292,0.282197,0.282517,0.282197
2023-10-10 13:00:00.000 UTC,0.282806,0.281687,0.281687,0.28214
2023-10-10 12:00:00.000 UTC,0.283213,0.281952,0.282576,0.281952
2023-10-10 11:00:00.000 UTC,0.283531,0.282689,0.283531,0.282834
2023-10-10 10:00:00.000 UTC,0.28547,0.283639,0.28547,0.283639
2023-10-10 09:00:00.000 UTC,0.285449,0.284814,0.285162,0.285217
2023-10-10 08:00:00.000 UTC,0.285501,0.285204,0.285341,0.285289
2023-10-10 07:00:00.000 UTC,0.285575,0.284541,0.284541,0.285265
2023-10-10 06:00:00.000 UTC,0.284292,0.28389,0.284292,0.284235
2023-10-10 05:00:00.000 UTC,0.284211,0.283134,0.283239,0.283996
2023-10-10 04:00:00.000 UTC,0.284045,0.283225,0.284045,0.283225
2023-10-10 03:00:00.000 UTC,0.284922,0.284076,0.284922,0.284087
2023-10-10 02:00:00.000 UTC,0.283864,0.283008,0.283696,0.283864
2023-10-10 01:00:00.000 UTC,0.283945,0.28322,0.28349,0.283945
2023-10-10 00:00:00.000 UTC,0.284679,0.283523,0.284278,0.283523
2023-10-09 23:00:00.000 UTC,0.284436,0.283708,0.284021,0.284217
2023-10-09 22:00:00.000 UTC,0.284172,0.283444,0.283824,0.284172
2023-10-09 21:00:00.000 UTC,0.283978,0.282381,0.2825,0.283565
2023-10-09 20:00:00.000 UTC,0.28425,0.282566,0.284012,0.282566
2023-10-09 19:00:00.000 UTC,0.284318,0.283725,0.284024,0.283774
2023-10-09 18:00:00.000 UTC,0.285121,0.284007,0.284105,0.284235
2023-10-09 17:00:00.000 UTC,0.284018,0.282103,0.282539,0.28398
2023-10-09 16:00:00.000 UTC,0.285783,0.280732,0.285783,0.28231
2023-10-09 15:00:00.000 UTC,0.287026,0.285985,0.286709,0.285985
2023-10-09 14:00:00.000 UTC,0.287783,0.286585,0.287765,0.286585
2023-10-09 13:00:00.000 UTC,0.288061,0.286475,0.287409,0.287455
2023-10-09 12:00:00.000 UTC,0.288231,0.286769,0.287752,0.287517
2023-10-09 11:00:00.000 UTC,0.288717,0.287378,0.288717,0.287378
2023-10-09 10:00:00.000 UTC,0.288992,0.287723,0.287723,0.288804
2023-10-09 09:00:00.000 UTC,0.295885,0.287518,0.295716,0.287518
2023-10-09 08:00:00.000 UTC,0.298016,0.295486,0.298016,0.295486
2023-10-09 07:00:00.000 UTC,0.299872,0.298117,0.299872,0.298429
2023-10-09 06:00:00.000 UTC,0.300067,0.29915,0.299224,0.299999
2023-10-09 05:00:00.000 UTC,0.300476,0.299266,0.300163,0.299288
2023-10-09 04:00:00.000 UTC,0.300227,0.299424,0.29964,0.300115
2023-10-09 03:00:00.000 UTC,0.299922,0.299237,0.299237,0.299736
2023-10-09 02:00:00.000 UTC,0.299775,0.299026,0.299775,0.299308
2023-10-09 01:00:00.000 UTC,0.299953,0.29783,0.298416,0.299953
2023-10-09 00:00:00.000 UTC,0.299833,0.298233,0.299501,0.298556
2023-10-08 23:00:00.000 UTC,0.299505,0.298536,0.298536,0.299505
2023-10-08 22:00:00.000 UTC,0.29922,0.298217,0.29922,0.298367
2023-10-08 21:00:00.000 UTC,0.300411,0.299637,0.300191,0.299637
2023-10-08 20:00:00.000 UTC,0.300212,0.299567,0.299978,0.300212
2023-10-08 19:00:00.000 UTC,0.299914,0.299048,0.299048,0.29988
2023-10-08 18:00:00.000 UTC,0.29915,0.298553,0.29915,0.298808
2023-10-08 17:00:00.000 UTC,0.299664,0.298975,0.298975,0.299306
2023-10-08 16:00:00.000 UTC,0.299943,0.298933,0.298933,0.298983
2023-10-08 15:00:00.000 UTC,0.299275,0.298504,0.299094,0.298507
2023-10-08 14:00:00.000 UTC,0.299177,0.297688,0.29773,0.29869
2023-10-08 13:00:00.000 UTC,0.298701,0.296761,0.297356,0.298054
2023-10-08 12:00:00.000 UTC,0.297741,0.297309,0.297309,0.297479
2023-10-08 11:00:00.000 UTC,0.297987,0.297375,0.297928,0.297375
2023-10-08 10:00:00.000 UTC,0.299509,0.29781,0.299113,0.29781
2023-10-08 09:00:00.000 UTC,0.299491,0.299042,0.299491,0.299242
2023-10-08 08:00:00.000 UTC,0.299644,0.299211,0.299462,0.299371
2023-10-08 07:00:00.000 UTC,0.29944,0.298338,0.298338,0.29944
2023-10-08 06:00:00.000 UTC,0.299934,0.298259,0.299285,0.298259
2023-10-08 05:00:00.000 UTC,0.299735,0.298572,0.299735,0.299
2023-10-08 04:00:00.000 UTC,0.301177,0.299611,0.301177,0.299611
2023-10-08 03:00:00.000 UTC,0.301125,0.30066,0.300838,0.301125
2023-10-08 02:00:00.000 UTC,0.301705,0.300802,0.301387,0.300802
2023-10-08 01:00:00.000 UTC,0.301557,0.300481,0.301557,0.301444
2023-10-08 00:00:00.000 UTC,0.301583,0.301011,0.301058,0.301583
2023-10-07 23:00:00.000 UTC,0.301463,0.300999,0.301463,0.300999
2023-10-07 22:00:00.000 UTC,0.301456,0.301167,0.301167,0.30145
2023-10-07 21:00:00.000 UTC,0.301125,0.300434,0.300434,0.301125
2023-10-07 20:00:00.000 UTC,0.300257,0.299315,0.299315,0.300257
2023-10-07 19:00:00.000 UTC,0.299991,0.299232,0.299874,0.299384
2023-10-07 18:00:00.000 UTC,0.300332,0.299816,0.300306,0.299816
2023-10-07 17:00:00.000 UTC,0.300658,0.300055,0.300658,0.30037
2023-10-07 16:00:00.000 UTC,0.301217,0.30064,0.300767,0.300695
2023-10-07 15:00:00.000 UTC,0.301866,0.300653,0.301866,0.300725
2023-10-07 14:00:00.000 UTC,0.301807,0.301245,0.301807,0.301735
2023-10-07 13:00:00.000 UTC,0.301376,0.300878,0.301051,0.301376
2023-10-07 12:00:00.000 UTC,0.301202,0.300736,0.300736,0.300995
2023-10-07 11:00:00.000 UTC,0.301368,0.30073,0.300965,0.30073
2023-10-07 10:00:00.000 UTC,0.30113,0.300442,0.300482,0.300807
2023-10-07 09:00:00.000 UTC,0.301428,0.300438,0.301428,0.300438
2023-10-07 08:00:00.000 UTC,0.301541,0.299777,0.300025,0.301538
2023-10-07 07:00:00.000 UTC,0.300941,0.300185,0.30094,0.300185
2023-10-07 06:00:00.000 UTC,0.301651,0.300955,0.301651,0.301214
2023-10-07 05:00:00.000 UTC,0.301788,0.300537,0.301118,0.301498
2023-10-07 04:00:00.000 UTC,0.301437,0.30042,0.300432,0.301069
2023-10-07 03:00:00.000 UTC,0.300888,0.2998,0.299861,0.300487
2023-10-07 02:00:00.000 UTC,0.300276,0.299871,0.300123,0.300276
2023-10-07 01:00:00.000 UTC,0.30171,0.300273,0.301401,0.300273
2023-10-07 00:00:00.000 UTC,0.302064,0.300816,0.300967,0.301467
2023-10-06 23:00:00.000 UTC,0.301212,0.300055,0.301212,0.300781
2023-10-06 22:00:00.000 UTC,0.302926,0.301348,0.302926,0.301352
2023-10-06 21:00:00.000 UTC,0.303492,0.301717,0.301717,0.303051
2023-10-06 20:00:00.000 UTC,0.302057,0.300913,0.300949,0.301556
2023-10-06 19:00:00.000 UTC,0.301148,0.299843,0.299843,0.301057
2023-10-06 18:00:00.000 UTC,0.30076,0.299666,0.30076,0.299666
2023-10-06 17:00:00.000 UTC,0.301102,0.299879,0.300101,0.300993
2023-10-06 16:00:00.000 UTC,0.300508,0.299123,0.300317,0.30009
2023-10-06 15:00:00.000 UTC,0.300593,0.29828,0.29828,0.300593
2023-10-06 14:00:00.000 UTC,0.29841,0.297012,0.297287,0.298312
2023-10-06 13:00:00.000 UTC,0.298535,0.296124,0.296124,0.297467
2023-10-06 12:00:00.000 UTC,0.298054,0.296175,0.29793,0.296175
2023-10-06 11:00:00.000 UTC,0.297835,0.297327,0.29758,0.297673
2023-10-06 10:00:00.000 UTC,0.298275,0.297414,0.297414,0.297837
2023-10-06 09:00:00.000 UTC,0.297472,0.296845,0.296845,0.297472
2023-10-06 08:00:00.000 UTC,0.297361,0.296589,0.297267,0.296729
2023-10-06 07:00:00.000 UTC,0.297256,0.296284,0.296614,0.297256
2023-10-06 06:00:00.000 UTC,0.296427,0.295926,0.296037,0.296427
2023-10-06 05:00:00.000 UTC,0.29606,0.295248,0.29562,0.29606
2023-10-06 04:00:00.000 UTC,0.296956,0.295719,0.296956,0.295719
2023-10-06 03:00:00.000 UTC,0.297409,0.296909,0.297409,0.297105
2023-10-06 02:00:00.000 UTC,0.297522,0.295335,0.295335,0.297434
2023-10-06 01:00:00.000 UTC,0.295759,0.294653,0.294838,0.295621
2023-10-06 00:00:00.000 UTC,0.295133,0.294624,0.294819,0.294724
2023-10-05 23:00:00.000 UTC,0.295627,0.294804,0.295521,0.294896
2023-10-05 22:00:00.000 UTC,0.295725,0.294698,0.295112,0.295725
2023-10-05 21:00:00.000 UTC,0.295463,0.294914,0.294914,0.295165
2023-10-05 20:00:00.000 UTC,0.295253,0.294676,0.294676,0.294773
2023-10-05 19:00:00.000 UTC,0.295367,0.294642,0.294837,0.294642
2023-10-05 18:00:00.000 UTC,0.2951,0.293902,0.294741,0.294982
2023-10-05 17:00:00.000 UTC,0.294944,0.293308,0.293638,0.294944
2023-10-05 16:00:00.000 UTC,0.294638,0.293733,0.294217,0.293853
2023-10-05 15:00:00.000 UTC,0.296848,0.293847,0.296848,0.294517
2023-10-05 14:00:00.000 UTC,0.297472,0.296664,0.296761,0.296734
2023-10-05 13:00:00.000 UTC,0.297647,0.295634,0.295634,0.296942
2023-10-05 12:00:00.000 UTC,0.29642,0.295493,0.296328,0.29569
2023-10-05 11:00:00.000 UTC,0.296934,0.2964,0.296777,0.2964
2023-10-05 10:00:00.000 UTC,0.296739,0.296088,0.296639,0.29662
2023-10-05 09:00:00.000 UTC,0.296756,0.296118,0.296164,0.29663
2023-10-05 08:00:00.000 UTC,0.295888,0.295336,0.295681,0.295857
2023-10-05 07:00:00.000 UTC,0.296079,0.295347,0.296056,0.295576
2023-10-05 06:00:00.000 UTC,0.296716,0.295674,0.296716,0.296327
2023-10-05 05:00:00.000 UTC,0.297215,0.296755,0.296897,0.29678
2023-10-05 04:00:00.000 UTC,0.29656,0.295932,0.296244,0.29656
2023-10-05 03:00:00.000 UTC,0.296751,0.296046,0.296162,0.296295
2023-10-05 02:00:00.000 UTC,0.297096,0.295789,0.297096,0.296029
2023-10-05 01:00:00.000 UTC,0.298231,0.296515,0.298231,0.296916
2023-10-05 00:00:00.000 UTC,0.298515,0.297009,0.297865,0.298515
2023-10-04 23:00:00.000 UTC,0.298673,0.298065,0.29814,0.298065
2023-10-04 22:00:00.000 UTC,0.298119,0.296428,0.296571,0.298105
2023-10-04 21:00:00.000 UTC,0.297313,0.296147,0.296147,0.296645
2023-10-04 20:00:00.000 UTC,0.296743,0.295358,0.295628,0.296254
2023-10-04 19:00:00.000 UTC,0.296933,0.295317,0.295669,0.295614
2023-10-04 18:00:00.000 UTC,0.296172,0.294962,0.295508,0.294962
2023-10-04 17:00:00.000 UTC,0.296268,0.295377,0.295767,0.295507
2023-10-04 16:00:00.000 UTC,0.296708,0.294323,0.294794,0.295821
2023-10-04 15:00:00.000 UTC,0.296193,0.295126,0.295497,0.295202
2023-10-04 14:00:00.000 UTC,0.295453,0.29424,0.294832,0.295268
2023-10-04 13:00:00.000 UTC,0.296757,0.294601,0.296757,0.294953
2023-10-04 12:00:00.000 UTC,0.297214,0.296054,0.296293,0.296768
2023-10-04 11:00:00.000 UTC,0.296595,0.295779,0.295817,0.29593
2023-10-04 10:00:00.000 UTC,0.297729,0.295956,0.297729,0.295956
2023-10-04 09:00:00.000 UTC,0.29884,0.297401,0.29884,0.297531
2023-10-04 08:00:00.000 UTC,0.298846,0.296144,0.296144,0.29859
2023-10-04 07:00:00.000 UTC,0.295887,0.294029,0.295261,0.295887
2023-10-04 06:00:00.000 UTC,0.295986,0.294264,0.295986,0.295208
2023-10-04 05:00:00.000 UTC,0.295835,0.294445,0.294445,0.295695
2023-10-04 04:00:00.000 UTC,0.296183,0.293832,0.294735,0.294605
2023-10-04 03:00:00.000 UTC,0.295392,0.294719,0.294926,0.294719
2023-10-04 02:00:00.000 UTC,0.295171,0.292804,0.293417,0.29476
2023-10-04 01:00:00.000 UTC,0.293732,0.291227,0.291227,0.293732
2023-10-04 00:00:00.000 UTC,0.299002,0.290348,0.299002,0.292097
2023-10-03 23:00:00.000 UTC,0.301649,0.298992,0.301416,0.299025
2023-10-03 22:00:00.000 UTC,0.301669,0.300007,0.301407,0.300228
2023-10-03 21:00:00.000 UTC,0.302609,0.301157,0.302349,0.30116
2023-10-03 20:00:00.000 UTC,0.303086,0.301573,0.302312,0.302716
2023-10-03 19:00:00.000 UTC,0.303054,0.301899,0.301905,0.302097
2023-10-03 18:00:00.000 UTC,0.303988,0.302125,0.303988,0.302221
2023-10-03 17:00:00.000 UTC,0.304639,0.304101,0.304436,0.304108
2023-10-03 16:00:00.000 UTC,0.305138,0.303767,0.304093,0.304449
2023-10-03 15:00:00.000 UTC,0.304833,0.30345,0.304348,0.303786
2023-10-03 14:00:00.000 UTC,0.306196,0.304068,0.306196,0.304084
2023-10-03 13:00:00.000 UTC,0.306749,0.304904,0.305347,0.306454
2023-10-03 12:00:00.000 UTC,0.306386,0.304585,0.306386,0.305054
2023-10-03 11:00:00.000 UTC,0.307907,0.305775,0.307907,0.306489
2023-10-03 10:00:00.000 UTC,0.308162,0.306899,0.307808,0.307628
2023-10-03 09:00:00.000 UTC,0.308933,0.30787,0.308346,0.30787
2023-10-03 08:00:00.000 UTC,0.308593,0.306969,0.306969,0.308486
2023-10-03 07:00:00.000 UTC,0.307915,0.306557,0.307547,0.306738
2023-10-03 06:00:00.000 UTC,0.307689,0.306559,0.306815,0.307689
2023-10-03 05:00:00.000 UTC,0.307566,0.306892,0.307131,0.307209
2023-10-03 04:00:00.000 UTC,0.307014,0.306328,0.307014,0.306803
2023-10-03 03:00:00.000 UTC,0.307607,0.306568,0.307607,0.30683
2023-10-03 02:00:00.000 UTC,0.307749,0.307081,0.30719,0.307749
2023-10-03 01:00:00.000 UTC,0.307013,0.305331,0.305331,0.306968
2023-10-03 00:00:00.000 UTC,0.305971,0.305099,0.305311,0.305605
2023-10-02 23:00:00.000 UTC,0.305649,0.304427,0.304562,0.305649
2023-10-02 22:00:00.000 UTC,0.305023,0.304023,0.304023,0.304412
2023-10-02 21:00:00.000 UTC,0.306343,0.303277,0.306218,0.303856
2023-10-02 20:00:00.000 UTC,0.307386,0.30607,0.307386,0.30635
2023-10-02 19:00:00.000 UTC,0.306882,0.304873,0.306326,0.306882
2023-10-02 18:00:00.000 UTC,0.312844,0.305351,0.312844,0.306858
2023-10-02 17:00:00.000 UTC,0.313549,0.311759,0.312303,0.313014
2023-10-02 16:00:00.000 UTC,0.313087,0.310754,0.311219,0.312512
2023-10-02 15:00:00.000 UTC,0.316463,0.312197,0.316239,0.312197
2023-10-02 14:00:00.000 UTC,0.317854,0.315222,0.317854,0.31652
2023-10-02 13:00:00.000 UTC,0.318881,0.317081,0.318881,0.317081
2023-10-02 12:00:00.000 UTC,0.318703,0.317911,0.318205,0.318548
2023-10-02 11:00:00.000 UTC,0.320244,0.31838,0.320117,0.318423
2023-10-02 10:00:00.000 UTC,0.321286,0.320277,0.320828,0.320309
2023-10-02 09:00:00.000 UTC,0.321704,0.320837,0.321704,0.320837
2023-10-02 08:00:00.000 UTC,0.321915,0.320474,0.320905,0.321848
2023-10-02 07:00:00.000 UTC,0.321494,0.320334,0.320589,0.320987
2023-10-02 06:00:00.000 UTC,0.320489,0.318741,0.319014,0.320489
2023-10-02 05:00:00.000 UTC,0.320786,0.318755,0.320786,0.318755
2023-10-02 04:00:00.000 UTC,0.321979,0.320331,0.321979,0.320589
2023-10-02 03:00:00.000 UTC,0.32239,0.32192,0.32211,0.321999
2023-10-02 02:00:00.000 UTC,0.322131,0.32152,0.321563,0.322131
2023-10-02 01:00:00.000 UTC,0.321561,0.320516,0.321355,0.321097
2023-10-02 00:00:00.000 UTC,0.322628,0.320846,0.322628,0.321162
2023-10-01 23:00:00.000 UTC,0.323155,0.321565,0.323155,0.322689
2023-10-01 22:00:00.000 UTC,0.323231,0.316762,0.316762,0.322731
2023-10-01 21:00:00.000 UTC,0.316875,0.315889,0.315889,0.31664
2023-10-01 20:00:00.000 UTC,0.316022,0.314269,0.314729,0.315832
2023-10-01 19:00:00.000 UTC,0.315226,0.314345,0.31443,0.314836
2023-10-01 18:00:00.000 UTC,0.314877,0.313687,0.313687,0.314484
2023-10-01 17:00:00.000 UTC,0.316373,0.3143,0.315885,0.3143
2023-10-01 16:00:00.000 UTC,0.317635,0.315912,0.31748,0.316286
2023-10-01 15:00:00.000 UTC,0.317343,0.316228,0.316228,0.317343
2023-10-01 14:00:00.000 UTC,0.319245,0.316235,0.317302,0.316312
2023-10-01 13:00:00.000 UTC,0.317303,0.316076,0.316909,0.316947
2023-10-01 12:00:00.000 UTC,0.317518,0.31647,0.317489,0.316885
2023-10-01 11:00:00.000 UTC,0.318346,0.317237,0.318346,0.317573
2023-10-01 10:00:00.000 UTC,0.319133,0.316342,0.316342,0.318335
2023-10-01 09:00:00.000 UTC,0.316237,0.314669,0.314669,0.316237
2023-10-01 08:00:00.000 UTC,0.314962,0.314011,0.314962,0.314804
2023-10-01 07:00:00.000 UTC,0.315821,0.314476,0.315821,0.315429
2023-10-01 06:00:00.000 UTC,0.315677,0.314781,0.314781,0.315677
2023-10-01 05:00:00.000 UTC,0.314964,0.31417,0.314171,0.314855
2023-10-01 04:00:00.000 UTC,0.314028,0.313401,0.313843,0.314028
2023-10-01 03:00:00.000 UTC,0.314352,0.312812,0.312812,0.314191
2023-10-01 02:00:00.000 UTC,0.313248,0.312091,0.312647,0.312597
2023-10-01 01:00:00.000 UTC,0.312762,0.311067,0.311526,0.312553
2023-10-01 00:00:00.000 UTC,0.311638,0.310471,0.310913,0.311638
2023-09-30 23:00:00.000 UTC,0.311515,0.310905,0.311275,0.310905
2023-09-30 22:00:00.000 UTC,0.311599,0.311121,0.311478,0.311216
2023-09-30 21:00:00.000 UTC,0.312644,0.311283,0.312451,0.311343
2023-09-30 20:00:00.000 UTC,0.312904,0.31227,0.31227,0.312715
2023-09-30 19:00:00.000 UTC,0.312844,0.311873,0.311873,0.31235
2023-09-30 18:00:00.000 UTC,0.31219,0.31165,0.31195,0.311665
2023-09-30 17:00:00.000 UTC,0.312156,0.311281,0.31214,0.312136
2023-09-30 16:00:00.000 UTC,0.312286,0.311122,0.31113,0.31215
2023-09-30 15:00:00.000 UTC,0.312271,0.310973,0.310995,0.311459
2023-09-30 14:00:00.000 UTC,0.311156,0.310144,0.310144,0.311156
2023-09-30 13:00:00.000 UTC,0.309867,0.308587,0.308736,0.309867
2023-09-30 12:00:00.000 UTC,0.309303,0.30827,0.308608,0.308556
2023-09-30 11:00:00.000 UTC,0.310544,0.308398,0.310295,0.308717
2023-09-30 10:00:00.000 UTC,0.311003,0.310336,0.310593,0.310336
2023-09-30 09:00:00.000 UTC,0.310861,0.310158,0.310158,0.310474
2023-09-30 08:00:00.000 UTC,0.310637,0.309756,0.310637,0.310129
2023-09-30 07:00:00.000 UTC,0.311442,0.310547,0.311442,0.310742
2023-09-30 06:00:00.000 UTC,0.311883,0.311206,0.311675,0.311431
2023-09-30 05:00:00.000 UTC,0.312136,0.311412,0.311973,0.311662
2023-09-30 04:00:00.000 UTC,0.312361,0.311435,0.311515,0.31196
2023-09-30 03:00:00.000 UTC,0.31322,0.311463,0.312874,0.311766
2023-09-30 02:00:00.000 UTC,0.313832,0.31255,0.313832,0.312684
2023-09-30 01:00:00.000 UTC,0.315407,0.313919,0.315407,0.314272
2023-09-30 00:00:00.000 UTC,0.315351,0.313859,0.314728,0.315351
2023-09-29 23:00:00.000 UTC,0.3154,0.31399,0.3154,0.314488
2023-09-29 22:00:00.000 UTC,0.317201,0.315296,0.316704,0.315296
2023-09-29 21:00:00.000 UTC,0.318742,0.314814,0.315153,0.316781
2023-09-29 20:00:00.000 UTC,0.31523,0.311714,0.311714,0.31523
2023-09-29 19:00:00.000 UTC,0.313389,0.311111,0.313389,0.312028
2023-09-29 18:00:00.000 UTC,0.312825,0.310188,0.310597,0.312686
2023-09-29 17:00:00.000 UTC,0.313204,0.311029,0.313204,0.311029
2023-09-29 16:00:00.000 UTC,0.314185,0.312881,0.313925,0.313265
2023-09-29 15:00:00.000 UTC,0.315996,0.312987,0.315996,0.313521
2023-09-29 14:00:00.000 UTC,0.315753,0.308837,0.310546,0.315753
2023-09-29 13:00:00.000 UTC,0.310636,0.309327,0.309761,0.310636
2023-09-29 12:00:00.000 UTC,0.309165,0.307382,0.308461,0.308833
2023-09-29 11:00:00.000 UTC,0.309007,0.307975,0.30806,0.308605
2023-09-29 10:00:00.000 UTC,0.308428,0.307313,0.307624,0.308122
2023-09-29 09:00:00.000 UTC,0.308226,0.307137,0.307531,0.307638
2023-09-29 08:00:00.000 UTC,0.308967,0.307571,0.30876,0.308045
2023-09-29 07:00:00.000 UTC,0.308988,0.305494,0.305494,0.308746
2023-09-29 06:00:00.000 UTC,0.305291,0.304562,0.304664,0.305291
2023-09-29 05:00:00.000 UTC,0.304865,0.304422,0.304648,0.30483
2023-09-29 04:00:00.000 UTC,0.305152,0.303998,0.305152,0.304605
2023-09-29 03:00:00.000 UTC,0.305284,0.304529,0.304897,0.305172
2023-09-29 02:00:00.000 UTC,0.305743,0.30471,0.305616,0.305095
2023-09-29 01:00:00.000 UTC,0.305225,0.304304,0.305059,0.305092
2023-09-29 00:00:00.000 UTC,0.305385,0.3045,0.304945,0.305111
2023-09-28 23:00:00.000 UTC,0.305404,0.30467,0.304906,0.304814
2023-09-28 22:00:00.000 UTC,0.305027,0.304582,0.304903,0.304745
2023-09-28 21:00:00.000 UTC,0.305092,0.303801,0.304879,0.304472
2023-09-28 20:00:00.000 UTC,0.305638,0.304393,0.305328,0.304393
2023-09-28 19:00:00.000 UTC,0.305459,0.303793,0.303793,0.305347
2023-09-28 18:00:00.000 UTC,0.305641,0.303131,0.305566,0.303269
2023-09-28 17:00:00.000 UTC,0.306229,0.305397,0.306038,0.305637
2023-09-28 16:00:00.000 UTC,0.307334,0.305561,0.305561,0.306356
2023-09-28 15:00:00.000 UTC,0.305226,0.303333,0.304161,0.305226
2023-09-28 14:00:00.000 UTC,0.304363,0.301533,0.301533,0.30401
2023-09-28 13:00:00.000 UTC,0.301679,0.300856,0.301232,0.301669
2023-09-28 12:00:00.000 UTC,0.302092,0.301362,0.301434,0.301362
2023-09-28 11:00:00.000 UTC,0.302587,0.301144,0.302587,0.301294
2023-09-28 10:00:00.000 UTC,0.303043,0.301336,0.30143,0.302517
2023-09-28 09:00:00.000 UTC,0.301636,0.300799,0.301036,0.301433
2023-09-28 08:00:00.000 UTC,0.301458,0.300364,0.301458,0.301433
2023-09-28 07:00:00.000 UTC,0.30191,0.301047,0.301451,0.301635
2023-09-28 06:00:00.000 UTC,0.301088,0.300604,0.301088,0.30093
2023-09-28 05:00:00.000 UTC,0.301438,0.30069,0.301353,0.300881
2023-09-28 04:00:00.000 UTC,0.301467,0.299971,0.300517,0.301467
2023-09-28 03:00:00.000 UTC,0.301787,0.300555,0.301787,0.300555
2023-09-28 02:00:00.000 UTC,0.303368,0.301674,0.302605,0.301715
2023-09-28 01:00:00.000 UTC,0.302676,0.301307,0.301902,0.30237
2023-09-28 00:00:00.000 UTC,0.302032,0.300364,0.300692,0.30137
2023-09-27 23:00:00.000 UTC,0.301167,0.299888,0.300328,0.300855
2023-09-27 22:00:00.000 UTC,0.300305,0.299409,0.299409,0.300159
2023-09-27 21:00:00.000 UTC,0.300147,0.298828,0.300059,0.29931
2023-09-27 20:00:00.000 UTC,0.302031,0.299647,0.301703,0.299647
2023-09-27 19:00:00.000 UTC,0.302692,0.301743,0.302315,0.301881
2023-09-27 18:00:00.000 UTC,0.302899,0.301573,0.302899,0.302451
2023-09-27 17:00:00.000 UTC,0.303648,0.302817,0.303223,0.302957
2023-09-27 16:00:00.000 UTC,0.30374,0.302768,0.303065,0.303198
2023-09-27 15:00:00.000 UTC,0.303469,0.302264,0.302264,0.302933
2023-09-27 14:00:00.000 UTC,0.30631,0.302029,0.305973,0.302029
2023-09-27 13:00:00.000 UTC,0.307514,0.306014,0.30635,0.306014
2023-09-27 12:00:00.000 UTC,0.307588,0.306076,0.307227,0.306575
2023-09-27 11:00:00.000 UTC,0.307637,0.306211,0.306505,0.307518
2023-09-27 10:00:00.000 UTC,0.306909,0.304334,0.304334,0.306227
2023-09-27 09:00:00.000 UTC,0.304357,0.302807,0.302985,0.304357
2023-09-27 08:00:00.000 UTC,0.30316,0.302561,0.30316,0.303123
2023-09-27 07:00:00.000 UTC,0.303942,0.302964,0.303875,0.303022
2023-09-27 06:00:00.000 UTC,0.303757,0.303314,0.30371,0.303685
2023-09-27 05:00:00.000 UTC,0.303479,0.302749,0.30339,0.303479
2023-09-27 04:00:00.000 UTC,0.303427,0.302657,0.303339,0.30318
2023-09-27 03:00:00.000 UTC,0.303071,0.30253,0.302902,0.303071
2023-09-27 02:00:00.000 UTC,0.303266,0.302671,0.302951,0.302786
2023-09-27 01:00:00.000 UTC,0.302758,0.301587,0.30205,0.302758
2023-09-27 00:00:00.000 UTC,0.302206,0.301635,0.301942,0.301907
2023-09-26 23:00:00.000 UTC,0.301794,0.300194,0.300194,0.301778
2023-09-26 22:00:00.000 UTC,0.300739,0.300136,0.300383,0.300136
2023-09-26 21:00:00.000 UTC,0.301566,0.299997,0.301566,0.300519
2023-09-26 20:00:00.000 UTC,0.302725,0.301704,0.302308,0.301704
2023-09-26 19:00:00.000 UTC,0.302064,0.301051,0.301051,0.302064
2023-09-26 18:00:00.000 UTC,0.301417,0.300768,0.300768,0.301227
2023-09-26 17:00:00.000 UTC,0.301576,0.300145,0.300406,0.300659
2023-09-26 16:00:00.000 UTC,0.301022,0.299588,0.299588,0.300541
2023-09-26 15:00:00.000 UTC,0.300042,0.299248,0.299467,0.299558
2023-09-26 14:00:00.000 UTC,0.299784,0.299141,0.299141,0.299525
2023-09-26 13:00:00.000 UTC,0.299657,0.298653,0.298653,0.299472
2023-09-26 12:00:00.000 UTC,0.300629,0.298841,0.300235,0.298841
2023-09-26 11:00:00.000 UTC,0.30017,0.298943,0.299041,0.300041
2023-09-26 10:00:00.000 UTC,0.299339,0.298701,0.299337,0.298917
2023-09-26 09:00:00.000 UTC,0.299418,0.298045,0.299042,0.299164
2023-09-26 08:00:00.000 UTC,0.299679,0.299205,0.299676,0.299328
2023-09-26 07:00:00.000 UTC,0.300423,0.299498,0.300397,0.29974
2023-09-26 06:00:00.000 UTC,0.301353,0.300387,0.301096,0.300413
2023-09-26 05:00:00.000 UTC,0.301509,0.300651,0.301367,0.300994
2023-09-26 04:00:00.000 UTC,0.302267,0.301145,0.301904,0.301263
2023-09-26 03:00:00.000 UTC,0.302678,0.30187,0.30243,0.30213
2023-09-26 02:00:00.000 UTC,0.302202,0.301296,0.301296,0.302202
2023-09-26 01:00:00.000 UTC,0.30123,0.300341,0.300598,0.30123
2023-09-26 00:00:00.000 UTC,0.300947,0.300145,0.30057,0.300815
2023-09-25 23:00:00.000 UTC,0.300782,0.300101,0.300645,0.300498
2023-09-25 22:00:00.000 UTC,0.30115,0.300288,0.300716,0.300673
2023-09-25 21:00:00.000 UTC,0.301052,0.300294,0.301002,0.300681
2023-09-25 20:00:00.000 UTC,0.301813,0.30116,0.301361,0.30116
2023-09-25 19:00:00.000 UTC,0.301102,0.299968,0.300824,0.301102
2023-09-25 18:00:00.000 UTC,0.301075,0.300108,0.300427,0.300955
2023-09-25 17:00:00.000 UTC,0.300958,0.2996,0.300871,0.30037
2023-09-25 16:00:00.000 UTC,0.301579,0.29998,0.29998,0.300832
2023-09-25 15:00:00.000 UTC,0.300199,0.298161,0.298302,0.300113
2023-09-25 14:00:00.000 UTC,0.298958,0.298208,0.298958,0.298384
2023-09-25 13:00:00.000 UTC,0.299289,0.298452,0.298658,0.299289
2023-09-25 12:00:00.000 UTC,0.299288,0.29816,0.298451,0.298677
2023-09-25 11:00:00.000 UTC,0.298744,0.297116,0.297293,0.298744
2023-09-25 10:00:00.000 UTC,0.297823,0.296348,0.296348,0.297823
2023-09-25 09:00:00.000 UTC,0.296229,0.295331,0.295331,0.296229
2023-09-25 08:00:00.000 UTC,0.296812,0.295091,0.29659,0.295432
2023-09-25 07:00:00.000 UTC,0.297074,0.296417,0.297074,0.296802
2023-09-25 06:00:00.000 UTC,0.297337,0.296401,0.297129,0.297337
2023-09-25 05:00:00.000 UTC,0.297624,0.297028,0.297541,0.297151
2023-09-25 04:00:00.000 UTC,0.297755,0.297102,0.297102,0.297466
2023-09-25 03:00:00.000 UTC,0.298241,0.297257,0.298134,0.297257
2023-09-25 02:00:00.000 UTC,0.298264,0.297583,0.297583,0.297872
2023-09-25 01:00:00.000 UTC,0.299496,0.297426,0.29864,0.297426
2023-09-25 00:00:00.000 UTC,0.297906,0.296082,0.29718,0.297906
2023-09-24 23:00:00.000 UTC,0.300209,0.296059,0.300209,0.297125
2023-09-24 22:00:00.000 UTC,0.300325,0.299678,0.300324,0.300305
2023-09-24 21:00:00.000 UTC,0.300349,0.298954,0.299485,0.300349
2023-09-24 20:00:00.000 UTC,0.299439,0.298476,0.299175,0.299406
2023-09-24 19:00:00.000 UTC,0.300965,0.299074,0.300965,0.299539
2023-09-24 18:00:00.000 UTC,0.303838,0.301043,0.303033,0.301043
2023-09-24 17:00:00.000 UTC,0.303054,0.301203,0.301402,0.303054
2023-09-24 16:00:00.000 UTC,0.303032,0.301285,0.303032,0.301285
2023-09-24 15:00:00.000 UTC,0.303479,0.302395,0.303479,0.302735
2023-09-24 14:00:00.000 UTC,0.30498,0.303568,0.30498,0.303907
2023-09-24 13:00:00.000 UTC,0.305961,0.304182,0.304769,0.304768
2023-09-24 12:00:00.000 UTC,0.306488,0.301731,0.301731,0.305708
2023-09-24 11:00:00.000 UTC,0.301127,0.300481,0.300793,0.301127
2023-09-24 10:00:00.000 UTC,0.301631,0.300544,0.301383,0.300544
2023-09-24 09:00:00.000 UTC,0.301867,0.301206,0.301206,0.301685
2023-09-24 08:00:00.000 UTC,0.301372,0.300716,0.300716,0.301372
2023-09-24 07:00:00.000 UTC,0.301567,0.300645,0.301347,0.300758
2023-09-24 06:00:00.000 UTC,0.301787,0.301045,0.301489,0.301223
2023-09-24 05:00:00.000 UTC,0.301493,0.30095,0.301444,0.301375
2023-09-24 04:00:00.000 UTC,0.302067,0.30114,0.301459,0.301616
2023-09-24 03:00:00.000 UTC,0.301904,0.301513,0.301555,0.301513
2023-09-24 02:00:00.000 UTC,0.301777,0.301258,0.301269,0.301486
2023-09-24 01:00:00.000 UTC,0.30129,0.300521,0.30129,0.301127
2023-09-24 00:00:00.000 UTC,0.301691,0.300848,0.301553,0.301006
2023-09-23 23:00:00.000 UTC,0.301456,0.300656,0.300796,0.301456
2023-09-23 22:00:00.000 UTC,0.301707,0.30087,0.301434,0.301271
2023-09-23 21:00:00.000 UTC,0.301968,0.301084,0.301695,0.301197
2023-09-23 20:00:00.000 UTC,0.30253,0.301767,0.302256,0.301894
2023-09-23 19:00:00.000 UTC,0.302342,0.301151,0.301496,0.302196
2023-09-23 18:00:00.000 UTC,0.30171,0.300428,0.300557,0.301454
2023-09-23 17:00:00.000 UTC,0.300615,0.299959,0.300569,0.300596
2023-09-23 16:00:00.000 UTC,0.300565,0.298952,0.299319,0.300565
2023-09-23 15:00:00.000 UTC,0.299912,0.298934,0.299885,0.299548
2023-09-23 14:00:00.000 UTC,0.300214,0.299393,0.299557,0.299788
2023-09-23 13:00:00.000 UTC,0.299999,0.299479,0.299959,0.299479
2023-09-23 12:00:00.000 UTC,0.300491,0.299763,0.300328,0.299763
2023-09-23 11:00:00.000 UTC,0.30062,0.299942,0.300483,0.300289
2023-09-23 10:00:00.000 UTC,0.301442,0.300557,0.301442,0.300557
2023-09-23 09:00:00.000 UTC,0.301423,0.300769,0.300769,0.301415
2023-09-23 08:00:00.000 UTC,0.301253,0.300633,0.301198,0.301021
2023-09-23 07:00:00.000 UTC,0.301807,0.300745,0.301397,0.300745
2023-09-23 06:00:00.000 UTC,0.30162,0.300926,0.300926,0.301192
2023-09-23 05:00:00.000 UTC,0.302005,0.300669,0.300729,0.301362
2023-09-23 04:00:00.000 UTC,0.301078,0.299555,0.299833,0.300728
2023-09-23 03:00:00.000 UTC,0.300278,0.29916,0.299891,0.29958
2023-09-23 02:00:00.000 UTC,0.302345,0.299786,0.302156,0.300127
2023-09-23 01:00:00.000 UTC,0.302729,0.301732,0.302729,0.302339
2023-09-23 00:00:00.000 UTC,0.302919,0.300147,0.300147,0.301951
2023-09-22 23:00:00.000 UTC,0.300465,0.299583,0.300465,0.300139
2023-09-22 22:00:00.000 UTC,0.300399,0.299705,0.299705,0.300079
2023-09-22 21:00:00.000 UTC,0.299475,0.298557,0.298749,0.299475
2023-09-22 20:00:00.000 UTC,0.299338,0.298336,0.298336,0.298789
2023-09-22 19:00:00.000 UTC,0.3003,0.298433,0.29949,0.298433
2023-09-22 18:00:00.000 UTC,0.29998,0.298528,0.298528,0.29998
2023-09-22 17:00:00.000 UTC,0.298252,0.29763,0.297706,0.298071
2023-09-22 16:00:00.000 UTC,0.299034,0.297837,0.298952,0.297854
2023-09-22 15:00:00.000 UTC,0.299944,0.29918,0.299661,0.299557
2023-09-22 14:00:00.000 UTC,0.299363,0.297472,0.297617,0.299363
2023-09-22 13:00:00.000 UTC,0.29764,0.296972,0.297116,0.297174
2023-09-22 12:00:00.000 UTC,0.298478,0.297083,0.298478,0.297541
2023-09-22 11:00:00.000 UTC,0.298128,0.296489,0.296489,0.297752
2023-09-22 10:00:00.000 UTC,0.297291,0.296577,0.296833,0.296738
2023-09-22 09:00:00.000 UTC,0.297237,0.296093,0.297237,0.296804
2023-09-22 08:00:00.000 UTC,0.296945,0.295985,0.296478,0.296794
2023-09-22 07:00:00.000 UTC,0.296114,0.29452,0.295178,0.296114
2023-09-22 06:00:00.000 UTC,0.296073,0.295118,0.295946,0.295369
2023-09-22 05:00:00.000 UTC,0.296021,0.29511,0.296016,0.295887
2023-09-22 04:00:00.000 UTC,0.296924,0.2954,0.295749,0.296105
2023-09-22 03:00:00.000 UTC,0.295792,0.293731,0.293731,0.295792
2023-09-22 02:00:00.000 UTC,0.295567,0.293803,0.294923,0.294215
2023-09-22 01:00:00.000 UTC,0.295591,0.294037,0.295591,0.294723
2023-09-22 00:00:00.000 UTC,0.295437,0.292097,0.293486,0.295437
2023-09-21 23:00:00.000 UTC,0.294198,0.293369,0.294039,0.293686
2023-09-21 22:00:00.000 UTC,0.294252,0.293335,0.294138,0.293908
2023-09-21 21:00:00.000 UTC,0.294188,0.29294,0.294188,0.29326
2023-09-21 20:00:00.000 UTC,0.29513,0.293145,0.29513,0.294182
2023-09-21 19:00:00.000 UTC,0.295369,0.294468,0.295322,0.294669
2023-09-21 18:00:00.000 UTC,0.295076,0.294212,0.294473,0.294732
2023-09-21 17:00:00.000 UTC,0.295708,0.29462,0.295037,0.294749
2023-09-21 16:00:00.000 UTC,0.295416,0.293694,0.294588,0.295416
2023-09-21 15:00:00.000 UTC,0.294748,0.293203,0.293942,0.294668
2023-09-21 14:00:00.000 UTC,0.294159,0.292598,0.292598,0.293867
2023-09-21 13:00:00.000 UTC,0.294846,0.292265,0.294846,0.292482
2023-09-21 12:00:00.000 UTC,0.295004,0.293838,0.294261,0.294367
2023-09-21 11:00:00.000 UTC,0.294255,0.292745,0.292745,0.294255
2023-09-21 10:00:00.000 UTC,0.297076,0.293751,0.296931,0.293751
2023-09-21 09:00:00.000 UTC,0.299828,0.296705,0.299725,0.296705
2023-09-21 08:00:00.000 UTC,0.300979,0.299877,0.300801,0.300137
2023-09-21 07:00:00.000 UTC,0.301233,0.299754,0.300123,0.300606
2023-09-21 06:00:00.000 UTC,0.301583,0.298713,0.301583,0.300662
2023-09-21 05:00:00.000 UTC,0.3033,0.301303,0.3033,0.301747
2023-09-21 04:00:00.000 UTC,0.304047,0.303149,0.3034,0.303564
2023-09-21 03:00:00.000 UTC,0.303339,0.302568,0.302574,0.303222
2023-09-21 02:00:00.000 UTC,0.303726,0.302387,0.302593,0.302458
2023-09-21 01:00:00.000 UTC,0.302689,0.301605,0.302689,0.302603
2023-09-21 00:00:00.000 UTC,0.304221,0.300556,0.301112,0.303231
2023-09-20 23:00:00.000 UTC,0.301408,0.299766,0.300809,0.300714
2023-09-20 22:00:00.000 UTC,0.30214,0.300113,0.30214,0.30089
2023-09-20 21:00:00.000 UTC,0.302967,0.298794,0.298794,0.302016
2023-09-20 20:00:00.000 UTC,0.298738,0.298045,0.298199,0.298692
2023-09-20 19:00:00.000 UTC,0.300775,0.297205,0.300775,0.298089
2023-09-20 18:00:00.000 UTC,0.301445,0.298743,0.298924,0.300472
2023-09-20 17:00:00.000 UTC,0.299198,0.297649,0.298012,0.298719
2023-09-20 16:00:00.000 UTC,0.298216,0.29722,0.298216,0.298115
2023-09-20 15:00:00.000 UTC,0.299762,0.297927,0.299762,0.298195
2023-09-20 14:00:00.000 UTC,0.30012,0.298678,0.29909,0.299947
2023-09-20 13:00:00.000 UTC,0.299053,0.297438,0.297457,0.299053
2023-09-20 12:00:00.000 UTC,0.298004,0.296646,0.297818,0.297504
2023-09-20 11:00:00.000 UTC,0.298893,0.298016,0.298893,0.298016
2023-09-20 10:00:00.000 UTC,0.299794,0.298548,0.299579,0.298961
2023-09-20 09:00:00.000 UTC,0.302489,0.299099,0.302485,0.299099
2023-09-20 08:00:00.000 UTC,0.302077,0.300936,0.301462,0.302077
2023-09-20 07:00:00.000 UTC,0.301885,0.30123,0.30141,0.301484
2023-09-20 06:00:00.000 UTC,0.301708,0.300757,0.301251,0.301072
2023-09-20 05:00:00.000 UTC,0.301724,0.300912,0.301408,0.301545
2023-09-20 04:00:00.000 UTC,0.30192,0.301058,0.301306,0.301759
2023-09-20 03:00:00.000 UTC,0.303885,0.301434,0.303506,0.301434
2023-09-20 02:00:00.000 UTC,0.306425,0.303846,0.306316,0.303846
2023-09-20 01:00:00.000 UTC,0.306074,0.304013,0.304013,0.305947
2023-09-20 00:00:00.000 UTC,0.304912,0.3033,0.304126,0.303997
2023-09-19 23:00:00.000 UTC,0.304506,0.303646,0.304506,0.304287
2023-09-19 22:00:00.000 UTC,0.304837,0.304206,0.304837,0.304333
2023-09-19 21:00:00.000 UTC,0.30484,0.303653,0.303991,0.30484
2023-09-19 20:00:00.000 UTC,0.305096,0.303871,0.305058,0.304078
2023-09-19 19:00:00.000 UTC,0.304726,0.303599,0.30458,0.304038
2023-09-19 18:00:00.000 UTC,0.305624,0.304355,0.30447,0.304785
2023-09-19 17:00:00.000 UTC,0.305334,0.304335,0.305223,0.304335
2023-09-19 16:00:00.000 UTC,0.30651,0.304874,0.305783,0.304874
2023-09-19 15:00:00.000 UTC,0.305641,0.303463,0.303463,0.305641
2023-09-19 14:00:00.000 UTC,0.303881,0.302098,0.302226,0.303527
2023-09-19 13:00:00.000 UTC,0.304415,0.302896,0.303213,0.303342
2023-09-19 12:00:00.000 UTC,0.305001,0.303104,0.303874,0.303391
2023-09-19 11:00:00.000 UTC,0.30387,0.302499,0.303336,0.30376
2023-09-19 10:00:00.000 UTC,0.304778,0.303,0.304778,0.30309
2023-09-19 09:00:00.000 UTC,0.305545,0.303032,0.303478,0.304902
2023-09-19 08:00:00.000 UTC,0.30273,0.300438,0.301078,0.30273
2023-09-19 07:00:00.000 UTC,0.301077,0.300145,0.300594,0.301077
2023-09-19 06:00:00.000 UTC,0.301384,0.299875,0.301384,0.300513
2023-09-19 05:00:00.000 UTC,0.303072,0.301636,0.303072,0.301661
2023-09-19 04:00:00.000 UTC,0.303233,0.301934,0.301934,0.303233
2023-09-19 03:00:00.000 UTC,0.302758,0.30144,0.302604,0.301971
2023-09-19 02:00:00.000 UTC,0.302843,0.300968,0.300968,0.302188
2023-09-19 01:00:00.000 UTC,0.30142,0.300111,0.300271,0.300773
2023-09-19 00:00:00.000 UTC,0.302014,0.300397,0.301336,0.300572
2023-09-18 23:00:00.000 UTC,0.302739,0.300513,0.302739,0.301422
2023-09-18 22:00:00.000 UTC,0.302792,0.301903,0.301903,0.302452
2023-09-18 21:00:00.000 UTC,0.301914,0.300966,0.301442,0.301634
2023-09-18 20:00:00.000 UTC,0.3028,0.301491,0.3028,0.30154
2023-09-18 19:00:00.000 UTC,0.303469,0.30055,0.30055,0.302672
2023-09-18 18:00:00.000 UTC,0.302433,0.300066,0.301842,0.300519
2023-09-18 17:00:00.000 UTC,0.306277,0.300746,0.306277,0.30198
2023-09-18 16:00:00.000 UTC,0.306623,0.304215,0.304607,0.306369
2023-09-18 15:00:00.000 UTC,0.305438,0.304525,0.305289,0.304725
2023-09-18 14:00:00.000 UTC,0.305785,0.303132,0.303932,0.305785
2023-09-18 13:00:00.000 UTC,0.30545,0.303173,0.305332,0.303173
2023-09-18 12:00:00.000 UTC,0.306129,0.303489,0.304343,0.305198
2023-09-18 11:00:00.000 UTC,0.304273,0.303336,0.303465,0.304155
2023-09-18 10:00:00.000 UTC,0.303802,0.301524,0.301533,0.303682
2023-09-18 09:00:00.000 UTC,0.301108,0.298824,0.298824,0.301108
2023-09-18 08:00:00.000 UTC,0.298993,0.298287,0.298556,0.298849
2023-09-18 07:00:00.000 UTC,0.300022,0.297971,0.297971,0.298547
2023-09-18 06:00:00.000 UTC,0.298704,0.298105,0.298141,0.298105
2023-09-18 05:00:00.000 UTC,0.298452,0.297241,0.297266,0.298198
2023-09-18 04:00:00.000 UTC,0.297857,0.296549,0.297472,0.297367
2023-09-18 03:00:00.000 UTC,0.298058,0.29611,0.298058,0.297688
2023-09-18 02:00:00.000 UTC,0.298511,0.2945,0.2945,0.297645
2023-09-18 01:00:00.000 UTC,0.294359,0.293151,0.293297,0.294359
2023-09-18 00:00:00.000 UTC,0.296262,0.292737,0.295853,0.29372
2023-09-17 23:00:00.000 UTC,0.29617,0.295208,0.295913,0.29617
2023-09-17 22:00:00.000 UTC,0.296893,0.294583,0.294906,0.295826
2023-09-17 21:00:00.000 UTC,0.295724,0.293457,0.293457,0.294685
2023-09-17 20:00:00.000 UTC,0.299087,0.294293,0.299087,0.294293
2023-09-17 19:00:00.000 UTC,0.299489,0.299085,0.299192,0.299085
2023-09-17 18:00:00.000 UTC,0.299583,0.298101,0.298246,0.299175
2023-09-17 17:00:00.000 UTC,0.301143,0.298569,0.301137,0.298569
2023-09-17 16:00:00.000 UTC,0.303388,0.30092,0.303197,0.301138
2023-09-17 15:00:00.000 UTC,0.303329,0.302479,0.303075,0.303329
2023-09-17 14:00:00.000 UTC,0.303456,0.30263,0.302675,0.3028
2023-09-17 13:00:00.000 UTC,0.30357,0.302692,0.303519,0.302692
2023-09-17 12:00:00.000 UTC,0.303876,0.302472,0.302581,0.303417
2023-09-17 11:00:00.000 UTC,0.302999,0.302555,0.302999,0.302621
2023-09-17 10:00:00.000 UTC,0.303315,0.302275,0.30228,0.302804
2023-09-17 09:00:00.000 UTC,0.302284,0.30186,0.302105,0.302284
2023-09-17 08:00:00.000 UTC,0.302066,0.300738,0.301677,0.302066
2023-09-17 07:00:00.000 UTC,0.302735,0.301453,0.302735,0.301453
2023-09-17 06:00:00.000 UTC,0.302952,0.302425,0.302749,0.302698
2023-09-17 05:00:00.000 UTC,0.303637,0.302317,0.303637,0.302709
2023-09-17 04:00:00.000 UTC,0.303429,0.302982,0.303252,0.303429
2023-09-17 03:00:00.000 UTC,0.303417,0.301842,0.301842,0.303417
2023-09-17 02:00:00.000 UTC,0.302398,0.300979,0.300979,0.302162
2023-09-17 01:00:00.000 UTC,0.302177,0.300314,0.302173,0.301596
2023-09-17 00:00:00.000 UTC,0.306372,0.302916,0.306372,0.302916
2023-09-16 23:00:00.000 UTC,0.306428,0.305436,0.305443,0.306329
2023-09-16 22:00:00.000 UTC,0.30543,0.304779,0.305212,0.30543
2023-09-16 21:00:00.000 UTC,0.304923,0.303948,0.303986,0.304923
2023-09-16 20:00:00.000 UTC,0.304472,0.303559,0.303559,0.304135
2023-09-16 19:00:00.000 UTC,0.304575,0.303541,0.304575,0.303657
2023-09-16 18:00:00.000 UTC,0.304905,0.304204,0.304814,0.304447
2023-09-16 17:00:00.000 UTC,0.304859,0.304007,0.304684,0.304808
2023-09-16 16:00:00.000 UTC,0.305045,0.304428,0.304428,0.304684
2023-09-16 15:00:00.000 UTC,0.304644,0.303686,0.303714,0.304644
2023-09-16 14:00:00.000 UTC,0.305651,0.304041,0.305345,0.304041
2023-09-16 13:00:00.000 UTC,0.306147,0.304533,0.306075,0.305081
2023-09-16 12:00:00.000 UTC,0.306954,0.306092,0.306689,0.30628
2023-09-16 11:00:00.000 UTC,0.307486,0.306352,0.307199,0.306759
2023-09-16 10:00:00.000 UTC,0.307265,0.306064,0.3065,0.307223
2023-09-16 09:00:00.000 UTC,0.307546,0.306696,0.307345,0.307113
2023-09-16 08:00:00.000 UTC,0.308265,0.307187,0.307777,0.307769
2023-09-16 07:00:00.000 UTC,0.308362,0.307504,0.307773,0.307951
2023-09-16 06:00:00.000 UTC,0.309858,0.307853,0.308657,0.307853
2023-09-16 05:00:00.000 UTC,0.310056,0.308677,0.309803,0.308677
2023-09-16 04:00:00.000 UTC,0.309948,0.307097,0.307668,0.309878
2023-09-16 03:00:00.000 UTC,0.308711,0.307014,0.307413,0.308076
2023-09-16 02:00:00.000 UTC,0.308644,0.305676,0.305676,0.307494
2023-09-16 01:00:00.000 UTC,0.305712,0.304585,0.304657,0.30548
2023-09-16 00:00:00.000 UTC,0.305164,0.30407,0.30407,0.30459
2023-09-15 23:00:00.000 UTC,0.305154,0.303524,0.305037,0.303978
2023-09-15 22:00:00.000 UTC,0.304914,0.301637,0.301685,0.304914
2023-09-15 21:00:00.000 UTC,0.302944,0.301503,0.301503,0.302062
2023-09-15 20:00:00.000 UTC,0.301844,0.301061,0.301201,0.301735
2023-09-15 19:00:00.000 UTC,0.301307,0.299164,0.299164,0.301307
2023-09-15 18:00:00.000 UTC,0.299658,0.298773,0.299658,0.298773
2023-09-15 17:00:00.000 UTC,0.300009,0.29888,0.29888,0.299958
2023-09-15 16:00:00.000 UTC,0.299077,0.29848,0.298661,0.299042
2023-09-15 15:00:00.000 UTC,0.29877,0.296086,0.296086,0.29877
2023-09-15 14:00:00.000 UTC,0.298093,0.296019,0.297425,0.296433
2023-09-15 13:00:00.000 UTC,0.298488,0.297062,0.297062,0.297581
2023-09-15 12:00:00.000 UTC,0.298274,0.297025,0.297078,0.297163
2023-09-15 11:00:00.000 UTC,0.300039,0.297922,0.300039,0.297922
2023-09-15 10:00:00.000 UTC,0.299661,0.298965,0.299578,0.299661
2023-09-15 09:00:00.000 UTC,0.299826,0.298702,0.299249,0.299826
2023-09-15 08:00:00.000 UTC,0.298896,0.297701,0.297701,0.29887
2023-09-15 07:00:00.000 UTC,0.298923,0.297613,0.298904,0.297613
2023-09-15 06:00:00.000 UTC,0.299955,0.298621,0.299526,0.298948
2023-09-15 05:00:00.000 UTC,0.301547,0.2995,0.300821,0.2995
2023-09-15 04:00:00.000 UTC,0.301025,0.29983,0.300189,0.300904
2023-09-15 03:00:00.000 UTC,0.300817,0.299424,0.300817,0.29971
2023-09-15 02:00:00.000 UTC,0.301599,0.300014,0.300014,0.301076
2023-09-15 01:00:00.000 UTC,0.299779,0.297243,0.298159,0.299281
2023-09-15 00:00:00.000 UTC,0.299253,0.297919,0.299125,0.298745
2023-09-14 23:00:00.000 UTC,0.29978,0.298068,0.29978,0.298581
2023-09-14 22:00:00.000 UTC,0.300198,0.29959,0.29959,0.299646
2023-09-14 21:00:00.000 UTC,0.299421,0.297909,0.297909,0.299421
2023-09-14 20:00:00.000 UTC,0.299927,0.29794,0.299923,0.29794
2023-09-14 19:00:00.000 UTC,0.299798,0.297994,0.297994,0.299798
2023-09-14 18:00:00.000 UTC,0.299734,0.298012,0.298923,0.298012
2023-09-14 17:00:00.000 UTC,0.298893,0.297867,0.298165,0.298717
2023-09-14 16:00:00.000 UTC,0.299553,0.297414,0.298811,0.297824
2023-09-14 15:00:00.000 UTC,0.299461,0.298116,0.299098,0.298631
2023-09-14 14:00:00.000 UTC,0.299343,0.297677,0.298105,0.298831
2023-09-14 13:00:00.000 UTC,0.304008,0.297713,0.301209,0.297713
2023-09-14 12:00:00.000 UTC,0.300737,0.29314,0.293161,0.300737
2023-09-14 11:00:00.000 UTC,0.292986,0.292166,0.292166,0.292975
2023-09-14 10:00:00.000 UTC,0.292078,0.291059,0.291059,0.291858
2023-09-14 09:00:00.000 UTC,0.291145,0.290258,0.290258,0.291145
2023-09-14 08:00:00.000 UTC,0.291572,0.2903,0.291052,0.2903
2023-09-14 07:00:00.000 UTC,0.291669,0.290427,0.291153,0.291439
2023-09-14 06:00:00.000 UTC,0.291394,0.290198,0.290198,0.290947
2023-09-14 05:00:00.000 UTC,0.291215,0.289679,0.290617,0.29027
2023-09-14 04:00:00.000 UTC,0.292035,0.290462,0.29181,0.290462
2023-09-14 03:00:00.000 UTC,0.292864,0.291429,0.292612,0.291776
2023-09-14 02:00:00.000 UTC,0.292983,0.291532,0.2919,0.292228
2023-09-14 01:00:00.000 UTC,0.295858,0.292057,0.295858,0.29216
2023-09-14 00:00:00.000 UTC,0.294825,0.290358,0.290436,0.294825
2023-09-13 23:00:00.000 UTC,0.291659,0.290368,0.291435,0.290546
2023-09-13 22:00:00.000 UTC,0.292205,0.291356,0.291689,0.291356
2023-09-13 21:00:00.000 UTC,0.292759,0.291568,0.292759,0.291731
2023-09-13 20:00:00.000 UTC,0.292074,0.290143,0.290143,0.292074
2023-09-13 19:00:00.000 UTC,0.290409,0.288553,0.289078,0.290409
2023-09-13 18:00:00.000 UTC,0.290075,0.288951,0.289362,0.289666
2023-09-13 17:00:00.000 UTC,0.290891,0.289408,0.290251,0.290556
2023-09-13 16:00:00.000 UTC,0.291281,0.290222,0.290558,0.290305
2023-09-13 15:00:00.000 UTC,0.291627,0.289976,0.289976,0.290674
2023-09-13 14:00:00.000 UTC,0.290582,0.288297,0.288618,0.290582
2023-09-13 13:00:00.000 UTC,0.290046,0.288326,0.290046,0.288436
2023-09-13 12:00:00.000 UTC,0.290301,0.288116,0.290301,0.289983
2023-09-13 11:00:00.000 UTC,0.290129,0.288015,0.288015,0.290129
2023-09-13 10:00:00.000 UTC,0.288355,0.287342,0.28818,0.287618
2023-09-13 09:00:00.000 UTC,0.287887,0.286018,0.28662,0.287881
2023-09-13 08:00:00.000 UTC,0.28657,0.283166,0.283166,0.28657
2023-09-13 07:00:00.000 UTC,0.289185,0.28328,0.28328,0.283526
2023-09-13 06:00:00.000 UTC,0.283187,0.281361,0.282019,0.283187
2023-09-13 05:00:00.000 UTC,0.283045,0.281477,0.283045,0.281833
2023-09-13 04:00:00.000 UTC,0.283316,0.281936,0.281985,0.283114
2023-09-13 03:00:00.000 UTC,0.283247,0.281577,0.282877,0.281614
2023-09-13 02:00:00.000 UTC,0.284045,0.283135,0.283536,0.283363
2023-09-13 01:00:00.000 UTC,0.284814,0.283199,0.284403,0.283489
2023-09-13 00:00:00.000 UTC,0.284646,0.282728,0.28278,0.284539
2023-09-12 23:00:00.000 UTC,0.283968,0.282795,0.283968,0.283035
2023-09-12 22:00:00.000 UTC,0.285233,0.283753,0.285233,0.284206
2023-09-12 21:00:00.000 UTC,0.286158,0.284416,0.284416,0.28529
2023-09-12 20:00:00.000 UTC,0.284761,0.284069,0.284069,0.284486
2023-09-12 19:00:00.000 UTC,0.286179,0.284001,0.284236,0.284212
2023-09-12 18:00:00.000 UTC,0.284404,0.283643,0.283643,0.283813
2023-09-12 17:00:00.000 UTC,0.285646,0.284037,0.285445,0.28433
2023-09-12 16:00:00.000 UTC,0.288209,0.285884,0.286018,0.286533
2023-09-12 15:00:00.000 UTC,0.286914,0.286036,0.28637,0.286131
2023-09-12 14:00:00.000 UTC,0.288569,0.286417,0.288569,0.286417
2023-09-12 13:00:00.000 UTC,0.288457,0.286477,0.288457,0.287945
2023-09-12 12:00:00.000 UTC,0.290739,0.288821,0.289894,0.288822
2023-09-12 11:00:00.000 UTC,0.291335,0.289463,0.291335,0.289923
2023-09-12 10:00:00.000 UTC,0.292458,0.288177,0.288543,0.291375
2023-09-12 09:00:00.000 UTC,0.288361,0.285913,0.285913,0.288106
2023-09-12 08:00:00.000 UTC,0.287514,0.286294,0.28673,0.286351
2023-09-12 07:00:00.000 UTC,0.287468,0.285948,0.286776,0.286562
2023-09-12 06:00:00.000 UTC,0.287167,0.286338,0.286805,0.286856
2023-09-12 05:00:00.000 UTC,0.286877,0.28581,0.286877,0.286781
2023-09-12 04:00:00.000 UTC,0.288828,0.28757,0.288609,0.28757
2023-09-12 03:00:00.000 UTC,0.290036,0.28329,0.28329,0.287952
2023-09-12 02:00:00.000 UTC,0.283406,0.282063,0.28212,0.283105
2023-09-12 01:00:00.000 UTC,0.283079,0.281547,0.283079,0.282087
2023-09-12 00:00:00.000 UTC,0.284076,0.28112,0.281779,0.284076
2023-09-11 23:00:00.000 UTC,0.281664,0.28006,0.280185,0.281401
2023-09-11 22:00:00.000 UTC,0.280833,0.279653,0.279653,0.280183
2023-09-11 21:00:00.000 UTC,0.281215,0.279481,0.280657,0.279788
2023-09-11 20:00:00.000 UTC,0.280862,0.278602,0.278971,0.280764
2023-09-11 19:00:00.000 UTC,0.281454,0.277869,0.281065,0.278246
2023-09-11 18:00:00.000 UTC,0.2839,0.281796,0.2839,0.281796
2023-09-11 17:00:00.000 UTC,0.283498,0.280702,0.28222,0.283498
2023-09-11 16:00:00.000 UTC,0.283914,0.282029,0.283914,0.282221
2023-09-11 15:00:00.000 UTC,0.28407,0.282247,0.282966,0.283322
2023-09-11 14:00:00.000 UTC,0.284087,0.28093,0.284087,0.281864
2023-09-11 13:00:00.000 UTC,0.285873,0.284519,0.285386,0.284633
2023-09-11 12:00:00.000 UTC,0.284616,0.282899,0.282899,0.284616
2023-09-11 11:00:00.000 UTC,0.285337,0.282951,0.28494,0.282951
2023-09-11 10:00:00.000 UTC,0.287897,0.283001,0.287897,0.284615
2023-09-11 09:00:00.000 UTC,0.291304,0.287424,0.2912,0.28801
2023-09-11 08:00:00.000 UTC,0.294176,0.290249,0.294176,0.29128
2023-09-11 07:00:00.000 UTC,0.295389,0.294181,0.29492,0.294392
2023-09-11 06:00:00.000 UTC,0.295496,0.294857,0.295183,0.294857
2023-09-11 05:00:00.000 UTC,0.294788,0.293353,0.294058,0.294788
2023-09-11 04:00:00.000 UTC,0.294142,0.293264,0.294142,0.293999
2023-09-11 03:00:00.000 UTC,0.294737,0.294106,0.294221,0.294178
2023-09-11 02:00:00.000 UTC,0.294785,0.292369,0.293029,0.294231
2023-09-11 01:00:00.000 UTC,0.295224,0.292708,0.294205,0.293162
2023-09-11 00:00:00.000 UTC,0.296718,0.293522,0.295803,0.294759
2023-09-10 23:00:00.000 UTC,0.29649,0.295753,0.29649,0.295753
2023-09-10 22:00:00.000 UTC,0.298261,0.296841,0.29761,0.296841
2023-09-10 21:00:00.000 UTC,0.29772,0.296732,0.296971,0.297318
2023-09-10 20:00:00.000 UTC,0.297445,0.295262,0.29531,0.296653
2023-09-10 19:00:00.000 UTC,0.294927,0.293554,0.294201,0.294566
2023-09-10 18:00:00.000 UTC,0.294762,0.293506,0.293506,0.294215
2023-09-10 17:00:00.000 UTC,0.293814,0.292491,0.293662,0.293136
2023-09-10 16:00:00.000 UTC,0.294593,0.292977,0.294593,0.293127
2023-09-10 15:00:00.000 UTC,0.294768,0.293559,0.294526,0.294625
2023-09-10 14:00:00.000 UTC,0.29746,0.295065,0.296884,0.295087
2023-09-10 13:00:00.000 UTC,0.297075,0.29594,0.296725,0.297075
2023-09-10 12:00:00.000 UTC,0.296808,0.296,0.296193,0.296808
2023-09-10 11:00:00.000 UTC,0.296964,0.295912,0.295912,0.296281
2023-09-10 10:00:00.000 UTC,0.296418,0.295819,0.296418,0.295868
2023-09-10 09:00:00.000 UTC,0.297443,0.296645,0.297158,0.296645
2023-09-10 08:00:00.000 UTC,0.29749,0.296804,0.29749,0.297128
2023-09-10 07:00:00.000 UTC,0.298315,0.297496,0.297496,0.297869
2023-09-10 06:00:00.000 UTC,0.297623,0.29684,0.29684,0.297623
2023-09-10 05:00:00.000 UTC,0.296646,0.295246,0.295707,0.296646
2023-09-10 04:00:00.000 UTC,0.302016,0.294388,0.302016,0.296048
2023-09-10 03:00:00.000 UTC,0.30284,0.301863,0.30284,0.302012
2023-09-10 02:00:00.000 UTC,0.30318,0.302178,0.302893,0.302583
2023-09-10 01:00:00.000 UTC,0.304235,0.30269,0.304235,0.302955
2023-09-10 00:00:00.000 UTC,0.30529,0.303297,0.304906,0.304488
2023-09-09 23:00:00.000 UTC,0.305132,0.304616,0.304821,0.304991
2023-09-09 22:00:00.000 UTC,0.304889,0.304586,0.304889,0.304757
2023-09-09 21:00:00.000 UTC,0.30476,0.304298,0.304521,0.304598
2023-09-09 20:00:00.000 UTC,0.304763,0.304376,0.304376,0.304505
2023-09-09 19:00:00.000 UTC,0.304259,0.303737,0.303737,0.304259
2023-09-09 18:00:00.000 UTC,0.30461,0.303451,0.304273,0.303729
2023-09-09 17:00:00.000 UTC,0.30451,0.304195,0.3045,0.30422
2023-09-09 16:00:00.000 UTC,0.304911,0.304513,0.304734,0.304558
2023-09-09 15:00:00.000 UTC,0.304735,0.303808,0.303808,0.304735
2023-09-09 14:00:00.000 UTC,0.303815,0.303148,0.303315,0.303815
2023-09-09 13:00:00.000 UTC,0.304478,0.30316,0.304478,0.303167
2023-09-09 12:00:00.000 UTC,0.305053,0.304608,0.305053,0.304608
2023-09-09 11:00:00.000 UTC,0.305028,0.304653,0.304653,0.305028
2023-09-09 10:00:00.000 UTC,0.304647,0.30429,0.304498,0.304625
2023-09-09 09:00:00.000 UTC,0.304766,0.304552,0.304624,0.304552
2023-09-09 08:00:00.000 UTC,0.305135,0.30463,0.304757,0.30463
2023-09-09 07:00:00.000 UTC,0.305031,0.304228,0.304228,0.304697
2023-09-09 06:00:00.000 UTC,0.304196,0.303587,0.303587,0.304196
2023-09-09 05:00:00.000 UTC,0.304792,0.303666,0.304516,0.303666
2023-09-09 04:00:00.000 UTC,0.30459,0.303957,0.304217,0.304498
2023-09-09 03:00:00.000 UTC,0.304741,0.303697,0.304265,0.304193
2023-09-09 02:00:00.000 UTC,0.304874,0.303781,0.303954,0.304205
2023-09-09 01:00:00.000 UTC,0.303934,0.302829,0.302829,0.303934
2023-09-09 00:00:00.000 UTC,0.304268,0.303572,0.304163,0.303572
2023-09-08 23:00:00.000 UTC,0.304091,0.303855,0.303988,0.304038
2023-09-08 22:00:00.000 UTC,0.303954,0.303241,0.303241,0.303954
2023-09-08 21:00:00.000 UTC,0.303693,0.303025,0.303163,0.303272
2023-09-08 20:00:00.000 UTC,0.303352,0.302661,0.303352,0.303174
2023-09-08 19:00:00.000 UTC,0.303651,0.302323,0.302476,0.303326
2023-09-08 18:00:00.000 UTC,0.302935,0.302145,0.302935,0.302319
2023-09-08 17:00:00.000 UTC,0.302686,0.301813,0.302099,0.302686
2023-09-08 16:00:00.000 UTC,0.302557,0.30143,0.302557,0.30143
2023-09-08 15:00:00.000 UTC,0.303898,0.302607,0.303898,0.302633
2023-09-08 14:00:00.000 UTC,0.3049,0.303676,0.30479,0.303676
2023-09-08 13:00:00.000 UTC,0.30508,0.304248,0.305038,0.305005
2023-09-08 12:00:00.000 UTC,0.304722,0.303363,0.303613,0.304722
2023-09-08 11:00:00.000 UTC,0.304351,0.303304,0.303838,0.303725
2023-09-08 10:00:00.000 UTC,0.30678,0.302699,0.30678,0.304113
2023-09-08 09:00:00.000 UTC,0.308602,0.307447,0.308602,0.307447
2023-09-08 08:00:00.000 UTC,0.309162,0.308125,0.309087,0.308481
2023-09-08 07:00:00.000 UTC,0.31011,0.308619,0.308871,0.309009
2023-09-08 06:00:00.000 UTC,0.308873,0.307891,0.308496,0.308873
2023-09-08 05:00:00.000 UTC,0.310398,0.308875,0.30964,0.308875
2023-09-08 04:00:00.000 UTC,0.310222,0.308853,0.309062,0.309623
2023-09-08 03:00:00.000 UTC,0.309201,0.307903,0.308041,0.309201
2023-09-08 02:00:00.000 UTC,0.309073,0.307806,0.309009,0.308159
2023-09-08 01:00:00.000 UTC,0.310837,0.309025,0.310837,0.309025
2023-09-08 00:00:00.000 UTC,0.310991,0.307222,0.308495,0.310226
2023-09-07 23:00:00.000 UTC,0.309512,0.307331,0.308985,0.307992
2023-09-07 22:00:00.000 UTC,0.309557,0.307441,0.307441,0.309557
2023-09-07 21:00:00.000 UTC,0.309941,0.30699,0.30699,0.307415
2023-09-07 20:00:00.000 UTC,0.306876,0.305966,0.305966,0.306876
2023-09-07 19:00:00.000 UTC,0.306243,0.305437,0.306243,0.305837
2023-09-07 18:00:00.000 UTC,0.306861,0.305692,0.306744,0.306268
2023-09-07 17:00:00.000 UTC,0.306722,0.305343,0.306316,0.306696
2023-09-07 16:00:00.000 UTC,0.30707,0.305229,0.305229,0.306234
2023-09-07 15:00:00.000 UTC,0.305994,0.30512,0.305227,0.305124
2023-09-07 14:00:00.000 UTC,0.305362,0.303914,0.304317,0.305362
2023-09-07 13:00:00.000 UTC,0.305739,0.304391,0.305739,0.304791
2023-09-07 12:00:00.000 UTC,0.30424,0.303254,0.303285,0.30424
2023-09-07 11:00:00.000 UTC,0.303985,0.303203,0.303562,0.303203
2023-09-07 10:00:00.000 UTC,0.304534,0.303383,0.304251,0.303383
2023-09-07 09:00:00.000 UTC,0.304771,0.304168,0.304274,0.304217
2023-09-07 08:00:00.000 UTC,0.305263,0.30405,0.305263,0.304236
2023-09-07 07:00:00.000 UTC,0.305489,0.304456,0.305489,0.305453
2023-09-07 06:00:00.000 UTC,0.305887,0.305381,0.305887,0.30546
2023-09-07 05:00:00.000 UTC,0.306192,0.305184,0.305904,0.306192
2023-09-07 04:00:00.000 UTC,0.307335,0.306083,0.306937,0.306122
2023-09-07 03:00:00.000 UTC,0.307069,0.305034,0.305408,0.307069
2023-09-07 02:00:00.000 UTC,0.306418,0.305351,0.306095,0.30551
2023-09-07 01:00:00.000 UTC,0.306506,0.30542,0.3061,0.305977
2023-09-07 00:00:00.000 UTC,0.306235,0.304911,0.305729,0.305965
2023-09-06 23:00:00.000 UTC,0.305425,0.304908,0.304983,0.305124
2023-09-06 22:00:00.000 UTC,0.305094,0.303923,0.305059,0.304822
2023-09-06 21:00:00.000 UTC,0.304951,0.303014,0.303108,0.304951
2023-09-06 20:00:00.000 UTC,0.303824,0.302769,0.303316,0.303379
2023-09-06 19:00:00.000 UTC,0.304613,0.303214,0.304488,0.303217
2023-09-06 18:00:00.000 UTC,0.308976,0.304456,0.308617,0.305149
2023-09-06 17:00:00.000 UTC,0.306361,0.301643,0.303287,0.306361
2023-09-06 16:00:00.000 UTC,0.303835,0.302588,0.303835,0.303735
2023-09-06 15:00:00.000 UTC,0.305849,0.304119,0.305849,0.304845
2023-09-06 14:00:00.000 UTC,0.308768,0.305348,0.308768,0.305671
2023-09-06 13:00:00.000 UTC,0.30947,0.307998,0.309254,0.309385
2023-09-06 12:00:00.000 UTC,0.310045,0.308713,0.308713,0.308903
2023-09-06 11:00:00.000 UTC,0.309504,0.308753,0.309319,0.308753
2023-09-06 10:00:00.000 UTC,0.310633,0.309397,0.309902,0.309397
2023-09-06 09:00:00.000 UTC,0.309461,0.307844,0.308167,0.309461
2023-09-06 08:00:00.000 UTC,0.308125,0.307028,0.307394,0.308079
2023-09-06 07:00:00.000 UTC,0.307951,0.307093,0.307451,0.307688
2023-09-06 06:00:00.000 UTC,0.307564,0.306541,0.306541,0.307421
2023-09-06 05:00:00.000 UTC,0.308782,0.306519,0.308782,0.306519
2023-09-06 04:00:00.000 UTC,0.310727,0.309324,0.310626,0.309324
2023-09-06 03:00:00.000 UTC,0.313048,0.310156,0.312714,0.31016
2023-09-06 02:00:00.000 UTC,0.312724,0.307326,0.307669,0.31199
2023-09-06 01:00:00.000 UTC,0.308395,0.306772,0.306772,0.307384
2023-09-06 00:00:00.000 UTC,0.308639,0.306487,0.307421,0.306487
2023-09-05 23:00:00.000 UTC,0.30774,0.307099,0.307135,0.30754
2023-09-05 22:00:00.000 UTC,0.307637,0.306776,0.307202,0.307158
2023-09-05 21:00:00.000 UTC,0.307687,0.306355,0.306355,0.30738
2023-09-05 20:00:00.000 UTC,0.306535,0.305778,0.305806,0.306275
2023-09-05 19:00:00.000 UTC,0.307297,0.306322,0.306732,0.306322
2023-09-05 18:00:00.000 UTC,0.306924,0.305912,0.306341,0.306564
2023-09-05 17:00:00.000 UTC,0.306644,0.305071,0.305438,0.306316
2023-09-05 16:00:00.000 UTC,0.306864,0.305134,0.305948,0.305134
2023-09-05 15:00:00.000 UTC,0.307622,0.305293,0.305293,0.306442
2023-09-05 14:00:00.000 UTC,0.305442,0.303545,0.304151,0.305226
2023-09-05 13:00:00.000 UTC,0.305588,0.304394,0.305588,0.304428
2023-09-05 12:00:00.000 UTC,0.305924,0.304097,0.305907,0.305648
2023-09-05 11:00:00.000 UTC,0.305764,0.304557,0.304557,0.305764
2023-09-05 10:00:00.000 UTC,0.304736,0.304034,0.304034,0.304736
2023-09-05 09:00:00.000 UTC,0.304452,0.303056,0.303056,0.304164
2023-09-05 08:00:00.000 UTC,0.303505,0.301982,0.302746,0.302668
2023-09-05 07:00:00.000 UTC,0.30286,0.301817,0.302185,0.30286
2023-09-05 06:00:00.000 UTC,0.303739,0.302103,0.303597,0.302103
2023-09-05 05:00:00.000 UTC,0.303682,0.302646,0.302837,0.303682
2023-09-05 04:00:00.000 UTC,0.303084,0.301984,0.301984,0.302652
2023-09-05 03:00:00.000 UTC,0.301942,0.300633,0.301942,0.301766
2023-09-05 02:00:00.000 UTC,0.302918,0.301918,0.302666,0.301934
2023-09-05 01:00:00.000 UTC,0.303913,0.302915,0.30294,0.3033
2023-09-05 00:00:00.000 UTC,0.304359,0.302844,0.304359,0.30294
2023-09-04 23:00:00.000 UTC,0.304776,0.30314,0.30314,0.304776
2023-09-04 22:00:00.000 UTC,0.302246,0.301004,0.301175,0.302246
2023-09-04 21:00:00.000 UTC,0.302999,0.301053,0.302676,0.301905
2023-09-04 20:00:00.000 UTC,0.303708,0.302464,0.303435,0.302605
2023-09-04 19:00:00.000 UTC,0.304053,0.302473,0.304053,0.30341
2023-09-04 18:00:00.000 UTC,0.304642,0.303668,0.304604,0.304281
2023-09-04 17:00:00.000 UTC,0.305384,0.304122,0.304334,0.304553
2023-09-04 16:00:00.000 UTC,0.30456,0.303717,0.303914,0.304099
2023-09-04 15:00:00.000 UTC,0.304911,0.302043,0.303771,0.303958
2023-09-04 14:00:00.000 UTC,0.304875,0.303697,0.304444,0.303697
2023-09-04 13:00:00.000 UTC,0.30594,0.303157,0.303157,0.30491
2023-09-04 12:00:00.000 UTC,0.304334,0.303111,0.304334,0.303111
2023-09-04 11:00:00.000 UTC,0.305313,0.304069,0.305051,0.304312
2023-09-04 10:00:00.000 UTC,0.305555,0.304654,0.305555,0.304801
2023-09-04 09:00:00.000 UTC,0.306275,0.305428,0.306275,0.305456
2023-09-04 08:00:00.000 UTC,0.306357,0.305799,0.305799,0.306332
2023-09-04 07:00:00.000 UTC,0.306873,0.305827,0.306044,0.30585
2023-09-04 06:00:00.000 UTC,0.306298,0.305109,0.305178,0.305918
2023-09-04 05:00:00.000 UTC,0.307602,0.305208,0.307459,0.305439
2023-09-04 04:00:00.000 UTC,0.307775,0.307387,0.307423,0.307433
2023-09-04 03:00:00.000 UTC,0.309881,0.30723,0.307755,0.30723
2023-09-04 02:00:00.000 UTC,0.307227,0.305222,0.30526,0.307227
2023-09-04 01:00:00.000 UTC,0.306412,0.304846,0.306007,0.304912
2023-09-04 00:00:00.000 UTC,0.306202,0.305453,0.305845,0.305838
2023-09-03 23:00:00.000 UTC,0.306326,0.305105,0.305151,0.305982
2023-09-03 22:00:00.000 UTC,0.305075,0.304168,0.304256,0.30507
2023-09-03 21:00:00.000 UTC,0.306056,0.304499,0.306056,0.304499
2023-09-03 20:00:00.000 UTC,0.306413,0.305277,0.306223,0.306195
2023-09-03 19:00:00.000 UTC,0.30647,0.305063,0.305063,0.305924
2023-09-03 18:00:00.000 UTC,0.305758,0.303065,0.303065,0.305165
2023-09-03 17:00:00.000 UTC,0.302865,0.30175,0.30175,0.302865
2023-09-03 16:00:00.000 UTC,0.303394,0.301089,0.303016,0.301089
2023-09-03 15:00:00.000 UTC,0.3045,0.303039,0.304202,0.30308
2023-09-03 14:00:00.000 UTC,0.304713,0.3039,0.304713,0.304233
2023-09-03 13:00:00.000 UTC,0.304963,0.304018,0.304739,0.304804
2023-09-03 12:00:00.000 UTC,0.306179,0.304755,0.305519,0.305373
2023-09-03 11:00:00.000 UTC,0.305389,0.304822,0.304932,0.305389
2023-09-03 10:00:00.000 UTC,0.305013,0.304286,0.304305,0.305013
2023-09-03 09:00:00.000 UTC,0.30458,0.304115,0.304279,0.304479
2023-09-03 08:00:00.000 UTC,0.306098,0.304474,0.306098,0.304474
2023-09-03 07:00:00.000 UTC,0.306616,0.305393,0.306616,0.306015
2023-09-03 06:00:00.000 UTC,0.306988,0.305689,0.305689,0.306724
2023-09-03 05:00:00.000 UTC,0.305684,0.30462,0.304743,0.305604
2023-09-03 04:00:00.000 UTC,0.305005,0.304573,0.305005,0.304697
2023-09-03 03:00:00.000 UTC,0.304811,0.303655,0.303655,0.304811
2023-09-03 02:00:00.000 UTC,0.303553,0.303147,0.303197,0.303553
2023-09-03 01:00:00.000 UTC,0.304753,0.303473,0.304353,0.303597
2023-09-03 00:00:00.000 UTC,0.30469,0.302873,0.30469,0.304037
2023-09-02 23:00:00.000 UTC,0.304832,0.304217,0.304445,0.304478
2023-09-02 22:00:00.000 UTC,0.304223,0.303316,0.303316,0.304223
2023-09-02 21:00:00.000 UTC,0.304661,0.303609,0.303609,0.304342
2023-09-02 20:00:00.000 UTC,0.304653,0.303016,0.304653,0.303546
2023-09-02 19:00:00.000 UTC,0.304904,0.30357,0.30357,0.304904
2023-09-02 18:00:00.000 UTC,0.304471,0.30225,0.304471,0.303186
2023-09-02 17:00:00.000 UTC,0.30625,0.304523,0.306051,0.304523
2023-09-02 16:00:00.000 UTC,0.307425,0.305942,0.307028,0.305942
2023-09-02 15:00:00.000 UTC,0.308123,0.306439,0.306439,0.306959
2023-09-02 14:00:00.000 UTC,0.306838,0.305454,0.305989,0.306475
2023-09-02 13:00:00.000 UTC,0.306475,0.304714,0.304714,0.305812
2023-09-02 12:00:00.000 UTC,0.305348,0.304811,0.305183,0.304811
2023-09-02 11:00:00.000 UTC,0.305138,0.30485,0.304972,0.305096
2023-09-02 10:00:00.000 UTC,0.30519,0.304769,0.304793,0.305017
2023-09-02 09:00:00.000 UTC,0.304855,0.303357,0.303357,0.304766
2023-09-02 08:00:00.000 UTC,0.305147,0.303332,0.304915,0.303985
2023-09-02 07:00:00.000 UTC,0.30494,0.304488,0.304805,0.304905
2023-09-02 06:00:00.000 UTC,0.306066,0.30487,0.305528,0.304935
2023-09-02 05:00:00.000 UTC,0.306086,0.305237,0.305842,0.305373
2023-09-02 04:00:00.000 UTC,0.306047,0.305567,0.30583,0.305869
2023-09-02 03:00:00.000 UTC,0.305855,0.304923,0.304923,0.305821
2023-09-02 02:00:00.000 UTC,0.305473,0.304638,0.304638,0.304962
2023-09-02 01:00:00.000 UTC,0.305373,0.304382,0.304415,0.304382
2023-09-02 00:00:00.000 UTC,0.305606,0.304284,0.304713,0.304284
2023-09-01 23:00:00.000 UTC,0.305116,0.303693,0.304155,0.305116
2023-09-01 22:00:00.000 UTC,0.305062,0.303777,0.30487,0.304357
2023-09-01 21:00:00.000 UTC,0.306258,0.304556,0.305616,0.305237
2023-09-01 20:00:00.000 UTC,0.307522,0.303964,0.30404,0.305838
2023-09-01 19:00:00.000 UTC,0.304273,0.302501,0.304273,0.303556
2023-09-01 18:00:00.000 UTC,0.305436,0.302155,0.302155,0.304392
2023-09-01 17:00:00.000 UTC,0.304578,0.302049,0.304578,0.303015
2023-09-01 16:00:00.000 UTC,0.30761,0.304924,0.306397,0.304924
2023-09-01 15:00:00.000 UTC,0.308392,0.305965,0.30656,0.306892
2023-09-01 14:00:00.000 UTC,0.309349,0.306094,0.309187,0.306883
2023-09-01 13:00:00.000 UTC,0.310544,0.307968,0.310108,0.307968
2023-09-01 12:00:00.000 UTC,0.31131,0.309787,0.310639,0.309906
2023-09-01 11:00:00.000 UTC,0.310658,0.308614,0.308614,0.310542
2023-09-01 10:00:00.000 UTC,0.310144,0.308673,0.310144,0.308673
2023-09-01 09:00:00.000 UTC,0.310283,0.309389,0.309469,0.310283
2023-09-01 08:00:00.000 UTC,0.309369,0.308841,0.308964,0.309369
2023-09-01 07:00:00.000 UTC,0.309753,0.30884,0.309516,0.309038
2023-09-01 06:00:00.000 UTC,0.310275,0.309639,0.310151,0.309639
2023-09-01 05:00:00.000 UTC,0.310385,0.309967,0.310062,0.309967
2023-09-01 04:00:00.000 UTC,0.310838,0.310092,0.310548,0.310092
2023-09-01 03:00:00.000 UTC,0.310758,0.309196,0.30984,0.310758
2023-09-01 02:00:00.000 UTC,0.309961,0.309378,0.309378,0.309912
2023-09-01 01:00:00.000 UTC,0.311804,0.309569,0.311804,0.30971
2023-09-01 00:00:00.000 UTC,0.312293,0.310579,0.310579,0.311954
2023-08-31 23:00:00.000 UTC,0.31174,0.310459,0.31147,0.310671
2023-08-31 22:00:00.000 UTC,0.310947,0.308673,0.309749,0.310947
2023-08-31 21:00:00.000 UTC,0.310511,0.308842,0.309794,0.309957
2023-08-31 20:00:00.000 UTC,0.3117,0.310169,0.311182,0.310169
2023-08-31 19:00:00.000 UTC,0.312136,0.309995,0.311863,0.311765
2023-08-31 18:00:00.000 UTC,0.31286,0.311273,0.31189,0.311273
2023-08-31 17:00:00.000 UTC,0.313227,0.308639,0.313227,0.311507
2023-08-31 16:00:00.000 UTC,0.317865,0.314285,0.317865,0.314285
2023-08-31 15:00:00.000 UTC,0.323027,0.317734,0.323027,0.317771
2023-08-31 14:00:00.000 UTC,0.323254,0.32161,0.323254,0.322907
2023-08-31 13:00:00.000 UTC,0.324498,0.322667,0.324498,0.322667
2023-08-31 12:00:00.000 UTC,0.325663,0.324129,0.325663,0.324493
2023-08-31 11:00:00.000 UTC,0.326689,0.323892,0.323892,0.326069
2023-08-31 10:00:00.000 UTC,0.323769,0.323048,0.323124,0.323769
2023-08-31 09:00:00.000 UTC,0.324103,0.32304,0.323197,0.323084
2023-08-31 08:00:00.000 UTC,0.325141,0.323961,0.325141,0.323961
2023-08-31 07:00:00.000 UTC,0.325927,0.324711,0.325614,0.325336
2023-08-31 06:00:00.000 UTC,0.32549,0.324181,0.324545,0.32549
2023-08-31 05:00:00.000 UTC,0.324663,0.323638,0.323998,0.324527
2023-08-31 04:00:00.000 UTC,0.324588,0.322031,0.322031,0.324588
2023-08-31 03:00:00.000 UTC,0.32267,0.321896,0.322024,0.322491
2023-08-31 02:00:00.000 UTC,0.32272,0.321293,0.321293,0.322633
2023-08-31 01:00:00.000 UTC,0.322461,0.321437,0.322302,0.321723
2023-08-31 00:00:00.000 UTC,0.323611,0.322171,0.323611,0.322171
2023-08-30 23:00:00.000 UTC,0.323776,0.323318,0.323321,0.323688
2023-08-30 22:00:00.000 UTC,0.323362,0.32277,0.322969,0.323357
2023-08-30 21:00:00.000 UTC,0.324207,0.322913,0.323797,0.323014
2023-08-30 20:00:00.000 UTC,0.324038,0.322933,0.323251,0.323791
2023-08-30 19:00:00.000 UTC,0.323776,0.323092,0.323776,0.323378
2023-08-30 18:00:00.000 UTC,0.323356,0.322465,0.323319,0.323313
2023-08-30 17:00:00.000 UTC,0.32431,0.323266,0.323284,0.323923
2023-08-30 16:00:00.000 UTC,0.323462,0.322857,0.323377,0.32309
2023-08-30 15:00:00.000 UTC,0.324212,0.322117,0.323223,0.323406
2023-08-30 14:00:00.000 UTC,0.326909,0.323009,0.326654,0.323009
2023-08-30 13:00:00.000 UTC,0.327496,0.325355,0.326554,0.326377
2023-08-30 12:00:00.000 UTC,0.327021,0.325585,0.326717,0.326499
2023-08-30 11:00:00.000 UTC,0.328748,0.326974,0.328748,0.327274
2023-08-30 10:00:00.000 UTC,0.328917,0.32855,0.328619,0.328779
2023-08-30 09:00:00.000 UTC,0.329464,0.327906,0.329464,0.328705
2023-08-30 08:00:00.000 UTC,0.329801,0.328945,0.329801,0.329005
2023-08-30 07:00:00.000 UTC,0.33011,0.328631,0.328678,0.329594
2023-08-30 06:00:00.000 UTC,0.33001,0.328766,0.33001,0.32884
2023-08-30 05:00:00.000 UTC,0.330513,0.329457,0.329869,0.329896
2023-08-30 04:00:00.000 UTC,0.32994,0.329183,0.329898,0.329823
2023-08-30 03:00:00.000 UTC,0.33066,0.328407,0.33066,0.32959
2023-08-30 02:00:00.000 UTC,0.332358,0.330686,0.331765,0.330945
2023-08-30 01:00:00.000 UTC,0.333728,0.331664,0.333728,0.332091
2023-08-30 00:00:00.000 UTC,0.336359,0.334194,0.336003,0.334194
2023-08-29 23:00:00.000 UTC,0.336019,0.333905,0.336019,0.335424
2023-08-29 22:00:00.000 UTC,0.336479,0.334993,0.335106,0.335481
2023-08-29 21:00:00.000 UTC,0.335295,0.332607,0.332607,0.335192
2023-08-29 20:00:00.000 UTC,0.335777,0.333413,0.334882,0.333413
2023-08-29 19:00:00.000 UTC,0.335377,0.334115,0.335203,0.334748
2023-08-29 18:00:00.000 UTC,0.336736,0.335543,0.336348,0.335543
2023-08-29 17:00:00.000 UTC,0.336986,0.334073,0.335009,0.335205
2023-08-29 16:00:00.000 UTC,0.336295,0.332571,0.332571,0.334933
2023-08-29 15:00:00.000 UTC,0.338163,0.33275,0.337681,0.33275
2023-08-29 14:00:00.000 UTC,0.339189,0.318131,0.318131,0.335683
2023-08-29 13:00:00.000 UTC,0.318527,0.31664,0.31664,0.318392
2023-08-29 12:00:00.000 UTC,0.316607,0.315523,0.315624,0.316387
2023-08-29 11:00:00.000 UTC,0.316374,0.315266,0.316044,0.315785
2023-08-29 10:00:00.000 UTC,0.316664,0.314129,0.31654,0.315004
2023-08-29 09:00:00.000 UTC,0.318035,0.316791,0.317569,0.316791
2023-08-29 08:00:00.000 UTC,0.318305,0.317426,0.317577,0.317597
2023-08-29 07:00:00.000 UTC,0.318807,0.317551,0.318375,0.317551
2023-08-29 06:00:00.000 UTC,0.320046,0.318153,0.320046,0.318471
2023-08-29 05:00:00.000 UTC,0.320304,0.319784,0.31983,0.320293
2023-08-29 04:00:00.000 UTC,0.320632,0.320009,0.320365,0.320009
2023-08-29 03:00:00.000 UTC,0.320915,0.319533,0.320699,0.320312
2023-08-29 02:00:00.000 UTC,0.322702,0.32077,0.322158,0.32077
2023-08-29 01:00:00.000 UTC,0.324739,0.322522,0.323802,0.322653
2023-08-29 00:00:00.000 UTC,0.324212,0.322158,0.323964,0.323894
2023-08-28 23:00:00.000 UTC,0.324835,0.322813,0.323194,0.323827
2023-08-28 22:00:00.000 UTC,0.322985,0.320861,0.320861,0.322985
2023-08-28 21:00:00.000 UTC,0.320853,0.31977,0.319929,0.320853
2023-08-28 20:00:00.000 UTC,0.320376,0.318799,0.319554,0.319936
2023-08-28 19:00:00.000 UTC,0.321283,0.3171,0.320757,0.319433
2023-08-28 18:00:00.000 UTC,0.320667,0.319319,0.320321,0.320007
2023-08-28 17:00:00.000 UTC,0.321007,0.320356,0.320458,0.320878
2023-08-28 16:00:00.000 UTC,0.320607,0.31927,0.31927,0.320433
2023-08-28 15:00:00.000 UTC,0.321254,0.319292,0.32,0.319292
2023-08-28 14:00:00.000 UTC,0.320393,0.318444,0.31857,0.319569
2023-08-28 13:00:00.000 UTC,0.320567,0.318293,0.320567,0.319036
2023-08-28 12:00:00.000 UTC,0.321453,0.316702,0.316729,0.320543
2023-08-28 11:00:00.000 UTC,0.316384,0.316213,0.316283,0.316327
2023-08-28 10:00:00.000 UTC,0.316269,0.314903,0.314903,0.316269
2023-08-28 09:00:00.000 UTC,0.31652,0.314456,0.31652,0.314494
2023-08-28 08:00:00.000 UTC,0.316558,0.314796,0.315963,0.316532
2023-08-28 07:00:00.000 UTC,0.317444,0.315366,0.317444,0.316036
2023-08-28 06:00:00.000 UTC,0.317728,0.316974,0.317126,0.317728
2023-08-28 05:00:00.000 UTC,0.319334,0.316339,0.318923,0.317157
2023-08-28 04:00:00.000 UTC,0.318955,0.317603,0.31825,0.318955
2023-08-28 03:00:00.000 UTC,0.318824,0.318089,0.318089,0.318137
2023-08-28 02:00:00.000 UTC,0.319661,0.317811,0.318596,0.317811
2023-08-28 01:00:00.000 UTC,0.320878,0.318906,0.320878,0.319393
2023-08-28 00:00:00.000 UTC,0.324148,0.320933,0.324148,0.320933
2023-08-27 23:00:00.000 UTC,0.324553,0.323655,0.323655,0.324012
2023-08-27 22:00:00.000 UTC,0.323578,0.322723,0.322723,0.323578
2023-08-27 21:00:00.000 UTC,0.324728,0.323047,0.323803,0.323047
2023-08-27 20:00:00.000 UTC,0.3249,0.323883,0.324611,0.323883
2023-08-27 19:00:00.000 UTC,0.325192,0.323927,0.323927,0.324593
2023-08-27 18:00:00.000 UTC,0.323874,0.32307,0.323238,0.323874
2023-08-27 17:00:00.000 UTC,0.3248,0.323153,0.324359,0.323153
2023-08-27 16:00:00.000 UTC,0.324345,0.323679,0.324189,0.324345
2023-08-27 15:00:00.000 UTC,0.325421,0.324143,0.324899,0.324173
2023-08-27 14:00:00.000 UTC,0.32533,0.323441,0.323443,0.325006
2023-08-27 13:00:00.000 UTC,0.323708,0.323145,0.323457,0.323238
2023-08-27 12:00:00.000 UTC,0.323626,0.323149,0.323626,0.323415
2023-08-27 11:00:00.000 UTC,0.324373,0.323622,0.324319,0.323622
2023-08-27 10:00:00.000 UTC,0.32495,0.323818,0.323818,0.32479
2023-08-27 09:00:00.000 UTC,0.324414,0.323742,0.324163,0.323742
2023-08-27 08:00:00.000 UTC,0.324268,0.323,0.323,0.324268
2023-08-27 07:00:00.000 UTC,0.323188,0.322593,0.322815,0.323188
2023-08-27 06:00:00.000 UTC,0.322737,0.32227,0.322381,0.322737
2023-08-27 05:00:00.000 UTC,0.32263,0.322103,0.322103,0.322422
2023-08-27 04:00:00.000 UTC,0.321933,0.321005,0.321005,0.321933
2023-08-27 03:00:00.000 UTC,0.32125,0.31989,0.31989,0.321212
2023-08-27 02:00:00.000 UTC,0.321524,0.3202,0.321524,0.3202
2023-08-27 01:00:00.000 UTC,0.322008,0.321268,0.322008,0.321312
2023-08-27 00:00:00.000 UTC,0.323087,0.322268,0.322635,0.322268
2023-08-26 23:00:00.000 UTC,0.322847,0.322349,0.322628,0.322608
2023-08-26 22:00:00.000 UTC,0.323195,0.322538,0.323195,0.322538
2023-08-26 21:00:00.000 UTC,0.323199,0.32245,0.322649,0.323199
2023-08-26 20:00:00.000 UTC,0.322815,0.32213,0.32252,0.32262
2023-08-26 19:00:00.000 UTC,0.322575,0.321285,0.321285,0.322575
2023-08-26 18:00:00.000 UTC,0.321301,0.321035,0.321106,0.321199
2023-08-26 17:00:00.000 UTC,0.322343,0.320779,0.322343,0.320847
2023-08-26 16:00:00.000 UTC,0.323777,0.322424,0.323777,0.32248
2023-08-26 15:00:00.000 UTC,0.324093,0.323744,0.323979,0.323845
2023-08-26 14:00:00.000 UTC,0.323858,0.322934,0.322966,0.323858
2023-08-26 13:00:00.000 UTC,0.322982,0.322539,0.322539,0.322982
2023-08-26 12:00:00.000 UTC,0.323276,0.322433,0.323276,0.322618
2023-08-26 11:00:00.000 UTC,0.323354,0.322748,0.32325,0.323049
2023-08-26 10:00:00.000 UTC,0.32367,0.322761,0.32367,0.32292
2023-08-26 09:00:00.000 UTC,0.324529,0.323887,0.324425,0.323887
2023-08-26 08:00:00.000 UTC,0.325168,0.324162,0.324418,0.324539
2023-08-26 07:00:00.000 UTC,0.32558,0.324348,0.32527,0.324398
2023-08-26 06:00:00.000 UTC,0.324878,0.323983,0.324314,0.324878
2023-08-26 05:00:00.000 UTC,0.32479,0.323877,0.32449,0.324198
2023-08-26 04:00:00.000 UTC,0.324565,0.323865,0.324546,0.324217
2023-08-26 03:00:00.000 UTC,0.324418,0.323915,0.323937,0.324395
2023-08-26 02:00:00.000 UTC,0.324239,0.323533,0.324009,0.323669
2023-08-26 01:00:00.000 UTC,0.324307,0.323121,0.323121,0.324206
2023-08-26 00:00:00.000 UTC,0.323587,0.322461,0.323587,0.323276
2023-08-25 23:00:00.000 UTC,0.323516,0.321666,0.322079,0.323516
2023-08-25 22:00:00.000 UTC,0.322708,0.321471,0.322172,0.321869
2023-08-25 21:00:00.000 UTC,0.320966,0.320202,0.320966,0.32063
2023-08-25 20:00:00.000 UTC,0.320994,0.320435,0.320739,0.320539
2023-08-25 19:00:00.000 UTC,0.322342,0.320063,0.322342,0.320063
2023-08-25 18:00:00.000 UTC,0.32251,0.318646,0.318681,0.32251
2023-08-25 17:00:00.000 UTC,0.318761,0.317457,0.317457,0.318761
2023-08-25 16:00:00.000 UTC,0.319404,0.317631,0.319362,0.317631
2023-08-25 15:00:00.000 UTC,0.320474,0.317916,0.318034,0.319375
2023-08-25 14:00:00.000 UTC,0.322391,0.318589,0.320439,0.318657
2023-08-25 13:00:00.000 UTC,0.323159,0.320747,0.32139,0.320747
2023-08-25 12:00:00.000 UTC,0.32225,0.321362,0.321502,0.321403
2023-08-25 11:00:00.000 UTC,0.3221,0.320361,0.320361,0.321416
2023-08-25 10:00:00.000 UTC,0.320611,0.319868,0.319964,0.320359
2023-08-25 09:00:00.000 UTC,0.321059,0.319835,0.320197,0.320294
2023-08-25 08:00:00.000 UTC,0.321276,0.319916,0.319916,0.320137
2023-08-25 07:00:00.000 UTC,0.320928,0.319849,0.320385,0.319998
2023-08-25 06:00:00.000 UTC,0.32168,0.320042,0.32168,0.320202
2023-08-25 05:00:00.000 UTC,0.322233,0.319692,0.31994,0.322233
2023-08-25 04:00:00.000 UTC,0.322155,0.319636,0.321939,0.319636
2023-08-25 03:00:00.000 UTC,0.323358,0.320612,0.323221,0.322145
2023-08-25 02:00:00.000 UTC,0.325259,0.323305,0.323942,0.323305
2023-08-25 01:00:00.000 UTC,0.323594,0.322208,0.323215,0.323594
2023-08-25 00:00:00.000 UTC,0.324507,0.323215,0.324507,0.323468
2023-08-24 23:00:00.000 UTC,0.324911,0.322121,0.32237,0.324441
2023-08-24 22:00:00.000 UTC,0.322614,0.322298,0.322476,0.322319
2023-08-24 21:00:00.000 UTC,0.322667,0.320683,0.320683,0.322305
2023-08-24 20:00:00.000 UTC,0.323548,0.320451,0.323548,0.320451
2023-08-24 19:00:00.000 UTC,0.324558,0.323131,0.323131,0.324033
2023-08-24 18:00:00.000 UTC,0.323551,0.322855,0.323497,0.322855
2023-08-24 17:00:00.000 UTC,0.324065,0.322058,0.323992,0.323443
2023-08-24 16:00:00.000 UTC,0.324678,0.32224,0.32224,0.324589
2023-08-24 15:00:00.000 UTC,0.323565,0.322014,0.323565,0.322303
2023-08-24 14:00:00.000 UTC,0.326581,0.323235,0.326581,0.323567
2023-08-24 13:00:00.000 UTC,0.327517,0.325756,0.327517,0.326319
2023-08-24 12:00:00.000 UTC,0.328583,0.32727,0.328583,0.327631
2023-08-24 11:00:00.000 UTC,0.329113,0.328284,0.328446,0.328756
2023-08-24 10:00:00.000 UTC,0.32872,0.327876,0.32872,0.328391
2023-08-24 09:00:00.000 UTC,0.330223,0.328752,0.329157,0.328752
2023-08-24 08:00:00.000 UTC,0.330113,0.329076,0.330113,0.329173
2023-08-24 07:00:00.000 UTC,0.330351,0.32977,0.330275,0.329922
2023-08-24 06:00:00.000 UTC,0.330961,0.329202,0.330257,0.330276
2023-08-24 05:00:00.000 UTC,0.331849,0.330311,0.331186,0.330311
2023-08-24 04:00:00.000 UTC,0.331296,0.330357,0.330707,0.331296
2023-08-24 03:00:00.000 UTC,0.330717,0.329764,0.329764,0.330717
2023-08-24 02:00:00.000 UTC,0.330042,0.329237,0.329393,0.330042
2023-08-24 01:00:00.000 UTC,0.330285,0.329486,0.330179,0.329486
2023-08-24 00:00:00.000 UTC,0.330776,0.330189,0.330232,0.330443
2023-08-23 23:00:00.000 UTC,0.329869,0.329491,0.329494,0.329869
2023-08-23 22:00:00.000 UTC,0.330078,0.327844,0.327844,0.329642
2023-08-23 21:00:00.000 UTC,0.331132,0.327893,0.331031,0.327893
2023-08-23 20:00:00.000 UTC,0.333206,0.331719,0.332368,0.331844
2023-08-23 19:00:00.000 UTC,0.333897,0.330274,0.33067,0.333354
2023-08-23 18:00:00.000 UTC,0.331401,0.330157,0.330928,0.330335
2023-08-23 17:00:00.000 UTC,0.333069,0.331109,0.332033,0.331109
2023-08-23 16:00:00.000 UTC,0.332729,0.327539,0.327539,0.332729
2023-08-23 15:00:00.000 UTC,0.327398,0.326404,0.326945,0.327398
2023-08-23 14:00:00.000 UTC,0.327295,0.324777,0.32554,0.327295
2023-08-23 13:00:00.000 UTC,0.325032,0.321862,0.322426,0.325032
2023-08-23 12:00:00.000 UTC,0.324934,0.322594,0.324288,0.322594
2023-08-23 11:00:00.000 UTC,0.324391,0.323606,0.324349,0.324216
2023-08-23 10:00:00.000 UTC,0.325864,0.324761,0.325864,0.32489
2023-08-23 09:00:00.000 UTC,0.32591,0.324802,0.324923,0.32591
2023-08-23 08:00:00.000 UTC,0.325395,0.324806,0.324806,0.32498
2023-08-23 07:00:00.000 UTC,0.325942,0.324526,0.324877,0.32516
2023-08-23 06:00:00.000 UTC,0.326804,0.323942,0.324,0.325771
2023-08-23 05:00:00.000 UTC,0.324836,0.32282,0.324836,0.323588
2023-08-23 04:00:00.000 UTC,0.32499,0.323722,0.323722,0.324818
2023-08-23 03:00:00.000 UTC,0.325063,0.32356,0.324801,0.32356
2023-08-23 02:00:00.000 UTC,0.325584,0.324351,0.324972,0.324944
2023-08-23 01:00:00.000 UTC,0.325939,0.32436,0.325437,0.325552
2023-08-23 00:00:00.000 UTC,0.326457,0.324565,0.324565,0.325695
2023-08-22 23:00:00.000 UTC,0.326395,0.321591,0.321591,0.324361
2023-08-22 22:00:00.000 UTC,0.321446,0.315892,0.315892,0.321446
2023-08-22 21:00:00.000 UTC,0.319588,0.314437,0.319561,0.316482
2023-08-22 20:00:00.000 UTC,0.32001,0.316861,0.316861,0.318806
2023-08-22 19:00:00.000 UTC,0.318563,0.316921,0.317579,0.316921
2023-08-22 18:00:00.000 UTC,0.31801,0.31359,0.314988,0.317275
2023-08-22 17:00:00.000 UTC,0.321552,0.315086,0.321552,0.315562
2023-08-22 16:00:00.000 UTC,0.321615,0.317976,0.319989,0.321615
2023-08-22 15:00:00.000 UTC,0.322135,0.319941,0.321168,0.319941
2023-08-22 14:00:00.000 UTC,0.321306,0.320138,0.320138,0.32115
2023-08-22 13:00:00.000 UTC,0.324005,0.320412,0.324005,0.320412
2023-08-22 12:00:00.000 UTC,0.324552,0.322996,0.322996,0.324462
2023-08-22 11:00:00.000 UTC,0.324175,0.323005,0.323997,0.323126
2023-08-22 10:00:00.000 UTC,0.324873,0.323756,0.324614,0.323756
2023-08-22 09:00:00.000 UTC,0.325491,0.324835,0.324882,0.325209
2023-08-22 08:00:00.000 UTC,0.326463,0.324876,0.326463,0.324876
2023-08-22 07:00:00.000 UTC,0.326258,0.324722,0.324722,0.326253
2023-08-22 06:00:00.000 UTC,0.324534,0.323728,0.323728,0.324314
2023-08-22 05:00:00.000 UTC,0.323844,0.323297,0.323527,0.323558
2023-08-22 04:00:00.000 UTC,0.325049,0.323675,0.32502,0.323675
2023-08-22 03:00:00.000 UTC,0.32658,0.324745,0.326416,0.324935
2023-08-22 02:00:00.000 UTC,0.326323,0.325415,0.325415,0.326266
2023-08-22 01:00:00.000 UTC,0.326369,0.325267,0.326369,0.325541
2023-08-22 00:00:00.000 UTC,0.327071,0.32583,0.326171,0.326701
2023-08-21 23:00:00.000 UTC,0.327426,0.326259,0.327008,0.326259
2023-08-21 22:00:00.000 UTC,0.328377,0.327227,0.327854,0.327227
2023-08-21 21:00:00.000 UTC,0.328039,0.325995,0.32713,0.327767
2023-08-21 20:00:00.000 UTC,0.328214,0.327134,0.327553,0.32729
2023-08-21 19:00:00.000 UTC,0.328299,0.325428,0.325428,0.328266
2023-08-21 18:00:00.000 UTC,0.326355,0.324515,0.324837,0.325668
2023-08-21 17:00:00.000 UTC,0.324937,0.32246,0.32246,0.324937
2023-08-21 16:00:00.000 UTC,0.323258,0.32226,0.32226,0.323258
2023-08-21 15:00:00.000 UTC,0.327881,0.319579,0.327749,0.322655
2023-08-21 14:00:00.000 UTC,0.329886,0.327596,0.328917,0.327912
2023-08-21 13:00:00.000 UTC,0.327661,0.325973,0.327196,0.327661
2023-08-21 12:00:00.000 UTC,0.329762,0.327951,0.328509,0.327951
2023-08-21 11:00:00.000 UTC,0.328279,0.325101,0.325347,0.328279
2023-08-21 10:00:00.000 UTC,0.328476,0.325036,0.328476,0.325036
2023-08-21 09:00:00.000 UTC,0.330399,0.328578,0.329112,0.328578
2023-08-21 08:00:00.000 UTC,0.329161,0.327847,0.329118,0.328792
2023-08-21 07:00:00.000 UTC,0.329939,0.329059,0.329778,0.329128
2023-08-21 06:00:00.000 UTC,0.332522,0.33033,0.332262,0.33033
2023-08-21 05:00:00.000 UTC,0.332921,0.330293,0.330553,0.332445
2023-08-21 04:00:00.000 UTC,0.332595,0.330368,0.332595,0.330368
2023-08-21 03:00:00.000 UTC,0.333732,0.332495,0.333379,0.332495
2023-08-21 02:00:00.000 UTC,0.334994,0.3332,0.334994,0.333438
2023-08-21 01:00:00.000 UTC,0.336182,0.334846,0.335195,0.334934
2023-08-21 00:00:00.000 UTC,0.3357,0.333859,0.3357,0.334869
2023-08-20 23:00:00.000 UTC,0.336256,0.335028,0.335892,0.335516
2023-08-20 22:00:00.000 UTC,0.335932,0.335231,0.335276,0.335906
2023-08-20 21:00:00.000 UTC,0.33653,0.334831,0.33653,0.335174
2023-08-20 20:00:00.000 UTC,0.337198,0.335365,0.335365,0.336499
2023-08-20 19:00:00.000 UTC,0.335383,0.334699,0.334744,0.33517
2023-08-20 18:00:00.000 UTC,0.336089,0.335235,0.335235,0.335413
2023-08-20 17:00:00.000 UTC,0.335959,0.332223,0.332223,0.335457
2023-08-20 16:00:00.000 UTC,0.334274,0.332291,0.333851,0.332291
2023-08-20 15:00:00.000 UTC,0.334175,0.3325,0.333451,0.333315
2023-08-20 14:00:00.000 UTC,0.335718,0.333353,0.335679,0.333353
2023-08-20 13:00:00.000 UTC,0.337327,0.335759,0.337073,0.335759
2023-08-20 12:00:00.000 UTC,0.337011,0.336148,0.336946,0.336789
2023-08-20 11:00:00.000 UTC,0.336862,0.336044,0.336375,0.336862
2023-08-20 10:00:00.000 UTC,0.336423,0.335213,0.336371,0.336111
2023-08-20 09:00:00.000 UTC,0.337042,0.335575,0.336753,0.336188
2023-08-20 08:00:00.000 UTC,0.335265,0.333441,0.333441,0.335265
2023-08-20 07:00:00.000 UTC,0.333105,0.332616,0.332616,0.333105
2023-08-20 06:00:00.000 UTC,0.333534,0.33253,0.333475,0.33253
2023-08-20 05:00:00.000 UTC,0.335079,0.333476,0.335079,0.333476
2023-08-20 04:00:00.000 UTC,0.335622,0.334765,0.335082,0.335225
2023-08-20 03:00:00.000 UTC,0.335976,0.334964,0.335637,0.335261
2023-08-20 02:00:00.000 UTC,0.33614,0.335131,0.335309,0.335338
2023-08-20 01:00:00.000 UTC,0.338185,0.335301,0.338185,0.335786
2023-08-20 00:00:00.000 UTC,0.33847,0.336205,0.336205,0.337578
2023-08-19 23:00:00.000 UTC,0.337092,0.333864,0.333864,0.336088
2023-08-19 22:00:00.000 UTC,0.335171,0.333793,0.33444,0.333793
2023-08-19 21:00:00.000 UTC,0.334377,0.332092,0.332092,0.334377
2023-08-19 20:00:00.000 UTC,0.333793,0.33148,0.333691,0.33186
2023-08-19 19:00:00.000 UTC,0.334705,0.333304,0.333379,0.334705
2023-08-19 18:00:00.000 UTC,0.333314,0.332074,0.332683,0.333314
2023-08-19 17:00:00.000 UTC,0.333825,0.331492,0.333825,0.332891
2023-08-19 16:00:00.000 UTC,0.33304,0.331077,0.331963,0.332973
2023-08-19 15:00:00.000 UTC,0.331767,0.329175,0.329315,0.331767
2023-08-19 14:00:00.000 UTC,0.329846,0.328655,0.328655,0.329531
2023-08-19 13:00:00.000 UTC,0.328951,0.327345,0.327345,0.328277
2023-08-19 12:00:00.000 UTC,0.32803,0.327425,0.327989,0.327425
2023-08-19 11:00:00.000 UTC,0.328534,0.327898,0.328412,0.328099
2023-08-19 10:00:00.000 UTC,0.329179,0.328402,0.329139,0.328402
2023-08-19 09:00:00.000 UTC,0.329113,0.3281,0.328667,0.328876
2023-08-19 08:00:00.000 UTC,0.329618,0.32756,0.32756,0.328552
2023-08-19 07:00:00.000 UTC,0.327508,0.325404,0.326319,0.327508
2023-08-19 06:00:00.000 UTC,0.32714,0.326316,0.326412,0.326383
2023-08-19 05:00:00.000 UTC,0.327866,0.326382,0.327842,0.326382
2023-08-19 04:00:00.000 UTC,0.328022,0.327151,0.327768,0.327912
2023-08-19 03:00:00.000 UTC,0.328,0.326749,0.328,0.327545
2023-08-19 02:00:00.000 UTC,0.328534,0.327468,0.327468,0.328164
2023-08-19 01:00:00.000 UTC,0.329789,0.327803,0.329789,0.327867
2023-08-19 00:00:00.000 UTC,0.330812,0.327955,0.328387,0.329639
2023-08-18 23:00:00.000 UTC,0.330217,0.328101,0.329162,0.328711
2023-08-18 22:00:00.000 UTC,0.329903,0.328285,0.328285,0.329334
2023-08-18 21:00:00.000 UTC,0.329341,0.326535,0.326535,0.328782
2023-08-18 20:00:00.000 UTC,0.328625,0.325604,0.325604,0.327212
2023-08-18 19:00:00.000 UTC,0.328219,0.325429,0.328219,0.326406
2023-08-18 18:00:00.000 UTC,0.32979,0.326147,0.327324,0.329487
2023-08-18 17:00:00.000 UTC,0.328721,0.323988,0.32545,0.32843
2023-08-18 16:00:00.000 UTC,0.328955,0.326966,0.327479,0.326966
2023-08-18 15:00:00.000 UTC,0.33054,0.32777,0.32777,0.327844
2023-08-18 14:00:00.000 UTC,0.329434,0.327822,0.329298,0.328111
2023-08-18 13:00:00.000 UTC,0.330814,0.328437,0.329826,0.329472
2023-08-18 12:00:00.000 UTC,0.331215,0.329044,0.331215,0.329618
2023-08-18 11:00:00.000 UTC,0.331645,0.328363,0.329879,0.331645
2023-08-18 10:00:00.000 UTC,0.330437,0.328501,0.328501,0.329974
2023-08-18 09:00:00.000 UTC,0.33033,0.329186,0.330213,0.329186
2023-08-18 08:00:00.000 UTC,0.331448,0.327884,0.329216,0.32975
2023-08-18 07:00:00.000 UTC,0.330091,0.32921,0.329263,0.329762
2023-08-18 06:00:00.000 UTC,0.33129,0.326549,0.326549,0.329311
2023-08-18 05:00:00.000 UTC,0.326865,0.323893,0.323893,0.326858
2023-08-18 04:00:00.000 UTC,0.325498,0.321913,0.32429,0.321959
2023-08-18 03:00:00.000 UTC,0.324188,0.321621,0.322083,0.323368
2023-08-18 02:00:00.000 UTC,0.327182,0.323123,0.325726,0.323123
2023-08-18 01:00:00.000 UTC,0.328427,0.3258,0.328427,0.3258
2023-08-18 00:00:00.000 UTC,0.329492,0.326069,0.326069,0.326913
2023-08-17 23:00:00.000 UTC,0.329819,0.324922,0.328063,0.325874
2023-08-17 22:00:00.000 UTC,0.321938,0.318483,0.321585,0.321938
2023-08-17 21:00:00.000 UTC,0.349622,0.299507,0.348919,0.323527
2023-08-17 20:00:00.000 UTC,0.352153,0.347977,0.351551,0.347977
2023-08-17 19:00:00.000 UTC,0.352437,0.351488,0.351542,0.351809
2023-08-17 18:00:00.000 UTC,0.353862,0.351772,0.352708,0.352263
2023-08-17 17:00:00.000 UTC,0.353124,0.351046,0.351046,0.352161
2023-08-17 16:00:00.000 UTC,0.354021,0.347514,0.348859,0.350425
2023-08-17 15:00:00.000 UTC,0.355382,0.348928,0.35384,0.349168
2023-08-17 14:00:00.000 UTC,0.354932,0.352949,0.354732,0.353938
2023-08-17 13:00:00.000 UTC,0.357468,0.355077,0.357468,0.355089
2023-08-17 12:00:00.000 UTC,0.358579,0.356033,0.356313,0.357812
2023-08-17 11:00:00.000 UTC,0.357147,0.356098,0.357106,0.356303
2023-08-17 10:00:00.000 UTC,0.358433,0.355772,0.358433,0.356598
2023-08-17 09:00:00.000 UTC,0.359103,0.357629,0.358354,0.358644
2023-08-17 08:00:00.000 UTC,0.360442,0.358645,0.36038,0.358754
2023-08-17 07:00:00.000 UTC,0.361802,0.35987,0.361802,0.36014
2023-08-17 06:00:00.000 UTC,0.362696,0.360795,0.362243,0.361812
2023-08-17 05:00:00.000 UTC,0.361182,0.358931,0.359419,0.361182
2023-08-17 04:00:00.000 UTC,0.360453,0.359196,0.360017,0.359671
2023-08-17 03:00:00.000 UTC,0.360881,0.358046,0.358046,0.360345
2023-08-17 02:00:00.000 UTC,0.358605,0.357204,0.357204,0.358218
2023-08-17 01:00:00.000 UTC,0.358081,0.355528,0.355528,0.357362
2023-08-17 00:00:00.000 UTC,0.356912,0.352747,0.356755,0.35515
2023-08-16 23:00:00.000 UTC,0.357153,0.354335,0.355156,0.356777
2023-08-16 22:00:00.000 UTC,0.356385,0.354405,0.354734,0.355347
2023-08-16 21:00:00.000 UTC,0.355906,0.349171,0.354285,0.354148
2023-08-16 20:00:00.000 UTC,0.360241,0.352425,0.359978,0.354657
2023-08-16 19:00:00.000 UTC,0.362118,0.360451,0.362118,0.360563
2023-08-16 18:00:00.000 UTC,0.364695,0.361894,0.361894,0.362434
2023-08-16 17:00:00.000 UTC,0.362404,0.360404,0.361587,0.361681
2023-08-16 16:00:00.000 UTC,0.362293,0.358117,0.359784,0.362255
2023-08-16 15:00:00.000 UTC,0.363352,0.360631,0.362561,0.360631
2023-08-16 14:00:00.000 UTC,0.362592,0.358491,0.3586,0.362377
2023-08-16 13:00:00.000 UTC,0.362298,0.358345,0.362298,0.35875
2023-08-16 12:00:00.000 UTC,0.364676,0.360119,0.364558,0.364093
2023-08-16 11:00:00.000 UTC,0.368821,0.363002,0.364406,0.36458
2023-08-16 10:00:00.000 UTC,0.364621,0.360583,0.360583,0.364289
2023-08-16 09:00:00.000 UTC,0.362847,0.359551,0.362847,0.360439
2023-08-16 08:00:00.000 UTC,0.365864,0.362639,0.365864,0.363324
2023-08-16 07:00:00.000 UTC,0.366745,0.364785,0.365068,0.365967
2023-08-16 06:00:00.000 UTC,0.367616,0.363752,0.367163,0.363752
2023-08-16 05:00:00.000 UTC,0.369215,0.366723,0.368861,0.367369
2023-08-16 04:00:00.000 UTC,0.369397,0.368519,0.368641,0.368704
2023-08-16 03:00:00.000 UTC,0.371399,0.368934,0.37102,0.369477
2023-08-16 02:00:00.000 UTC,0.371432,0.370316,0.370718,0.371432
2023-08-16 01:00:00.000 UTC,0.371732,0.370865,0.371006,0.371626
2023-08-16 00:00:00.000 UTC,0.37242,0.370941,0.37178,0.371826
2023-08-15 23:00:00.000 UTC,0.372461,0.370591,0.371221,0.371786
2023-08-15 22:00:00.000 UTC,0.372762,0.370648,0.372762,0.370648
2023-08-15 21:00:00.000 UTC,0.372734,0.370367,0.371737,0.371872
2023-08-15 20:00:00.000 UTC,0.373097,0.370983,0.371984,0.370983
2023-08-15 19:00:00.000 UTC,0.384977,0.368363,0.384977,0.372286
2023-08-15 18:00:00.000 UTC,0.3873,0.384762,0.3873,0.38535
2023-08-15 17:00:00.000 UTC,0.387753,0.386531,0.386531,0.387236
2023-08-15 16:00:00.000 UTC,0.387216,0.386608,0.386678,0.386697
2023-08-15 15:00:00.000 UTC,0.38986,0.386493,0.388763,0.38672
2023-08-15 14:00:00.000 UTC,0.389472,0.387749,0.388074,0.388657
2023-08-15 13:00:00.000 UTC,0.389925,0.388906,0.389236,0.388952
2023-08-15 12:00:00.000 UTC,0.389523,0.38892,0.389161,0.389523
2023-08-15 11:00:00.000 UTC,0.389957,0.389023,0.389528,0.389163
2023-08-15 10:00:00.000 UTC,0.390267,0.389742,0.390267,0.389742
2023-08-15 09:00:00.000 UTC,0.390506,0.390006,0.390181,0.390006
2023-08-15 08:00:00.000 UTC,0.391036,0.390164,0.390872,0.390164
2023-08-15 07:00:00.000 UTC,0.391223,0.389978,0.390602,0.390898
2023-08-15 06:00:00.000 UTC,0.39058,0.389954,0.389954,0.39058
2023-08-15 05:00:00.000 UTC,0.390925,0.389981,0.390785,0.389981
2023-08-15 04:00:00.000 UTC,0.391892,0.390762,0.391125,0.390762
2023-08-15 03:00:00.000 UTC,0.391376,0.390672,0.391305,0.390672
2023-08-15 02:00:00.000 UTC,0.392184,0.391401,0.392109,0.391401
2023-08-15 01:00:00.000 UTC,0.393353,0.391657,0.392368,0.392266
2023-08-15 00:00:00.000 UTC,0.392671,0.39123,0.392671,0.391893
2023-08-14 23:00:00.000 UTC,0.392927,0.391345,0.391498,0.392707
2023-08-14 22:00:00.000 UTC,0.391953,0.39032,0.391021,0.391728
2023-08-14 21:00:00.000 UTC,0.390993,0.389333,0.390993,0.390911
2023-08-14 20:00:00.000 UTC,0.391309,0.389637,0.389853,0.391239
2023-08-14 19:00:00.000 UTC,0.389957,0.38871,0.389735,0.389761
2023-08-14 18:00:00.000 UTC,0.392303,0.389511,0.392303,0.389965
2023-08-14 17:00:00.000 UTC,0.395484,0.392312,0.395484,0.392469
2023-08-14 16:00:00.000 UTC,0.396139,0.395589,0.395924,0.395622
2023-08-14 15:00:00.000 UTC,0.397826,0.395479,0.39611,0.39636
2023-08-14 14:00:00.000 UTC,0.396609,0.393298,0.393298,0.396376
2023-08-14 13:00:00.000 UTC,0.395204,0.3925,0.395204,0.393485
2023-08-14 12:00:00.000 UTC,0.395978,0.394412,0.395833,0.394966
2023-08-14 11:00:00.000 UTC,0.397323,0.395235,0.397323,0.395823
2023-08-14 10:00:00.000 UTC,0.397877,0.396713,0.397685,0.397633
2023-08-14 09:00:00.000 UTC,0.398473,0.396068,0.396068,0.397159
2023-08-14 08:00:00.000 UTC,0.396787,0.395167,0.395167,0.396212
2023-08-14 07:00:00.000 UTC,0.395841,0.394783,0.395098,0.394783
2023-08-14 06:00:00.000 UTC,0.395131,0.39447,0.394964,0.395098
2023-08-14 05:00:00.000 UTC,0.395107,0.393481,0.393588,0.395107
2023-08-14 04:00:00.000 UTC,0.394696,0.393656,0.394696,0.393656
2023-08-14 03:00:00.000 UTC,0.395644,0.394343,0.394557,0.394343
2023-08-14 02:00:00.000 UTC,0.395963,0.391886,0.393901,0.395019
2023-08-14 01:00:00.000 UTC,0.395086,0.393167,0.393167,0.393746
2023-08-14 00:00:00.000 UTC,0.393593,0.392255,0.393263,0.393343
2023-08-13 23:00:00.000 UTC,0.393659,0.392412,0.392787,0.393603
2023-08-13 22:00:00.000 UTC,0.39551,0.392314,0.39551,0.392794
2023-08-13 21:00:00.000 UTC,0.397122,0.394867,0.396727,0.396001
2023-08-13 20:00:00.000 UTC,0.39733,0.396224,0.39733,0.396591
2023-08-13 19:00:00.000 UTC,0.397566,0.396368,0.396368,0.397425
2023-08-13 18:00:00.000 UTC,0.39604,0.394448,0.394448,0.39604
2023-08-13 17:00:00.000 UTC,0.399437,0.395486,0.39903,0.395486
2023-08-13 16:00:00.000 UTC,0.399811,0.398738,0.399811,0.399167
2023-08-13 15:00:00.000 UTC,0.400628,0.398849,0.400628,0.399699
2023-08-13 14:00:00.000 UTC,0.400086,0.399189,0.399264,0.399957
2023-08-13 13:00:00.000 UTC,0.400249,0.399114,0.399525,0.399336
2023-08-13 12:00:00.000 UTC,0.399456,0.398362,0.399089,0.399396
2023-08-13 11:00:00.000 UTC,0.399224,0.398431,0.399022,0.398838
2023-08-13 10:00:00.000 UTC,0.400455,0.399012,0.399834,0.399012
2023-08-13 09:00:00.000 UTC,0.401304,0.39979,0.401304,0.399837
2023-08-13 08:00:00.000 UTC,0.401102,0.399949,0.400928,0.399949
2023-08-13 07:00:00.000 UTC,0.401377,0.400716,0.401377,0.400984
2023-08-13 06:00:00.000 UTC,0.401454,0.400382,0.400382,0.401401
2023-08-13 05:00:00.000 UTC,0.401265,0.400498,0.401252,0.400693
2023-08-13 04:00:00.000 UTC,0.401826,0.401118,0.401826,0.401445
2023-08-13 03:00:00.000 UTC,0.402426,0.401823,0.402426,0.401895
2023-08-13 02:00:00.000 UTC,0.402637,0.402122,0.402471,0.402376
2023-08-13 01:00:00.000 UTC,0.402631,0.4015,0.402333,0.402631
2023-08-13 00:00:00.000 UTC,0.402355,0.401358,0.40227,0.402214
2023-08-12 23:00:00.000 UTC,0.402436,0.401694,0.402336,0.401694
2023-08-12 22:00:00.000 UTC,0.402454,0.401477,0.401477,0.402311
2023-08-12 21:00:00.000 UTC,0.401457,0.400862,0.401146,0.401291
2023-08-12 20:00:00.000 UTC,0.401866,0.401301,0.401499,0.401763
2023-08-12 19:00:00.000 UTC,0.402363,0.401384,0.402363,0.401421
2023-08-12 18:00:00.000 UTC,0.402483,0.401689,0.402215,0.402247
2023-08-12 17:00:00.000 UTC,0.402696,0.401778,0.402247,0.40244
2023-08-12 16:00:00.000 UTC,0.402261,0.401056,0.401056,0.402171
2023-08-12 15:00:00.000 UTC,0.402252,0.401183,0.401835,0.401183
2023-08-12 14:00:00.000 UTC,0.401806,0.400562,0.401256,0.401598
2023-08-12 13:00:00.000 UTC,0.401785,0.401384,0.401511,0.401384
2023-08-12 12:00:00.000 UTC,0.402551,0.401377,0.402252,0.401454
2023-08-12 11:00:00.000 UTC,0.402783,0.401802,0.401802,0.402235
2023-08-12 10:00:00.000 UTC,0.401545,0.401087,0.401311,0.401387
2023-08-12 09:00:00.000 UTC,0.401382,0.400454,0.400454,0.401215
2023-08-12 08:00:00.000 UTC,0.401581,0.400367,0.40151,0.400367
2023-08-12 07:00:00.000 UTC,0.402016,0.401486,0.401938,0.402016
2023-08-12 06:00:00.000 UTC,0.402568,0.401514,0.402568,0.401992
2023-08-12 05:00:00.000 UTC,0.402368,0.402087,0.402276,0.402114
2023-08-12 04:00:00.000 UTC,0.402854,0.402256,0.40264,0.402468
2023-08-12 03:00:00.000 UTC,0.402613,0.401545,0.401545,0.402613
2023-08-12 02:00:00.000 UTC,0.402329,0.401286,0.401731,0.401286
2023-08-12 01:00:00.000 UTC,0.402122,0.401182,0.401824,0.401966
2023-08-12 00:00:00.000 UTC,0.401322,0.399796,0.400623,0.401282
2023-08-11 23:00:00.000 UTC,0.400607,0.399907,0.40034,0.400466
2023-08-11 22:00:00.000 UTC,0.400611,0.399076,0.399076,0.400154
2023-08-11 21:00:00.000 UTC,0.400926,0.398998,0.400244,0.399079
2023-08-11 20:00:00.000 UTC,0.400812,0.39957,0.399586,0.400032
2023-08-11 19:00:00.000 UTC,0.40023,0.398824,0.399434,0.399731
2023-08-11 18:00:00.000 UTC,0.400543,0.398672,0.398672,0.399335
2023-08-11 17:00:00.000 UTC,0.400881,0.398477,0.398681,0.399544
2023-08-11 16:00:00.000 UTC,0.400223,0.398056,0.39914,0.398813
2023-08-11 15:00:00.000 UTC,0.402867,0.398634,0.402867,0.398634
2023-08-11 14:00:00.000 UTC,0.403795,0.402811,0.402969,0.403509
2023-08-11 13:00:00.000 UTC,0.402917,0.401747,0.401804,0.402917
2023-08-11 12:00:00.000 UTC,0.406242,0.401893,0.405762,0.401893
2023-08-11 11:00:00.000 UTC,0.405787,0.403739,0.403739,0.405787
2023-08-11 10:00:00.000 UTC,0.404952,0.403678,0.404952,0.403729
2023-08-11 09:00:00.000 UTC,0.403712,0.401779,0.401826,0.403543
2023-08-11 08:00:00.000 UTC,0.405034,0.401922,0.402518,0.402063
2023-08-11 07:00:00.000 UTC,0.403916,0.402492,0.403698,0.402492
2023-08-11 06:00:00.000 UTC,0.404435,0.402397,0.403406,0.403396
2023-08-11 05:00:00.000 UTC,0.402992,0.402357,0.40279,0.402801
2023-08-11 04:00:00.000 UTC,0.404543,0.401614,0.401614,0.403639
2023-08-11 03:00:00.000 UTC,0.402034,0.401358,0.401358,0.401652
2023-08-11 02:00:00.000 UTC,0.403927,0.401696,0.403927,0.401696
2023-08-11 01:00:00.000 UTC,0.404464,0.402638,0.403859,0.402696
2023-08-11 00:00:00.000 UTC,0.403743,0.401909,0.402026,0.403743
2023-08-10 23:00:00.000 UTC,0.402324,0.401707,0.401974,0.401921
2023-08-10 22:00:00.000 UTC,0.402743,0.401539,0.401828,0.402129
2023-08-10 21:00:00.000 UTC,0.4022,0.400898,0.400898,0.402005
2023-08-10 20:00:00.000 UTC,0.402349,0.40092,0.401554,0.40092
2023-08-10 19:00:00.000 UTC,0.401816,0.400114,0.401369,0.401454
2023-08-10 18:00:00.000 UTC,0.402221,0.400474,0.400578,0.401343
2023-08-10 17:00:00.000 UTC,0.402982,0.401375,0.402982,0.401387
2023-08-10 16:00:00.000 UTC,0.403613,0.402316,0.403613,0.403445
2023-08-10 15:00:00.000 UTC,0.404704,0.403285,0.403705,0.403323
2023-08-10 14:00:00.000 UTC,0.407863,0.403095,0.406871,0.40362
2023-08-10 13:00:00.000 UTC,0.407696,0.404839,0.404922,0.407158
2023-08-10 12:00:00.000 UTC,0.406792,0.403376,0.403603,0.405157
2023-08-10 11:00:00.000 UTC,0.405451,0.40376,0.404943,0.40376
2023-08-10 10:00:00.000 UTC,0.405049,0.404288,0.404356,0.404951
2023-08-10 09:00:00.000 UTC,0.404569,0.402382,0.403003,0.404569
2023-08-10 08:00:00.000 UTC,0.403495,0.402476,0.402476,0.403185
2023-08-10 07:00:00.000 UTC,0.403673,0.402402,0.402402,0.402499
2023-08-10 06:00:00.000 UTC,0.404806,0.402367,0.404651,0.402367
2023-08-10 05:00:00.000 UTC,0.40542,0.403711,0.404364,0.40542
2023-08-10 04:00:00.000 UTC,0.405307,0.404296,0.405307,0.40503
2023-08-10 03:00:00.000 UTC,0.406641,0.405337,0.406425,0.405337
2023-08-10 02:00:00.000 UTC,0.407841,0.406514,0.40736,0.406514
2023-08-10 01:00:00.000 UTC,0.408027,0.406593,0.407518,0.407253
2023-08-10 00:00:00.000 UTC,0.407664,0.406569,0.406737,0.406569
2023-08-09 23:00:00.000 UTC,0.407274,0.405349,0.405349,0.406974
2023-08-09 22:00:00.000 UTC,0.405092,0.403873,0.404674,0.404853
2023-08-09 21:00:00.000 UTC,0.406195,0.403,0.406195,0.403486
2023-08-09 20:00:00.000 UTC,0.406226,0.404699,0.404985,0.406226
2023-08-09 19:00:00.000 UTC,0.406789,0.405588,0.406336,0.405641
2023-08-09 18:00:00.000 UTC,0.406888,0.404855,0.405525,0.406427
2023-08-09 17:00:00.000 UTC,0.406291,0.4039,0.404701,0.404844
2023-08-09 16:00:00.000 UTC,0.406495,0.404825,0.406369,0.405332
2023-08-09 15:00:00.000 UTC,0.407025,0.404994,0.405837,0.406576
2023-08-09 14:00:00.000 UTC,0.409227,0.406204,0.408455,0.406204
2023-08-09 13:00:00.000 UTC,0.412042,0.40843,0.410984,0.40843
2023-08-09 12:00:00.000 UTC,0.409683,0.406826,0.407679,0.409597
2023-08-09 11:00:00.000 UTC,0.408173,0.40608,0.408015,0.407766
2023-08-09 10:00:00.000 UTC,0.407501,0.405639,0.405741,0.407303
2023-08-09 09:00:00.000 UTC,0.407485,0.405418,0.407296,0.406005
2023-08-09 08:00:00.000 UTC,0.407738,0.406655,0.40726,0.407021
2023-08-09 07:00:00.000 UTC,0.407347,0.406442,0.406667,0.407259
2023-08-09 06:00:00.000 UTC,0.406573,0.405545,0.406528,0.406394
2023-08-09 05:00:00.000 UTC,0.407847,0.406799,0.407216,0.407213
2023-08-09 04:00:00.000 UTC,0.408059,0.405973,0.405973,0.40716
2023-08-09 03:00:00.000 UTC,0.406649,0.405469,0.406649,0.406153
2023-08-09 02:00:00.000 UTC,0.408853,0.405193,0.408171,0.406057
2023-08-09 01:00:00.000 UTC,0.408757,0.406891,0.407694,0.408571
2023-08-09 00:00:00.000 UTC,0.409044,0.40782,0.408631,0.40782
2023-08-08 23:00:00.000 UTC,0.410253,0.408175,0.408638,0.408624
2023-08-08 22:00:00.000 UTC,0.409896,0.408027,0.40981,0.408421
2023-08-08 21:00:00.000 UTC,0.412499,0.40898,0.410091,0.410534
2023-08-08 20:00:00.000 UTC,0.411268,0.409192,0.409711,0.410106
2023-08-08 19:00:00.000 UTC,0.411229,0.40899,0.409074,0.409905
2023-08-08 18:00:00.000 UTC,0.412448,0.408663,0.409239,0.408863
2023-08-08 17:00:00.000 UTC,0.409814,0.408116,0.409389,0.409716
2023-08-08 16:00:00.000 UTC,0.410407,0.407317,0.407826,0.410407
2023-08-08 15:00:00.000 UTC,0.408834,0.404967,0.404967,0.408006
2023-08-08 14:00:00.000 UTC,0.405814,0.40439,0.404841,0.405119
2023-08-08 13:00:00.000 UTC,0.408041,0.403212,0.407545,0.404354
2023-08-08 12:00:00.000 UTC,0.407599,0.40512,0.406174,0.407599
2023-08-08 11:00:00.000 UTC,0.406947,0.404821,0.405436,0.406174
2023-08-08 10:00:00.000 UTC,0.405416,0.402904,0.403565,0.405416
2023-08-08 09:00:00.000 UTC,0.405478,0.403288,0.404641,0.403288
2023-08-08 08:00:00.000 UTC,0.404679,0.403601,0.403601,0.404679
2023-08-08 07:00:00.000 UTC,0.403735,0.402665,0.402754,0.403735
2023-08-08 06:00:00.000 UTC,0.403848,0.403184,0.403763,0.40322
2023-08-08 05:00:00.000 UTC,0.404467,0.40362,0.403696,0.403965
2023-08-08 04:00:00.000 UTC,0.404772,0.402334,0.402685,0.403668
2023-08-08 03:00:00.000 UTC,0.402882,0.401482,0.401482,0.402816
2023-08-08 02:00:00.000 UTC,0.402384,0.400321,0.400321,0.402159
2023-08-08 01:00:00.000 UTC,0.405329,0.40125,0.405329,0.401411
2023-08-08 00:00:00.000 UTC,0.405213,0.403354,0.404798,0.404154
2023-08-07 23:00:00.000 UTC,0.404764,0.402467,0.403175,0.404737
2023-08-07 22:00:00.000 UTC,0.403098,0.401189,0.401189,0.403059
2023-08-07 21:00:00.000 UTC,0.403512,0.400918,0.401467,0.400927
2023-08-07 20:00:00.000 UTC,0.401428,0.399675,0.400655,0.401133
2023-08-07 19:00:00.000 UTC,0.399766,0.397707,0.397707,0.399766
2023-08-07 18:00:00.000 UTC,0.401021,0.397077,0.397077,0.398194
2023-08-07 17:00:00.000 UTC,0.397722,0.395066,0.395066,0.397688
2023-08-07 16:00:00.000 UTC,0.398732,0.392969,0.398725,0.395146
2023-08-07 15:00:00.000 UTC,0.402193,0.396528,0.402089,0.399078
2023-08-07 14:00:00.000 UTC,0.403649,0.400401,0.403333,0.401253
2023-08-07 13:00:00.000 UTC,0.405696,0.40436,0.405696,0.40436
2023-08-07 12:00:00.000 UTC,0.407934,0.404867,0.406714,0.407934
2023-08-07 11:00:00.000 UTC,0.408237,0.406431,0.408237,0.4071
2023-08-07 10:00:00.000 UTC,0.408388,0.406509,0.407853,0.407343
2023-08-07 09:00:00.000 UTC,0.408581,0.406078,0.406971,0.407549
2023-08-07 08:00:00.000 UTC,0.407434,0.406108,0.407434,0.407131
2023-08-07 07:00:00.000 UTC,0.407617,0.405079,0.405079,0.406527
2023-08-07 06:00:00.000 UTC,0.409844,0.405905,0.409844,0.405905
2023-08-07 05:00:00.000 UTC,0.410275,0.408956,0.40996,0.410275
2023-08-07 04:00:00.000 UTC,0.411426,0.409247,0.409247,0.410385
2023-08-07 03:00:00.000 UTC,0.410659,0.409126,0.409902,0.409641
2023-08-07 02:00:00.000 UTC,0.409869,0.408335,0.409126,0.409869
2023-08-07 01:00:00.000 UTC,0.41048,0.404529,0.404529,0.409764
2023-08-07 00:00:00.000 UTC,0.407025,0.403547,0.405019,0.40447
2023-08-06 23:00:00.000 UTC,0.406316,0.404502,0.406316,0.404934
2023-08-06 22:00:00.000 UTC,0.407823,0.405543,0.405543,0.406297
2023-08-06 21:00:00.000 UTC,0.40979,0.405219,0.407925,0.405219
2023-08-06 20:00:00.000 UTC,0.407249,0.405964,0.407249,0.40689
2023-08-06 19:00:00.000 UTC,0.408168,0.406987,0.408075,0.407087
2023-08-06 18:00:00.000 UTC,0.408795,0.407879,0.408023,0.408244
2023-08-06 17:00:00.000 UTC,0.408281,0.407376,0.408273,0.408075
2023-08-06 16:00:00.000 UTC,0.40767,0.405136,0.405516,0.40767
2023-08-06 15:00:00.000 UTC,0.405787,0.405032,0.405172,0.405126
2023-08-06 14:00:00.000 UTC,0.404926,0.403236,0.403413,0.404926
2023-08-06 13:00:00.000 UTC,0.405689,0.403618,0.405689,0.403626
2023-08-06 12:00:00.000 UTC,0.406871,0.405308,0.406728,0.405355
2023-08-06 11:00:00.000 UTC,0.406966,0.405872,0.405872,0.406966
2023-08-06 10:00:00.000 UTC,0.407952,0.405327,0.407952,0.405891
2023-08-06 09:00:00.000 UTC,0.409751,0.407208,0.409751,0.407856
2023-08-06 08:00:00.000 UTC,0.409776,0.407224,0.407609,0.409677
2023-08-06 07:00:00.000 UTC,0.408851,0.407898,0.408793,0.407898
2023-08-06 06:00:00.000 UTC,0.411239,0.408203,0.411239,0.408203
2023-08-06 05:00:00.000 UTC,0.410907,0.409958,0.410907,0.410673
2023-08-06 04:00:00.000 UTC,0.41159,0.409087,0.409729,0.410719
2023-08-06 03:00:00.000 UTC,0.411341,0.409179,0.410422,0.409179
2023-08-06 02:00:00.000 UTC,0.411739,0.406362,0.406362,0.410243
2023-08-06 01:00:00.000 UTC,0.409243,0.40663,0.409243,0.40663
2023-08-06 00:00:00.000 UTC,0.408905,0.404165,0.404828,0.408548
2023-08-05 23:00:00.000 UTC,0.405486,0.404578,0.405287,0.405121
2023-08-05 22:00:00.000 UTC,0.405396,0.404154,0.404427,0.40517
2023-08-05 21:00:00.000 UTC,0.405317,0.403815,0.403815,0.404451
2023-08-05 20:00:00.000 UTC,0.404919,0.403738,0.404317,0.403738
2023-08-05 19:00:00.000 UTC,0.40635,0.404213,0.40635,0.404451
2023-08-05 18:00:00.000 UTC,0.406758,0.403271,0.403271,0.406758
2023-08-05 17:00:00.000 UTC,0.404953,0.401838,0.401838,0.403375
2023-08-05 16:00:00.000 UTC,0.402572,0.400668,0.401451,0.402094
2023-08-05 15:00:00.000 UTC,0.403327,0.399507,0.401336,0.401438
2023-08-05 14:00:00.000 UTC,0.401703,0.398365,0.398365,0.401703
2023-08-05 13:00:00.000 UTC,0.398267,0.397302,0.397302,0.398081
2023-08-05 12:00:00.000 UTC,0.398485,0.397323,0.398075,0.397323
2023-08-05 11:00:00.000 UTC,0.399605,0.397907,0.398593,0.397907
2023-08-05 10:00:00.000 UTC,0.3989,0.39809,0.398586,0.398184
2023-08-05 09:00:00.000 UTC,0.398936,0.39828,0.398888,0.398362
2023-08-05 08:00:00.000 UTC,0.399051,0.397198,0.39736,0.398952
2023-08-05 07:00:00.000 UTC,0.398185,0.396641,0.396641,0.397634
2023-08-05 06:00:00.000 UTC,0.397298,0.396444,0.397298,0.397144
2023-08-05 05:00:00.000 UTC,0.396888,0.394987,0.395525,0.396469
2023-08-05 04:00:00.000 UTC,0.397012,0.394991,0.396832,0.39542
2023-08-05 03:00:00.000 UTC,0.39721,0.396271,0.396533,0.396688
2023-08-05 02:00:00.000 UTC,0.397156,0.395147,0.395147,0.396693
2023-08-05 01:00:00.000 UTC,0.399481,0.39543,0.398774,0.39543
2023-08-05 00:00:00.000 UTC,0.399808,0.398701,0.399434,0.399338
2023-08-04 23:00:00.000 UTC,0.399561,0.397899,0.397899,0.399354
2023-08-04 22:00:00.000 UTC,0.399221,0.398105,0.398109,0.398105
2023-08-04 21:00:00.000 UTC,0.399282,0.396053,0.396053,0.398897
2023-08-04 20:00:00.000 UTC,0.399718,0.395195,0.397889,0.395273
2023-08-04 19:00:00.000 UTC,0.399483,0.397489,0.398178,0.397489
2023-08-04 18:00:00.000 UTC,0.402795,0.398422,0.402795,0.398422
2023-08-04 17:00:00.000 UTC,0.404429,0.402696,0.404429,0.402716
2023-08-04 16:00:00.000 UTC,0.404022,0.402664,0.402947,0.404022
2023-08-04 15:00:00.000 UTC,0.403485,0.402303,0.403163,0.403129
2023-08-04 14:00:00.000 UTC,0.403772,0.400749,0.402671,0.403772
2023-08-04 13:00:00.000 UTC,0.405228,0.401493,0.402144,0.404065
2023-08-04 12:00:00.000 UTC,0.402276,0.40021,0.400954,0.402276
2023-08-04 11:00:00.000 UTC,0.400845,0.400251,0.400845,0.400513
2023-08-04 10:00:00.000 UTC,0.401855,0.400662,0.401459,0.401299
2023-08-04 09:00:00.000 UTC,0.401969,0.399897,0.399897,0.40111
2023-08-04 08:00:00.000 UTC,0.402475,0.39993,0.400968,0.399964
2023-08-04 07:00:00.000 UTC,0.400703,0.399808,0.400293,0.400703
2023-08-04 06:00:00.000 UTC,0.402881,0.400534,0.401658,0.400534
2023-08-04 05:00:00.000 UTC,0.402865,0.401641,0.402759,0.402096
2023-08-04 04:00:00.000 UTC,0.403428,0.400958,0.40299,0.402721
2023-08-04 03:00:00.000 UTC,0.403959,0.402374,0.403791,0.402374
2023-08-04 02:00:00.000 UTC,0.404112,0.402943,0.403527,0.403883
2023-08-04 01:00:00.000 UTC,0.405455,0.403971,0.405455,0.404025
2023-08-04 00:00:00.000 UTC,0.405727,0.403248,0.404657,0.404705
2023-08-03 23:00:00.000 UTC,0.406054,0.404884,0.405773,0.404962
2023-08-03 22:00:00.000 UTC,0.406561,0.403381,0.405831,0.405406
2023-08-03 21:00:00.000 UTC,0.408255,0.406893,0.407626,0.406893
2023-08-03 20:00:00.000 UTC,0.409508,0.407555,0.407854,0.407555
2023-08-03 19:00:00.000 UTC,0.407658,0.406476,0.407285,0.407658
2023-08-03 18:00:00.000 UTC,0.407178,0.405623,0.406513,0.406909
2023-08-03 17:00:00.000 UTC,0.409562,0.406965,0.408348,0.40712
2023-08-03 16:00:00.000 UTC,0.408197,0.406403,0.408097,0.40748
2023-08-03 15:00:00.000 UTC,0.411273,0.407907,0.411273,0.408165
2023-08-03 14:00:00.000 UTC,0.410727,0.408226,0.408611,0.410618
2023-08-03 13:00:00.000 UTC,0.408245,0.406494,0.406494,0.408088
2023-08-03 12:00:00.000 UTC,0.408958,0.406327,0.408958,0.406549
2023-08-03 11:00:00.000 UTC,0.408802,0.408102,0.408652,0.408802
2023-08-03 10:00:00.000 UTC,0.408919,0.407824,0.407824,0.408608
2023-08-03 09:00:00.000 UTC,0.408147,0.407143,0.407302,0.407915
2023-08-03 08:00:00.000 UTC,0.408177,0.406019,0.408177,0.40649
2023-08-03 07:00:00.000 UTC,0.409949,0.407976,0.409949,0.4088
2023-08-03 06:00:00.000 UTC,0.412862,0.409949,0.412862,0.409949
2023-08-03 05:00:00.000 UTC,0.412675,0.411278,0.412193,0.412675
2023-08-03 04:00:00.000 UTC,0.412894,0.411642,0.412785,0.412246
2023-08-03 03:00:00.000 UTC,0.413312,0.412139,0.413312,0.41257
2023-08-03 02:00:00.000 UTC,0.41563,0.413032,0.41563,0.414113
2023-08-03 01:00:00.000 UTC,0.415102,0.41234,0.41234,0.415102
2023-08-03 00:00:00.000 UTC,0.414301,0.411479,0.412643,0.413126
2023-08-02 23:00:00.000 UTC,0.412777,0.412012,0.412703,0.412509
2023-08-02 22:00:00.000 UTC,0.414077,0.412898,0.413479,0.412898
2023-08-02 21:00:00.000 UTC,0.41347,0.411215,0.413007,0.41347
2023-08-02 20:00:00.000 UTC,0.413699,0.41288,0.413638,0.413393
2023-08-02 19:00:00.000 UTC,0.414212,0.412772,0.412778,0.413858
2023-08-02 18:00:00.000 UTC,0.414417,0.412412,0.413059,0.412412
2023-08-02 17:00:00.000 UTC,0.414085,0.410449,0.410449,0.412754
2023-08-02 16:00:00.000 UTC,0.417418,0.411809,0.416311,0.411809
2023-08-02 15:00:00.000 UTC,0.417219,0.414009,0.414664,0.416081
2023-08-02 14:00:00.000 UTC,0.417703,0.414574,0.417703,0.414574
2023-08-02 13:00:00.000 UTC,0.418233,0.416913,0.418173,0.417639
2023-08-02 12:00:00.000 UTC,0.421679,0.418596,0.420605,0.418829
2023-08-02 11:00:00.000 UTC,0.421609,0.419707,0.419898,0.421263
2023-08-02 10:00:00.000 UTC,0.420694,0.418098,0.418098,0.420556
2023-08-02 09:00:00.000 UTC,0.419231,0.417648,0.417944,0.418655
2023-08-02 08:00:00.000 UTC,0.418684,0.416481,0.41728,0.417979
2023-08-02 07:00:00.000 UTC,0.418941,0.417635,0.417635,0.417783
2023-08-02 06:00:00.000 UTC,0.420197,0.417955,0.419784,0.417955
2023-08-02 05:00:00.000 UTC,0.42085,0.419056,0.42085,0.419648
2023-08-02 04:00:00.000 UTC,0.422059,0.420165,0.420927,0.420736
2023-08-02 03:00:00.000 UTC,0.423177,0.420973,0.423177,0.420973
2023-08-02 02:00:00.000 UTC,0.424559,0.422874,0.424559,0.42306
2023-08-02 01:00:00.000 UTC,0.426653,0.423989,0.424214,0.424618
2023-08-02 00:00:00.000 UTC,0.428204,0.42331,0.426049,0.423786
2023-08-01 23:00:00.000 UTC,0.426149,0.420723,0.420723,0.426149
2023-08-01 22:00:00.000 UTC,0.420544,0.419476,0.419685,0.420544
2023-08-01 21:00:00.000 UTC,0.420671,0.419057,0.420549,0.419226
2023-08-01 20:00:00.000 UTC,0.422085,0.420426,0.421631,0.420535
2023-08-01 19:00:00.000 UTC,0.422802,0.4209,0.422286,0.421483
2023-08-01 18:00:00.000 UTC,0.422915,0.418848,0.418848,0.421217
2023-08-01 17:00:00.000 UTC,0.419428,0.418175,0.418175,0.418913
2023-08-01 16:00:00.000 UTC,0.420391,0.416779,0.418314,0.417883
2023-08-01 15:00:00.000 UTC,0.417719,0.415059,0.41551,0.41711
2023-08-01 14:00:00.000 UTC,0.419556,0.415932,0.418361,0.415932
2023-08-01 13:00:00.000 UTC,0.419248,0.418251,0.418921,0.418978
2023-08-01 12:00:00.000 UTC,0.420105,0.417602,0.418627,0.419005
2023-08-01 11:00:00.000 UTC,0.419563,0.418385,0.418385,0.419385
2023-08-01 10:00:00.000 UTC,0.419446,0.418335,0.419426,0.418604
2023-08-01 09:00:00.000 UTC,0.42113,0.419301,0.42113,0.419301
2023-08-01 08:00:00.000 UTC,0.420583,0.418203,0.418203,0.420313
2023-08-01 07:00:00.000 UTC,0.419892,0.418513,0.418966,0.418513
2023-08-01 06:00:00.000 UTC,0.41953,0.417964,0.418121,0.419314
2023-08-01 05:00:00.000 UTC,0.418383,0.41618,0.418339,0.417853
2023-08-01 04:00:00.000 UTC,0.419642,0.415957,0.415957,0.418414
2023-08-01 03:00:00.000 UTC,0.417482,0.415245,0.417478,0.416038
2023-08-01 02:00:00.000 UTC,0.422693,0.415819,0.422693,0.417036
2023-08-01 01:00:00.000 UTC,0.428358,0.422083,0.428023,0.422083
2023-08-01 00:00:00.000 UTC,0.427779,0.422344,0.423038,0.427779
2023-07-31 23:00:00.000 UTC,0.423863,0.422722,0.423148,0.423332
2023-07-31 22:00:00.000 UTC,0.423038,0.420971,0.421282,0.422808
2023-07-31 21:00:00.000 UTC,0.423154,0.420353,0.420428,0.420704
2023-07-31 20:00:00.000 UTC,0.423371,0.419934,0.421513,0.420425
2023-07-31 19:00:00.000 UTC,0.42468,0.423373,0.424119,0.424161
2023-07-31 18:00:00.000 UTC,0.426942,0.42436,0.426942,0.424665
2023-07-31 17:00:00.000 UTC,0.427369,0.42493,0.425644,0.427155
2023-07-31 16:00:00.000 UTC,0.426685,0.424072,0.424795,0.425924
2023-07-31 15:00:00.000 UTC,0.427717,0.424685,0.427135,0.425
2023-07-31 14:00:00.000 UTC,0.428364,0.427056,0.427328,0.42775
2023-07-31 13:00:00.000 UTC,0.431543,0.427087,0.431543,0.427087
2023-07-31 12:00:00.000 UTC,0.430967,0.429239,0.429719,0.430886
2023-07-31 11:00:00.000 UTC,0.429862,0.429303,0.429822,0.429703
2023-07-31 10:00:00.000 UTC,0.430545,0.429699,0.43032,0.429699
2023-07-31 09:00:00.000 UTC,0.431413,0.429414,0.431413,0.430037
2023-07-31 08:00:00.000 UTC,0.431739,0.429654,0.429654,0.43104
2023-07-31 07:00:00.000 UTC,0.430953,0.429681,0.430808,0.429681
2023-07-31 06:00:00.000 UTC,0.431104,0.429792,0.429869,0.430375
2023-07-31 05:00:00.000 UTC,0.431219,0.429801,0.430139,0.430378
2023-07-31 04:00:00.000 UTC,0.432627,0.42962,0.432034,0.43013
2023-07-31 03:00:00.000 UTC,0.433763,0.43227,0.433624,0.43227
2023-07-31 02:00:00.000 UTC,0.434622,0.432435,0.432435,0.433761
2023-07-31 01:00:00.000 UTC,0.434946,0.431544,0.434946,0.431778
2023-07-31 00:00:00.000 UTC,0.434833,0.429754,0.431312,0.434724
2023-07-30 23:00:00.000 UTC,0.431617,0.427977,0.427977,0.431287
2023-07-30 22:00:00.000 UTC,0.429643,0.427951,0.429643,0.428523
2023-07-30 21:00:00.000 UTC,0.430298,0.427659,0.428935,0.430298
2023-07-30 20:00:00.000 UTC,0.427681,0.422059,0.425691,0.427268
2023-07-30 19:00:00.000 UTC,0.434406,0.426454,0.4337,0.426454
2023-07-30 18:00:00.000 UTC,0.435104,0.433416,0.435104,0.433416
2023-07-30 17:00:00.000 UTC,0.434977,0.434333,0.434458,0.434688
2023-07-30 16:00:00.000 UTC,0.435153,0.433169,0.435153,0.434275
2023-07-30 15:00:00.000 UTC,0.438189,0.435982,0.437268,0.435982
2023-07-30 14:00:00.000 UTC,0.438179,0.431917,0.431917,0.437959
2023-07-30 13:00:00.000 UTC,0.433906,0.432432,0.433906,0.432432
2023-07-30 12:00:00.000 UTC,0.434742,0.433708,0.434742,0.434249
2023-07-30 11:00:00.000 UTC,0.435471,0.433283,0.433863,0.434518
2023-07-30 10:00:00.000 UTC,0.436326,0.433136,0.434953,0.433136
2023-07-30 09:00:00.000 UTC,0.435619,0.434773,0.435473,0.435003
2023-07-30 08:00:00.000 UTC,0.436775,0.435388,0.436775,0.435388
2023-07-30 07:00:00.000 UTC,0.43773,0.436547,0.437344,0.436721
2023-07-30 06:00:00.000 UTC,0.438019,0.436142,0.43773,0.437111
2023-07-30 05:00:00.000 UTC,0.438572,0.437404,0.437685,0.437573
2023-07-30 04:00:00.000 UTC,0.438097,0.437231,0.437739,0.437848
2023-07-30 03:00:00.000 UTC,0.438831,0.437732,0.438539,0.437855
2023-07-30 02:00:00.000 UTC,0.438372,0.436852,0.436852,0.438372
2023-07-30 01:00:00.000 UTC,0.438386,0.436442,0.438386,0.436951
2023-07-30 00:00:00.000 UTC,0.439021,0.436956,0.439021,0.437243
2023-07-29 23:00:00.000 UTC,0.439723,0.438724,0.438756,0.439393
2023-07-29 22:00:00.000 UTC,0.440328,0.438463,0.439784,0.438463
2023-07-29 21:00:00.000 UTC,0.43988,0.436152,0.436152,0.439327
2023-07-29 20:00:00.000 UTC,0.437762,0.436714,0.436853,0.436996
2023-07-29 19:00:00.000 UTC,0.436934,0.436162,0.436162,0.436758
2023-07-29 18:00:00.000 UTC,0.436674,0.435465,0.436181,0.436001
2023-07-29 17:00:00.000 UTC,0.43667,0.434218,0.434218,0.436543
2023-07-29 16:00:00.000 UTC,0.434761,0.433328,0.434646,0.434134
2023-07-29 15:00:00.000 UTC,0.43443,0.433512,0.433512,0.43443
2023-07-29 14:00:00.000 UTC,0.434559,0.433444,0.433474,0.433444
2023-07-29 13:00:00.000 UTC,0.434975,0.431312,0.431312,0.434314
2023-07-29 12:00:00.000 UTC,0.43275,0.43045,0.430519,0.431264
2023-07-29 11:00:00.000 UTC,0.431408,0.430594,0.430797,0.430594
2023-07-29 10:00:00.000 UTC,0.431826,0.429812,0.430436,0.431154
2023-07-29 09:00:00.000 UTC,0.431097,0.430101,0.43104,0.430101
2023-07-29 08:00:00.000 UTC,0.43193,0.43102,0.431675,0.431029
2023-07-29 07:00:00.000 UTC,0.432206,0.431246,0.431246,0.431582
2023-07-29 06:00:00.000 UTC,0.432638,0.430469,0.432638,0.430469
2023-07-29 05:00:00.000 UTC,0.432991,0.43234,0.432684,0.432358
2023-07-29 04:00:00.000 UTC,0.433436,0.432337,0.432792,0.432868
2023-07-29 03:00:00.000 UTC,0.433089,0.432029,0.432442,0.432055
2023-07-29 02:00:00.000 UTC,0.433341,0.431668,0.433341,0.432453
2023-07-29 01:00:00.000 UTC,0.433381,0.431839,0.431913,0.433334
2023-07-29 00:00:00.000 UTC,0.432275,0.430634,0.431217,0.432058
2023-07-28 23:00:00.000 UTC,0.431406,0.430538,0.430538,0.431122
2023-07-28 22:00:00.000 UTC,0.431322,0.430224,0.430443,0.431007
2023-07-28 21:00:00.000 UTC,0.430808,0.429868,0.430808,0.430478
2023-07-28 20:00:00.000 UTC,0.430603,0.429358,0.430003,0.43026
2023-07-28 19:00:00.000 UTC,0.430353,0.429404,0.429952,0.430062
2023-07-28 18:00:00.000 UTC,0.430451,0.428939,0.428939,0.430268
2023-07-28 17:00:00.000 UTC,0.430789,0.427065,0.430789,0.428326
2023-07-28 16:00:00.000 UTC,0.431637,0.429545,0.430237,0.431188
2023-07-28 15:00:00.000 UTC,0.433733,0.43002,0.43281,0.430971
2023-07-28 14:00:00.000 UTC,0.433149,0.43004,0.43004,0.432311
2023-07-28 13:00:00.000 UTC,0.431142,0.429327,0.430821,0.429925
2023-07-28 12:00:00.000 UTC,0.430305,0.428671,0.428816,0.430305
2023-07-28 11:00:00.000 UTC,0.429629,0.4288,0.429629,0.429009
2023-07-28 10:00:00.000 UTC,0.430608,0.428947,0.430139,0.429997
2023-07-28 09:00:00.000 UTC,0.429536,0.426127,0.42671,0.429536
2023-07-28 08:00:00.000 UTC,0.427697,0.425679,0.425788,0.426957
2023-07-28 07:00:00.000 UTC,0.427228,0.425572,0.426294,0.425572
2023-07-28 06:00:00.000 UTC,0.426389,0.424773,0.425049,0.426031
2023-07-28 05:00:00.000 UTC,0.427748,0.424255,0.427748,0.424281
2023-07-28 04:00:00.000 UTC,0.428103,0.426945,0.427799,0.427371
2023-07-28 03:00:00.000 UTC,0.429515,0.427178,0.428459,0.427695
2023-07-28 02:00:00.000 UTC,0.429021,0.426731,0.427819,0.427159
2023-07-28 01:00:00.000 UTC,0.428255,0.427189,0.428105,0.427614
2023-07-28 00:00:00.000 UTC,0.428971,0.426348,0.426387,0.428101
2023-07-27 23:00:00.000 UTC,0.426368,0.425399,0.425809,0.426058
2023-07-27 22:00:00.000 UTC,0.426831,0.425987,0.42604,0.425987
2023-07-27 21:00:00.000 UTC,0.426459,0.423698,0.423698,0.426358
2023-07-27 20:00:00.000 UTC,0.424407,0.423476,0.423609,0.423703
2023-07-27 19:00:00.000 UTC,0.423186,0.42161,0.422363,0.423077
2023-07-27 18:00:00.000 UTC,0.42557,0.420658,0.42557,0.423446
2023-07-27 17:00:00.000 UTC,0.427136,0.425952,0.427118,0.426265
2023-07-27 16:00:00.000 UTC,0.428231,0.427156,0.427714,0.427156
2023-07-27 15:00:00.000 UTC,0.428646,0.425703,0.427937,0.427488
2023-07-27 14:00:00.000 UTC,0.432023,0.427522,0.432023,0.427522
2023-07-27 13:00:00.000 UTC,0.433094,0.431477,0.433094,0.432273
2023-07-27 12:00:00.000 UTC,0.433232,0.432445,0.432911,0.432626
2023-07-27 11:00:00.000 UTC,0.433199,0.431984,0.432226,0.43308
2023-07-27 10:00:00.000 UTC,0.43505,0.432409,0.43505,0.432409
2023-07-27 09:00:00.000 UTC,0.435341,0.433194,0.433194,0.435341
2023-07-27 08:00:00.000 UTC,0.433359,0.43062,0.43157,0.433331
2023-07-27 07:00:00.000 UTC,0.432552,0.430662,0.430662,0.431452
2023-07-27 06:00:00.000 UTC,0.433727,0.431012,0.433369,0.431048
2023-07-27 05:00:00.000 UTC,0.434369,0.432963,0.432963,0.433726
2023-07-27 04:00:00.000 UTC,0.433694,0.432125,0.432125,0.433256
2023-07-27 03:00:00.000 UTC,0.433948,0.432819,0.432895,0.432819
2023-07-27 02:00:00.000 UTC,0.431919,0.430147,0.431723,0.431854
2023-07-27 01:00:00.000 UTC,0.431666,0.427381,0.428214,0.431193
2023-07-27 00:00:00.000 UTC,0.430163,0.426866,0.430163,0.427896
2023-07-26 23:00:00.000 UTC,0.43288,0.428408,0.431333,0.42973
2023-07-26 22:00:00.000 UTC,0.431404,0.429746,0.43084,0.430754
2023-07-26 21:00:00.000 UTC,0.434005,0.432261,0.433276,0.432412
2023-07-26 20:00:00.000 UTC,0.434444,0.430251,0.430843,0.434444
2023-07-26 19:00:00.000 UTC,0.431171,0.425776,0.430321,0.43021
2023-07-26 18:00:00.000 UTC,0.431559,0.422919,0.422919,0.430712
2023-07-26 17:00:00.000 UTC,0.4249,0.422843,0.424144,0.424273
2023-07-26 16:00:00.000 UTC,0.427365,0.424162,0.426948,0.424514
2023-07-26 15:00:00.000 UTC,0.427564,0.42528,0.42528,0.426625
2023-07-26 14:00:00.000 UTC,0.42659,0.424568,0.425518,0.425415
2023-07-26 13:00:00.000 UTC,0.425337,0.423408,0.423443,0.425337
2023-07-26 12:00:00.000 UTC,0.424447,0.422597,0.422619,0.423339
2023-07-26 11:00:00.000 UTC,0.424028,0.422409,0.423017,0.422409
2023-07-26 10:00:00.000 UTC,0.424008,0.422726,0.422953,0.422968
2023-07-26 09:00:00.000 UTC,0.425975,0.422624,0.425201,0.422624
2023-07-26 08:00:00.000 UTC,0.426519,0.425317,0.425317,0.425738
2023-07-26 07:00:00.000 UTC,0.426583,0.424816,0.424923,0.425123
2023-07-26 06:00:00.000 UTC,0.428498,0.424909,0.428442,0.424909
2023-07-26 05:00:00.000 UTC,0.428493,0.424961,0.424961,0.428493
2023-07-26 04:00:00.000 UTC,0.426466,0.424784,0.426466,0.424905
2023-07-26 03:00:00.000 UTC,0.429865,0.42647,0.427463,0.426491
2023-07-26 02:00:00.000 UTC,0.424683,0.423395,0.424241,0.424683
2023-07-26 01:00:00.000 UTC,0.427557,0.423328,0.427508,0.424639
2023-07-26 00:00:00.000 UTC,0.429523,0.426997,0.429347,0.428186
2023-07-25 23:00:00.000 UTC,0.429555,0.428173,0.428699,0.429555
2023-07-25 22:00:00.000 UTC,0.429259,0.427763,0.427763,0.429065
2023-07-25 21:00:00.000 UTC,0.428823,0.427629,0.427629,0.42802
2023-07-25 20:00:00.000 UTC,0.427268,0.425221,0.427268,0.427268
2023-07-25 19:00:00.000 UTC,0.429103,0.427741,0.428043,0.427741
2023-07-25 18:00:00.000 UTC,0.430185,0.428105,0.428695,0.428134
2023-07-25 17:00:00.000 UTC,0.428853,0.425194,0.42692,0.428079
2023-07-25 16:00:00.000 UTC,0.428657,0.42646,0.427636,0.427538
2023-07-25 15:00:00.000 UTC,0.428641,0.426973,0.427513,0.427996
2023-07-25 14:00:00.000 UTC,0.432319,0.426932,0.429054,0.426932
2023-07-25 13:00:00.000 UTC,0.429785,0.425927,0.427735,0.428514
2023-07-25 12:00:00.000 UTC,0.429049,0.427444,0.427732,0.428145
2023-07-25 11:00:00.000 UTC,0.42848,0.427318,0.42848,0.427583
2023-07-25 10:00:00.000 UTC,0.429087,0.428233,0.429055,0.428758
2023-07-25 09:00:00.000 UTC,0.430622,0.428149,0.429034,0.42947
2023-07-25 08:00:00.000 UTC,0.428561,0.425976,0.426597,0.428561
2023-07-25 07:00:00.000 UTC,0.428588,0.425504,0.427797,0.426214
2023-07-25 06:00:00.000 UTC,0.428106,0.426654,0.428106,0.427732
2023-07-25 05:00:00.000 UTC,0.428101,0.425325,0.425325,0.427837
2023-07-25 04:00:00.000 UTC,0.427414,0.424861,0.426853,0.425316
2023-07-25 03:00:00.000 UTC,0.428969,0.426428,0.428845,0.426882
2023-07-25 02:00:00.000 UTC,0.430113,0.426116,0.426116,0.429094
2023-07-25 01:00:00.000 UTC,0.428633,0.425832,0.428633,0.426726
2023-07-25 00:00:00.000 UTC,0.431672,0.428681,0.431118,0.428681
2023-07-24 23:00:00.000 UTC,0.43183,0.430477,0.430611,0.431504
2023-07-24 22:00:00.000 UTC,0.430506,0.42903,0.430079,0.430506
2023-07-24 21:00:00.000 UTC,0.42934,0.428273,0.428514,0.429083
2023-07-24 20:00:00.000 UTC,0.429011,0.426683,0.428518,0.427842
2023-07-24 19:00:00.000 UTC,0.431611,0.428707,0.431611,0.428707
2023-07-24 18:00:00.000 UTC,0.430901,0.42671,0.427294,0.430901
2023-07-24 17:00:00.000 UTC,0.42953,0.42706,0.42953,0.428058
2023-07-24 16:00:00.000 UTC,0.429625,0.425575,0.427242,0.429625
2023-07-24 15:00:00.000 UTC,0.428041,0.424375,0.427606,0.42648
2023-07-24 14:00:00.000 UTC,0.430193,0.426686,0.430065,0.428711
2023-07-24 13:00:00.000 UTC,0.431008,0.428542,0.430384,0.428542
2023-07-24 12:00:00.000 UTC,0.430992,0.428647,0.429976,0.430045
2023-07-24 11:00:00.000 UTC,0.432282,0.430291,0.43219,0.430291
2023-07-24 10:00:00.000 UTC,0.43345,0.426231,0.426231,0.431436
2023-07-24 09:00:00.000 UTC,0.446238,0.428182,0.444494,0.428182
2023-07-24 08:00:00.000 UTC,0.447904,0.444238,0.447904,0.44437
2023-07-24 07:00:00.000 UTC,0.449363,0.446558,0.446992,0.447992
2023-07-24 06:00:00.000 UTC,0.44823,0.446764,0.44823,0.447417
2023-07-24 05:00:00.000 UTC,0.447325,0.445561,0.445707,0.447325
2023-07-24 04:00:00.000 UTC,0.447088,0.444279,0.446002,0.445499
2023-07-24 03:00:00.000 UTC,0.449361,0.446345,0.449361,0.4468
2023-07-24 02:00:00.000 UTC,0.452081,0.448475,0.451878,0.449739
2023-07-24 01:00:00.000 UTC,0.456752,0.451042,0.456752,0.451149
2023-07-24 00:00:00.000 UTC,0.459387,0.456462,0.457162,0.458311
2023-07-23 23:00:00.000 UTC,0.459649,0.45696,0.45696,0.457887
2023-07-23 22:00:00.000 UTC,0.458434,0.452929,0.452929,0.458434
2023-07-23 21:00:00.000 UTC,0.45836,0.452758,0.458207,0.45447
2023-07-23 20:00:00.000 UTC,0.45801,0.455604,0.455604,0.457926
2023-07-23 19:00:00.000 UTC,0.461375,0.455056,0.460476,0.455305
2023-07-23 18:00:00.000 UTC,0.460083,0.458043,0.459833,0.459558
2023-07-23 17:00:00.000 UTC,0.458443,0.456491,0.457794,0.456722
2023-07-23 16:00:00.000 UTC,0.457282,0.454145,0.455115,0.457282
2023-07-23 15:00:00.000 UTC,0.455878,0.45168,0.452532,0.454785
2023-07-23 14:00:00.000 UTC,0.454284,0.451721,0.454284,0.451721
2023-07-23 13:00:00.000 UTC,0.456529,0.453274,0.456369,0.45492
2023-07-23 12:00:00.000 UTC,0.456412,0.452742,0.452742,0.455634
2023-07-23 11:00:00.000 UTC,0.456179,0.45051,0.45051,0.453937
2023-07-23 10:00:00.000 UTC,0.451325,0.450591,0.451291,0.450591
2023-07-23 09:00:00.000 UTC,0.454756,0.451683,0.454756,0.451748
2023-07-23 08:00:00.000 UTC,0.4552,0.451734,0.452596,0.454346
2023-07-23 07:00:00.000 UTC,0.452334,0.449558,0.449558,0.452334
2023-07-23 06:00:00.000 UTC,0.449921,0.448253,0.449241,0.449684
2023-07-23 05:00:00.000 UTC,0.45113,0.44868,0.44868,0.449254
2023-07-23 04:00:00.000 UTC,0.449327,0.446735,0.446735,0.448756
2023-07-23 03:00:00.000 UTC,0.447986,0.44662,0.447843,0.447309
2023-07-23 02:00:00.000 UTC,0.448233,0.445346,0.446811,0.447295
2023-07-23 01:00:00.000 UTC,0.4471,0.441947,0.441947,0.447039
2023-07-23 00:00:00.000 UTC,0.443617,0.441603,0.442959,0.441657
2023-07-22 23:00:00.000 UTC,0.445769,0.438812,0.445769,0.441719
2023-07-22 22:00:00.000 UTC,0.447113,0.445688,0.446839,0.445803
2023-07-22 21:00:00.000 UTC,0.446398,0.445289,0.44588,0.446333
2023-07-22 20:00:00.000 UTC,0.446834,0.444534,0.445796,0.446138
2023-07-22 19:00:00.000 UTC,0.446115,0.444556,0.444556,0.446115
2023-07-22 18:00:00.000 UTC,0.445814,0.444039,0.445814,0.444039
2023-07-22 17:00:00.000 UTC,0.448199,0.445877,0.44774,0.445877
2023-07-22 16:00:00.000 UTC,0.448438,0.446306,0.44701,0.44832
2023-07-22 15:00:00.000 UTC,0.447905,0.445938,0.447463,0.447808
2023-07-22 14:00:00.000 UTC,0.448192,0.446018,0.446948,0.447259
2023-07-22 13:00:00.000 UTC,0.44721,0.446127,0.44622,0.446804
2023-07-22 12:00:00.000 UTC,0.448126,0.446102,0.446589,0.446102
2023-07-22 11:00:00.000 UTC,0.447745,0.445949,0.446665,0.446638
2023-07-22 10:00:00.000 UTC,0.448826,0.445198,0.448826,0.446447
2023-07-22 09:00:00.000 UTC,0.451464,0.449813,0.450929,0.449813
2023-07-22 08:00:00.000 UTC,0.452806,0.450917,0.452534,0.450917
2023-07-22 07:00:00.000 UTC,0.453533,0.451087,0.451865,0.45265
2023-07-22 06:00:00.000 UTC,0.451214,0.450344,0.45086,0.451202
2023-07-22 05:00:00.000 UTC,0.451324,0.450173,0.450685,0.451039
2023-07-22 04:00:00.000 UTC,0.453338,0.450374,0.451731,0.450374
2023-07-22 03:00:00.000 UTC,0.452941,0.448651,0.449717,0.451889
2023-07-22 02:00:00.000 UTC,0.450043,0.448604,0.44879,0.449966
2023-07-22 01:00:00.000 UTC,0.451819,0.449011,0.451819,0.449414
2023-07-22 00:00:00.000 UTC,0.451831,0.447874,0.447874,0.451831
2023-07-21 23:00:00.000 UTC,0.448645,0.446441,0.446441,0.447114
2023-07-21 22:00:00.000 UTC,0.448339,0.446601,0.446601,0.447177
2023-07-21 21:00:00.000 UTC,0.448734,0.445947,0.448015,0.447454
2023-07-21 20:00:00.000 UTC,0.447796,0.446306,0.44756,0.447796
2023-07-21 19:00:00.000 UTC,0.448184,0.444099,0.448184,0.447508
2023-07-21 18:00:00.000 UTC,0.450554,0.448319,0.448561,0.448319
2023-07-21 17:00:00.000 UTC,0.448092,0.444332,0.444332,0.447528
2023-07-21 16:00:00.000 UTC,0.446656,0.444214,0.446656,0.444214
2023-07-21 15:00:00.000 UTC,0.448888,0.446356,0.448047,0.446356
2023-07-21 14:00:00.000 UTC,0.448041,0.445004,0.445004,0.448041
2023-07-21 13:00:00.000 UTC,0.446231,0.443948,0.444373,0.444878
2023-07-21 12:00:00.000 UTC,0.445501,0.441371,0.442089,0.444542
2023-07-21 11:00:00.000 UTC,0.441716,0.440299,0.44132,0.441716
2023-07-21 10:00:00.000 UTC,0.442508,0.439199,0.439199,0.441163
2023-07-21 09:00:00.000 UTC,0.443938,0.440129,0.441814,0.440129
2023-07-21 08:00:00.000 UTC,0.442917,0.440075,0.440075,0.441789
2023-07-21 07:00:00.000 UTC,0.443462,0.439484,0.443462,0.44015
2023-07-21 06:00:00.000 UTC,0.444351,0.441195,0.441614,0.443682
2023-07-21 05:00:00.000 UTC,0.442846,0.441498,0.441973,0.44152
2023-07-21 04:00:00.000 UTC,0.443595,0.441728,0.443595,0.442319
2023-07-21 03:00:00.000 UTC,0.445415,0.443073,0.445074,0.444162
2023-07-21 02:00:00.000 UTC,0.444838,0.442061,0.442647,0.444838
2023-07-21 01:00:00.000 UTC,0.442653,0.438463,0.439412,0.442653
2023-07-21 00:00:00.000 UTC,0.440951,0.437852,0.44081,0.439871
2023-07-20 23:00:00.000 UTC,0.441941,0.440251,0.441633,0.440251
2023-07-20 22:00:00.000 UTC,0.442474,0.440965,0.442474,0.440965
2023-07-20 21:00:00.000 UTC,0.442566,0.438214,0.438214,0.442566
2023-07-20 20:00:00.000 UTC,0.440128,0.436329,0.440128,0.437447
2023-07-20 19:00:00.000 UTC,0.440851,0.437938,0.437938,0.440228
2023-07-20 18:00:00.000 UTC,0.440375,0.437393,0.440375,0.438152
2023-07-20 17:00:00.000 UTC,0.440874,0.438906,0.439755,0.440594
2023-07-20 16:00:00.000 UTC,0.444177,0.439881,0.443574,0.439881
2023-07-20 15:00:00.000 UTC,0.446798,0.443267,0.444077,0.443267
2023-07-20 14:00:00.000 UTC,0.454668,0.443293,0.454668,0.443494
2023-07-20 13:00:00.000 UTC,0.456669,0.452913,0.452913,0.454842
2023-07-20 12:00:00.000 UTC,0.454279,0.451525,0.451525,0.453013
2023-07-20 11:00:00.000 UTC,0.452067,0.450237,0.450909,0.452067
2023-07-20 10:00:00.000 UTC,0.45307,0.450795,0.451188,0.450795
2023-07-20 09:00:00.000 UTC,0.451073,0.447974,0.448882,0.451073
2023-07-20 08:00:00.000 UTC,0.449715,0.447709,0.447709,0.449073
2023-07-20 07:00:00.000 UTC,0.448932,0.445747,0.445747,0.448932
2023-07-20 06:00:00.000 UTC,0.447138,0.445317,0.446761,0.445747
2023-07-20 05:00:00.000 UTC,0.447229,0.442821,0.442957,0.446835
2023-07-20 04:00:00.000 UTC,0.444439,0.442867,0.442867,0.4434
2023-07-20 03:00:00.000 UTC,0.445018,0.442367,0.444995,0.442367
2023-07-20 02:00:00.000 UTC,0.447656,0.445247,0.445247,0.445752
2023-07-20 01:00:00.000 UTC,0.446871,0.444025,0.444025,0.445854
2023-07-20 00:00:00.000 UTC,0.4442,0.441605,0.441784,0.4442
2023-07-19 23:00:00.000 UTC,0.442961,0.440265,0.441086,0.442204
2023-07-19 22:00:00.000 UTC,0.442595,0.440078,0.442527,0.440482
2023-07-19 21:00:00.000 UTC,0.44332,0.438188,0.441287,0.44332
2023-07-19 20:00:00.000 UTC,0.444751,0.441663,0.444751,0.441663
2023-07-19 19:00:00.000 UTC,0.446918,0.444885,0.445847,0.445767
2023-07-19 18:00:00.000 UTC,0.445614,0.441819,0.443706,0.445614
2023-07-19 17:00:00.000 UTC,0.444936,0.439203,0.439275,0.444936
2023-07-19 16:00:00.000 UTC,0.442073,0.439262,0.441808,0.439592
2023-07-19 15:00:00.000 UTC,0.441412,0.438149,0.438321,0.441412
2023-07-19 14:00:00.000 UTC,0.443233,0.43773,0.443115,0.438771
2023-07-19 13:00:00.000 UTC,0.444227,0.440294,0.441967,0.443927
2023-07-19 12:00:00.000 UTC,0.442831,0.440511,0.442831,0.441852
2023-07-19 11:00:00.000 UTC,0.442581,0.441033,0.441643,0.442581
2023-07-19 10:00:00.000 UTC,0.443149,0.441632,0.442557,0.441632
2023-07-19 09:00:00.000 UTC,0.442776,0.438634,0.439015,0.442381
2023-07-19 08:00:00.000 UTC,0.443553,0.439493,0.443553,0.439493
2023-07-19 07:00:00.000 UTC,0.44529,0.443204,0.444798,0.443204
2023-07-19 06:00:00.000 UTC,0.44731,0.444393,0.44731,0.444722
2023-07-19 05:00:00.000 UTC,0.448022,0.446236,0.446236,0.447175
2023-07-19 04:00:00.000 UTC,0.448148,0.446399,0.447941,0.446399
2023-07-19 03:00:00.000 UTC,0.449954,0.446741,0.448148,0.447388
2023-07-19 02:00:00.000 UTC,0.448244,0.44556,0.446581,0.448244
2023-07-19 01:00:00.000 UTC,0.446867,0.445727,0.446479,0.446764
2023-07-19 00:00:00.000 UTC,0.446095,0.440371,0.441756,0.446095
2023-07-18 23:00:00.000 UTC,0.442693,0.44075,0.441607,0.44236
2023-07-18 22:00:00.000 UTC,0.442218,0.439804,0.440526,0.44212
2023-07-18 21:00:00.000 UTC,0.440192,0.436838,0.437714,0.440012
2023-07-18 20:00:00.000 UTC,0.439438,0.437971,0.437971,0.43809
2023-07-18 19:00:00.000 UTC,0.442629,0.438825,0.442074,0.438825
2023-07-18 18:00:00.000 UTC,0.442631,0.438534,0.438534,0.441828
2023-07-18 17:00:00.000 UTC,0.438567,0.436664,0.437227,0.438314
2023-07-18 16:00:00.000 UTC,0.443109,0.435887,0.441848,0.437281
2023-07-18 15:00:00.000 UTC,0.442222,0.439785,0.442222,0.440948
2023-07-18 14:00:00.000 UTC,0.4431,0.440232,0.44025,0.442345
2023-07-18 13:00:00.000 UTC,0.441228,0.440116,0.440971,0.440412
2023-07-18 12:00:00.000 UTC,0.441755,0.439803,0.441026,0.440434
2023-07-18 11:00:00.000 UTC,0.446841,0.442342,0.446688,0.442342
2023-07-18 10:00:00.000 UTC,0.446621,0.443883,0.444428,0.446621
2023-07-18 09:00:00.000 UTC,0.44719,0.445141,0.44631,0.445141
2023-07-18 08:00:00.000 UTC,0.447692,0.442143,0.445351,0.446657
2023-07-18 07:00:00.000 UTC,0.44629,0.443846,0.443846,0.44629
2023-07-18 06:00:00.000 UTC,0.449051,0.442878,0.44791,0.443451
2023-07-18 05:00:00.000 UTC,0.45111,0.448203,0.450836,0.448203
2023-07-18 04:00:00.000 UTC,0.452665,0.449624,0.452626,0.450376
2023-07-18 03:00:00.000 UTC,0.453173,0.451533,0.452399,0.453173
2023-07-18 02:00:00.000 UTC,0.456463,0.452277,0.456463,0.452277
2023-07-18 01:00:00.000 UTC,0.457211,0.454145,0.456764,0.457211
2023-07-18 00:00:00.000 UTC,0.456276,0.451673,0.451822,0.454984
2023-07-17 23:00:00.000 UTC,0.453628,0.45043,0.450859,0.452723
2023-07-17 22:00:00.000 UTC,0.452789,0.450237,0.450784,0.451364
2023-07-17 21:00:00.000 UTC,0.450472,0.442888,0.442888,0.450472
2023-07-17 20:00:00.000 UTC,0.44691,0.443164,0.445938,0.443164
2023-07-17 19:00:00.000 UTC,0.446408,0.441242,0.441634,0.4456
2023-07-17 18:00:00.000 UTC,0.442704,0.438827,0.441467,0.440922
2023-07-17 17:00:00.000 UTC,0.444595,0.439299,0.443228,0.441645
2023-07-17 16:00:00.000 UTC,0.450274,0.442852,0.447966,0.442852
2023-07-17 15:00:00.000 UTC,0.452503,0.447334,0.452503,0.447505
2023-07-17 14:00:00.000 UTC,0.453835,0.45038,0.452574,0.450827
2023-07-17 13:00:00.000 UTC,0.451761,0.446141,0.446897,0.451761
2023-07-17 12:00:00.000 UTC,0.446146,0.440974,0.443878,0.44579
2023-07-17 11:00:00.000 UTC,0.447063,0.444255,0.444255,0.4443
2023-07-17 10:00:00.000 UTC,0.447004,0.440021,0.444913,0.444344
2023-07-17 09:00:00.000 UTC,0.451786,0.445856,0.451786,0.445856
2023-07-17 08:00:00.000 UTC,0.454543,0.450728,0.452392,0.452413
2023-07-17 07:00:00.000 UTC,0.454697,0.451976,0.452712,0.452461
2023-07-17 06:00:00.000 UTC,0.453051,0.450731,0.450731,0.451336
2023-07-17 05:00:00.000 UTC,0.454026,0.450883,0.45126,0.451323
2023-07-17 04:00:00.000 UTC,0.45078,0.448921,0.449752,0.45078
2023-07-17 03:00:00.000 UTC,0.450089,0.44737,0.44737,0.449585
2023-07-17 02:00:00.000 UTC,0.44953,0.447182,0.447241,0.448392
2023-07-17 01:00:00.000 UTC,0.447908,0.443248,0.443401,0.447811
2023-07-17 00:00:00.000 UTC,0.448618,0.439987,0.442214,0.443814
2023-07-16 23:00:00.000 UTC,0.446116,0.44032,0.445241,0.442033
2023-07-16 22:00:00.000 UTC,0.448293,0.445533,0.447158,0.445533
2023-07-16 21:00:00.000 UTC,0.44754,0.444869,0.444869,0.447062
2023-07-16 20:00:00.000 UTC,0.44647,0.443854,0.445677,0.444982
2023-07-16 19:00:00.000 UTC,0.450133,0.445835,0.449564,0.445835
2023-07-16 18:00:00.000 UTC,0.45455,0.449784,0.454009,0.449784
2023-07-16 17:00:00.000 UTC,0.455065,0.452465,0.453995,0.454422
2023-07-16 16:00:00.000 UTC,0.454451,0.451897,0.454451,0.453318
2023-07-16 15:00:00.000 UTC,0.456016,0.453918,0.456016,0.45482
2023-07-16 14:00:00.000 UTC,0.456779,0.451188,0.451188,0.454371
2023-07-16 13:00:00.000 UTC,0.452307,0.450243,0.451912,0.451135
2023-07-16 12:00:00.000 UTC,0.454589,0.452263,0.453567,0.452536
2023-07-16 11:00:00.000 UTC,0.452941,0.450788,0.451724,0.452941
2023-07-16 10:00:00.000 UTC,0.455077,0.45086,0.453655,0.452259
2023-07-16 09:00:00.000 UTC,0.453911,0.450853,0.450853,0.452819
2023-07-16 08:00:00.000 UTC,0.452423,0.450474,0.451338,0.450644
2023-07-16 07:00:00.000 UTC,0.452756,0.450603,0.450603,0.452093
2023-07-16 06:00:00.000 UTC,0.451702,0.449467,0.449467,0.451004
2023-07-16 05:00:00.000 UTC,0.450692,0.4483,0.4483,0.449095
2023-07-16 04:00:00.000 UTC,0.448192,0.446532,0.447039,0.448047
2023-07-16 03:00:00.000 UTC,0.450954,0.447083,0.450954,0.447083
2023-07-16 02:00:00.000 UTC,0.456166,0.448892,0.456166,0.450628
2023-07-16 01:00:00.000 UTC,0.459496,0.456052,0.456052,0.456375
2023-07-16 00:00:00.000 UTC,0.456853,0.453952,0.45397,0.455782
2023-07-15 23:00:00.000 UTC,0.453664,0.452189,0.45289,0.453311
2023-07-15 22:00:00.000 UTC,0.452698,0.45104,0.452425,0.452541
2023-07-15 21:00:00.000 UTC,0.45567,0.45178,0.45567,0.452985
2023-07-15 20:00:00.000 UTC,0.455705,0.453455,0.455705,0.455646
2023-07-15 19:00:00.000 UTC,0.45968,0.455263,0.455263,0.455722
2023-07-15 18:00:00.000 UTC,0.456529,0.452027,0.452159,0.45495
2023-07-15 17:00:00.000 UTC,0.454244,0.451323,0.451965,0.451323
2023-07-15 16:00:00.000 UTC,0.453334,0.451639,0.453334,0.452118
2023-07-15 15:00:00.000 UTC,0.456124,0.453001,0.454013,0.454161
2023-07-15 14:00:00.000 UTC,0.456776,0.453924,0.456776,0.454478
2023-07-15 13:00:00.000 UTC,0.457411,0.454422,0.457411,0.456219
2023-07-15 12:00:00.000 UTC,0.457558,0.456095,0.457293,0.457472
2023-07-15 11:00:00.000 UTC,0.45905,0.456058,0.458761,0.456631
2023-07-15 10:00:00.000 UTC,0.461872,0.459218,0.459243,0.45935
2023-07-15 09:00:00.000 UTC,0.459214,0.457572,0.457739,0.459214
2023-07-15 08:00:00.000 UTC,0.460696,0.455777,0.459905,0.459091
2023-07-15 07:00:00.000 UTC,0.459481,0.449211,0.449211,0.459481
2023-07-15 06:00:00.000 UTC,0.449533,0.446591,0.446735,0.449533
2023-07-15 05:00:00.000 UTC,0.446875,0.444956,0.446261,0.446665
2023-07-15 04:00:00.000 UTC,0.44779,0.445503,0.445503,0.447056
2023-07-15 03:00:00.000 UTC,0.447839,0.444394,0.447342,0.446312
2023-07-15 02:00:00.000 UTC,0.448404,0.445737,0.446597,0.448404
2023-07-15 01:00:00.000 UTC,0.448686,0.445845,0.448686,0.446672
2023-07-15 00:00:00.000 UTC,0.451312,0.447695,0.451312,0.447695
2023-07-14 23:00:00.000 UTC,0.450967,0.44527,0.44527,0.450692
2023-07-14 22:00:00.000 UTC,0.446313,0.44454,0.44454,0.44563
2023-07-14 21:00:00.000 UTC,0.443814,0.440013,0.440013,0.443814
2023-07-14 20:00:00.000 UTC,0.442739,0.436489,0.437983,0.439967
2023-07-14 19:00:00.000 UTC,0.440446,0.435026,0.438085,0.437245
2023-07-14 18:00:00.000 UTC,0.457573,0.437585,0.454954,0.439006
2023-07-14 17:00:00.000 UTC,0.466839,0.457916,0.466839,0.457916
2023-07-14 16:00:00.000 UTC,0.473761,0.465084,0.470678,0.468224
2023-07-14 15:00:00.000 UTC,0.472529,0.46907,0.46907,0.470131
2023-07-14 14:00:00.000 UTC,0.470858,0.467279,0.470858,0.467997
2023-07-14 13:00:00.000 UTC,0.470139,0.465245,0.465446,0.470139
2023-07-14 12:00:00.000 UTC,0.468044,0.464082,0.466935,0.464082
2023-07-14 11:00:00.000 UTC,0.468958,0.466965,0.467125,0.467434
2023-07-14 10:00:00.000 UTC,0.468107,0.464957,0.468107,0.465498
2023-07-14 09:00:00.000 UTC,0.472326,0.466124,0.472326,0.468048
2023-07-14 08:00:00.000 UTC,0.475551,0.470768,0.470768,0.471587
2023-07-14 07:00:00.000 UTC,0.479564,0.470421,0.47695,0.470421
2023-07-14 06:00:00.000 UTC,0.479255,0.477726,0.477916,0.477726
2023-07-14 05:00:00.000 UTC,0.478516,0.474591,0.477675,0.477722
2023-07-14 04:00:00.000 UTC,0.478241,0.474976,0.475809,0.476323
2023-07-14 03:00:00.000 UTC,0.481769,0.474807,0.478232,0.475212
2023-07-14 02:00:00.000 UTC,0.479859,0.475586,0.477673,0.479625
2023-07-14 01:00:00.000 UTC,0.484809,0.473296,0.484809,0.478192
2023-07-14 00:00:00.000 UTC,0.483391,0.476615,0.480842,0.48274
2023-07-13 23:00:00.000 UTC,0.479281,0.47087,0.47087,0.479281
2023-07-13 22:00:00.000 UTC,0.47141,0.464083,0.464083,0.47141
2023-07-13 21:00:00.000 UTC,0.465335,0.459507,0.465335,0.464782
2023-07-13 20:00:00.000 UTC,0.470028,0.466341,0.469957,0.466341
2023-07-13 19:00:00.000 UTC,0.470908,0.464855,0.464933,0.467697
2023-07-13 18:00:00.000 UTC,0.477141,0.463521,0.467658,0.465724
2023-07-13 17:00:00.000 UTC,0.468861,0.456368,0.456368,0.465709
2023-07-13 16:00:00.000 UTC,0.455578,0.443781,0.443781,0.452732
2023-07-13 15:00:00.000 UTC,0.443414,0.423355,0.424617,0.443272
2023-07-13 14:00:00.000 UTC,0.426411,0.424186,0.426411,0.424757
2023-07-13 13:00:00.000 UTC,0.426469,0.42459,0.424824,0.426305
2023-07-13 12:00:00.000 UTC,0.426845,0.424632,0.426416,0.425419
2023-07-13 11:00:00.000 UTC,0.426488,0.425376,0.426042,0.426105
2023-07-13 10:00:00.000 UTC,0.426997,0.425905,0.425963,0.42619
2023-07-13 09:00:00.000 UTC,0.425922,0.422033,0.422033,0.425922
2023-07-13 08:00:00.000 UTC,0.422377,0.421116,0.421145,0.422003
2023-07-13 07:00:00.000 UTC,0.423743,0.421592,0.422725,0.421592
2023-07-13 06:00:00.000 UTC,0.422848,0.421225,0.421225,0.422294
2023-07-13 05:00:00.000 UTC,0.421346,0.419166,0.419615,0.420799
2023-07-13 04:00:00.000 UTC,0.420147,0.418001,0.418781,0.419846
2023-07-13 03:00:00.000 UTC,0.419786,0.417702,0.419481,0.41875
2023-07-13 02:00:00.000 UTC,0.420913,0.419321,0.420605,0.419321
2023-07-13 01:00:00.000 UTC,0.421818,0.418973,0.421719,0.420397
2023-07-13 00:00:00.000 UTC,0.424838,0.421214,0.423709,0.421214
2023-07-12 23:00:00.000 UTC,0.424452,0.422522,0.422906,0.423802
2023-07-12 22:00:00.000 UTC,0.423401,0.422195,0.42327,0.422505
2023-07-12 21:00:00.000 UTC,0.423355,0.421066,0.423355,0.42275
2023-07-12 20:00:00.000 UTC,0.423898,0.421013,0.421013,0.423449
2023-07-12 19:00:00.000 UTC,0.427502,0.420735,0.427502,0.42158
2023-07-12 18:00:00.000 UTC,0.427661,0.424827,0.424827,0.427398
2023-07-12 17:00:00.000 UTC,0.426518,0.42404,0.425846,0.424793
2023-07-12 16:00:00.000 UTC,0.426061,0.422955,0.426061,0.425215
2023-07-12 15:00:00.000 UTC,0.430676,0.425948,0.430462,0.425948
2023-07-12 14:00:00.000 UTC,0.431354,0.427487,0.427487,0.431354
2023-07-12 13:00:00.000 UTC,0.430846,0.426023,0.428753,0.427035
2023-07-12 12:00:00.000 UTC,0.430563,0.42684,0.429092,0.428303
2023-07-12 11:00:00.000 UTC,0.429077,0.425552,0.425552,0.429077
2023-07-12 10:00:00.000 UTC,0.42717,0.425282,0.426617,0.42717
2023-07-12 09:00:00.000 UTC,0.427281,0.425835,0.42713,0.426671
2023-07-12 08:00:00.000 UTC,0.428041,0.425946,0.428041,0.426825
2023-07-12 07:00:00.000 UTC,0.429403,0.426532,0.426532,0.428947
2023-07-12 06:00:00.000 UTC,0.427257,0.424523,0.426498,0.426347
2023-07-12 05:00:00.000 UTC,0.426659,0.425279,0.425784,0.426198
2023-07-12 04:00:00.000 UTC,0.425057,0.423244,0.423921,0.425057
2023-07-12 03:00:00.000 UTC,0.424693,0.423266,0.424307,0.424288
2023-07-12 02:00:00.000 UTC,0.425922,0.424054,0.425922,0.424287
2023-07-12 01:00:00.000 UTC,0.426887,0.424757,0.424911,0.426287
2023-07-12 00:00:00.000 UTC,0.426491,0.423439,0.424561,0.425154
2023-07-11 23:00:00.000 UTC,0.425301,0.422805,0.422805,0.424504
2023-07-11 22:00:00.000 UTC,0.422089,0.420773,0.421187,0.422089
2023-07-11 21:00:00.000 UTC,0.420838,0.417033,0.417622,0.420838
2023-07-11 20:00:00.000 UTC,0.417546,0.415766,0.415766,0.417546
2023-07-11 19:00:00.000 UTC,0.416066,0.413826,0.414723,0.415791
2023-07-11 18:00:00.000 UTC,0.417354,0.414287,0.417195,0.414635
2023-07-11 17:00:00.000 UTC,0.418742,0.41688,0.41862,0.41688
2023-07-11 16:00:00.000 UTC,0.418928,0.416547,0.418115,0.418928
2023-07-11 15:00:00.000 UTC,0.419877,0.417368,0.418788,0.418
2023-07-11 14:00:00.000 UTC,0.419807,0.417004,0.418489,0.419447
2023-07-11 13:00:00.000 UTC,0.42034,0.41834,0.419656,0.418416
2023-07-11 12:00:00.000 UTC,0.419606,0.417202,0.419368,0.419606
2023-07-11 11:00:00.000 UTC,0.41984,0.418453,0.418453,0.41984
2023-07-11 10:00:00.000 UTC,0.419789,0.417386,0.419423,0.418398
2023-07-11 09:00:00.000 UTC,0.421593,0.417831,0.42149,0.419468
2023-07-11 08:00:00.000 UTC,0.423305,0.421651,0.423305,0.421669
2023-07-11 07:00:00.000 UTC,0.424783,0.422955,0.424317,0.42334
2023-07-11 06:00:00.000 UTC,0.426127,0.422618,0.422618,0.423578
2023-07-11 05:00:00.000 UTC,0.421306,0.41901,0.41901,0.42111
2023-07-11 04:00:00.000 UTC,0.419567,0.417467,0.417467,0.418863
2023-07-11 03:00:00.000 UTC,0.417291,0.416415,0.417024,0.417097
2023-07-11 02:00:00.000 UTC,0.419643,0.417693,0.417693,0.417745
2023-07-11 01:00:00.000 UTC,0.417806,0.415603,0.415603,0.417052
2023-07-11 00:00:00.000 UTC,0.419912,0.414516,0.417735,0.414516
2023-07-10 23:00:00.000 UTC,0.418063,0.415882,0.415882,0.417371
2023-07-10 22:00:00.000 UTC,0.419719,0.415461,0.419719,0.416061
2023-07-10 21:00:00.000 UTC,0.423013,0.421814,0.422237,0.421814
2023-07-10 20:00:00.000 UTC,0.424917,0.421393,0.422382,0.421393
2023-07-10 19:00:00.000 UTC,0.421999,0.418693,0.418693,0.421999
2023-07-10 18:00:00.000 UTC,0.4187,0.411866,0.411866,0.4187
2023-07-10 17:00:00.000 UTC,0.414256,0.411595,0.412129,0.412095
2023-07-10 16:00:00.000 UTC,0.412209,0.409631,0.412209,0.411958
2023-07-10 15:00:00.000 UTC,0.412419,0.410151,0.410151,0.412419
2023-07-10 14:00:00.000 UTC,0.410024,0.407107,0.407107,0.410024
2023-07-10 13:00:00.000 UTC,0.407858,0.405496,0.405501,0.407354
2023-07-10 12:00:00.000 UTC,0.407644,0.405432,0.40696,0.405432
2023-07-10 11:00:00.000 UTC,0.407009,0.406279,0.406589,0.406807
2023-07-10 10:00:00.000 UTC,0.407746,0.405286,0.405298,0.406871
2023-07-10 09:00:00.000 UTC,0.405417,0.401558,0.4025,0.405266
2023-07-10 08:00:00.000 UTC,0.403398,0.401073,0.403398,0.40217
2023-07-10 07:00:00.000 UTC,0.404871,0.402673,0.402673,0.403527
2023-07-10 06:00:00.000 UTC,0.403861,0.402258,0.402258,0.402561
2023-07-10 05:00:00.000 UTC,0.405924,0.402979,0.405505,0.402979
2023-07-10 04:00:00.000 UTC,0.407261,0.404092,0.405753,0.406111
2023-07-10 03:00:00.000 UTC,0.408343,0.405926,0.40701,0.405926
2023-07-10 02:00:00.000 UTC,0.406981,0.402909,0.402946,0.406981
2023-07-10 01:00:00.000 UTC,0.406297,0.403775,0.406297,0.403775
2023-07-10 00:00:00.000 UTC,0.412928,0.402818,0.412928,0.40671
2023-07-09 23:00:00.000 UTC,0.414583,0.411979,0.414583,0.412473
2023-07-09 22:00:00.000 UTC,0.414663,0.411631,0.413586,0.414663
2023-07-09 21:00:00.000 UTC,0.415486,0.41398,0.415341,0.414081
2023-07-09 20:00:00.000 UTC,0.41665,0.414753,0.416461,0.415336
2023-07-09 19:00:00.000 UTC,0.416871,0.415807,0.416871,0.416626
2023-07-09 18:00:00.000 UTC,0.417946,0.416789,0.417798,0.417234
2023-07-09 17:00:00.000 UTC,0.417471,0.416176,0.416792,0.417471
2023-07-09 16:00:00.000 UTC,0.41805,0.417001,0.417804,0.417001
2023-07-09 15:00:00.000 UTC,0.418736,0.417444,0.417547,0.417876
2023-07-09 14:00:00.000 UTC,0.418096,0.41535,0.417371,0.417962
2023-07-09 13:00:00.000 UTC,0.419051,0.417953,0.419051,0.417953
2023-07-09 12:00:00.000 UTC,0.419367,0.417434,0.417802,0.419139
2023-07-09 11:00:00.000 UTC,0.418306,0.416686,0.417456,0.418045
2023-07-09 10:00:00.000 UTC,0.418154,0.416981,0.417044,0.417605
2023-07-09 09:00:00.000 UTC,0.417364,0.415895,0.417277,0.416774
2023-07-09 08:00:00.000 UTC,0.417256,0.415947,0.415947,0.417256
2023-07-09 07:00:00.000 UTC,0.416998,0.415192,0.416314,0.415755
2023-07-09 06:00:00.000 UTC,0.417223,0.416096,0.416938,0.416396
2023-07-09 05:00:00.000 UTC,0.417618,0.416938,0.417228,0.416938
2023-07-09 04:00:00.000 UTC,0.417762,0.416494,0.41704,0.417499
2023-07-09 03:00:00.000 UTC,0.41752,0.416545,0.417227,0.417206
2023-07-09 02:00:00.000 UTC,0.418003,0.416208,0.417684,0.417285
2023-07-09 01:00:00.000 UTC,0.419644,0.417542,0.417884,0.418048
2023-07-09 00:00:00.000 UTC,0.417803,0.414791,0.416084,0.417803
2023-07-08 23:00:00.000 UTC,0.416371,0.415269,0.416301,0.415774
2023-07-08 22:00:00.000 UTC,0.416185,0.413496,0.413496,0.416185
2023-07-08 21:00:00.000 UTC,0.413713,0.412207,0.41265,0.413277
2023-07-08 20:00:00.000 UTC,0.413279,0.409749,0.413279,0.412122
2023-07-08 19:00:00.000 UTC,0.41585,0.41214,0.41585,0.413842
2023-07-08 18:00:00.000 UTC,0.416596,0.415561,0.416416,0.415561
2023-07-08 17:00:00.000 UTC,0.416766,0.415672,0.416766,0.416648
2023-07-08 16:00:00.000 UTC,0.41752,0.415837,0.416068,0.417136
2023-07-08 15:00:00.000 UTC,0.417264,0.415742,0.417264,0.416067
2023-07-08 14:00:00.000 UTC,0.418165,0.416869,0.416869,0.417328
2023-07-08 13:00:00.000 UTC,0.417672,0.415478,0.415478,0.41736
2023-07-08 12:00:00.000 UTC,0.4172,0.415927,0.416508,0.41613
2023-07-08 11:00:00.000 UTC,0.418494,0.415322,0.418104,0.416436
2023-07-08 10:00:00.000 UTC,0.418924,0.417686,0.418884,0.418307
2023-07-08 09:00:00.000 UTC,0.419786,0.417858,0.419609,0.418762
2023-07-08 08:00:00.000 UTC,0.419667,0.417049,0.417616,0.419667
2023-07-08 07:00:00.000 UTC,0.417853,0.416197,0.416197,0.417315
2023-07-08 06:00:00.000 UTC,0.417111,0.415149,0.416641,0.416063
2023-07-08 05:00:00.000 UTC,0.417924,0.415771,0.417924,0.416403
2023-07-08 04:00:00.000 UTC,0.418355,0.417263,0.418307,0.418033
2023-07-08 03:00:00.000 UTC,0.42158,0.4185,0.42158,0.4185
2023-07-08 02:00:00.000 UTC,0.421609,0.42035,0.421066,0.421609
2023-07-08 01:00:00.000 UTC,0.422087,0.419733,0.419733,0.420973
2023-07-08 00:00:00.000 UTC,0.419987,0.41832,0.419588,0.419506
2023-07-07 23:00:00.000 UTC,0.419657,0.419081,0.419243,0.419444
2023-07-07 22:00:00.000 UTC,0.419176,0.417724,0.417957,0.419176
2023-07-07 21:00:00.000 UTC,0.418735,0.417493,0.417493,0.418438
2023-07-07 20:00:00.000 UTC,0.417748,0.416749,0.416978,0.417188
2023-07-07 19:00:00.000 UTC,0.417,0.414678,0.414678,0.416824
2023-07-07 18:00:00.000 UTC,0.418285,0.415284,0.417623,0.415284
2023-07-07 17:00:00.000 UTC,0.419188,0.417375,0.419188,0.417375
2023-07-07 16:00:00.000 UTC,0.421137,0.418776,0.420395,0.418776
2023-07-07 15:00:00.000 UTC,0.420425,0.418826,0.420067,0.41982
2023-07-07 14:00:00.000 UTC,0.420739,0.41904,0.420199,0.420048
2023-07-07 13:00:00.000 UTC,0.420121,0.416319,0.417349,0.420121
2023-07-07 12:00:00.000 UTC,0.41912,0.414481,0.415575,0.418223
2023-07-07 11:00:00.000 UTC,0.417061,0.415609,0.415959,0.415624
2023-07-07 10:00:00.000 UTC,0.416253,0.414194,0.415877,0.415977
2023-07-07 09:00:00.000 UTC,0.416552,0.412691,0.412691,0.416016
2023-07-07 08:00:00.000 UTC,0.414595,0.412961,0.412961,0.413296
2023-07-07 07:00:00.000 UTC,0.416297,0.412884,0.416138,0.413522
2023-07-07 06:00:00.000 UTC,0.416919,0.415784,0.416124,0.416335
2023-07-07 05:00:00.000 UTC,0.41726,0.412586,0.413488,0.416555
2023-07-07 04:00:00.000 UTC,0.417653,0.413778,0.416771,0.413778
2023-07-07 03:00:00.000 UTC,0.417222,0.416104,0.417195,0.4164
2023-07-07 02:00:00.000 UTC,0.417838,0.416083,0.416456,0.417235
2023-07-07 01:00:00.000 UTC,0.416478,0.412082,0.412241,0.416478
2023-07-07 00:00:00.000 UTC,0.414105,0.409673,0.411855,0.412892
2023-07-06 23:00:00.000 UTC,0.418341,0.413147,0.418341,0.413147
2023-07-06 22:00:00.000 UTC,0.420232,0.417631,0.418567,0.417631
2023-07-06 21:00:00.000 UTC,0.419514,0.416882,0.419514,0.418115
2023-07-06 20:00:00.000 UTC,0.42082,0.418122,0.418122,0.419267
2023-07-06 19:00:00.000 UTC,0.423469,0.417529,0.423469,0.417529
2023-07-06 18:00:00.000 UTC,0.424745,0.420438,0.421541,0.42079
2023-07-06 17:00:00.000 UTC,0.420644,0.419025,0.419133,0.420644
2023-07-06 16:00:00.000 UTC,0.421753,0.416848,0.421649,0.418303
2023-07-06 15:00:00.000 UTC,0.4218,0.414207,0.414438,0.4218
2023-07-06 14:00:00.000 UTC,0.424522,0.412306,0.423809,0.414643
2023-07-06 13:00:00.000 UTC,0.428879,0.42495,0.427357,0.42495
2023-07-06 12:00:00.000 UTC,0.431644,0.425371,0.431644,0.428014
2023-07-06 11:00:00.000 UTC,0.439195,0.432757,0.439195,0.432757
2023-07-06 10:00:00.000 UTC,0.438446,0.436522,0.43748,0.438446
2023-07-06 09:00:00.000 UTC,0.441714,0.436513,0.440889,0.437054
2023-07-06 08:00:00.000 UTC,0.438742,0.434128,0.434128,0.43848
2023-07-06 07:00:00.000 UTC,0.436104,0.432278,0.432604,0.433991
2023-07-06 06:00:00.000 UTC,0.432101,0.429197,0.42997,0.432101
2023-07-06 05:00:00.000 UTC,0.42953,0.424426,0.424962,0.42953
2023-07-06 04:00:00.000 UTC,0.428101,0.42549,0.427636,0.42549
2023-07-06 03:00:00.000 UTC,0.427884,0.426427,0.426566,0.427559
2023-07-06 02:00:00.000 UTC,0.428078,0.425491,0.425491,0.426594
2023-07-06 01:00:00.000 UTC,0.42475,0.421671,0.42386,0.42475
2023-07-06 00:00:00.000 UTC,0.427407,0.423866,0.426559,0.423866
2023-07-05 23:00:00.000 UTC,0.428166,0.425431,0.425684,0.426919
2023-07-05 22:00:00.000 UTC,0.427659,0.425471,0.425471,0.426191
2023-07-05 21:00:00.000 UTC,0.426161,0.424604,0.425141,0.424962
2023-07-05 20:00:00.000 UTC,0.425396,0.421869,0.421869,0.425396
2023-07-05 19:00:00.000 UTC,0.424636,0.421927,0.423465,0.421927
2023-07-05 18:00:00.000 UTC,0.425897,0.423379,0.424771,0.423379
2023-07-05 17:00:00.000 UTC,0.426178,0.423776,0.423776,0.424473
2023-07-05 16:00:00.000 UTC,0.423833,0.42093,0.421242,0.423211
2023-07-05 15:00:00.000 UTC,0.425816,0.419109,0.425816,0.420658
2023-07-05 14:00:00.000 UTC,0.427318,0.425042,0.425655,0.426425
2023-07-05 13:00:00.000 UTC,0.428754,0.42375,0.424664,0.425859
2023-07-05 12:00:00.000 UTC,0.428673,0.425004,0.427773,0.425004
2023-07-05 11:00:00.000 UTC,0.430803,0.427416,0.428791,0.427416
2023-07-05 10:00:00.000 UTC,0.440876,0.428725,0.440463,0.430825
2023-07-05 09:00:00.000 UTC,0.444313,0.440901,0.443882,0.440901
2023-07-05 08:00:00.000 UTC,0.445544,0.441054,0.445544,0.444115
2023-07-05 07:00:00.000 UTC,0.446847,0.444242,0.444242,0.445695
2023-07-05 06:00:00.000 UTC,0.445374,0.443348,0.445182,0.444918
2023-07-05 05:00:00.000 UTC,0.444957,0.443764,0.443882,0.444605
2023-07-05 04:00:00.000 UTC,0.444594,0.443204,0.444228,0.44376
2023-07-05 03:00:00.000 UTC,0.444198,0.443048,0.443283,0.444198
2023-07-05 02:00:00.000 UTC,0.443561,0.44018,0.440231,0.443561
2023-07-05 01:00:00.000 UTC,0.44188,0.438043,0.438043,0.440919
2023-07-05 00:00:00.000 UTC,0.441616,0.439255,0.439495,0.439431
2023-07-04 23:00:00.000 UTC,0.442341,0.439461,0.441897,0.439461
2023-07-04 22:00:00.000 UTC,0.441499,0.440086,0.441058,0.441499
2023-07-04 21:00:00.000 UTC,0.441092,0.439606,0.440758,0.441092
2023-07-04 20:00:00.000 UTC,0.441187,0.43895,0.439659,0.440629
2023-07-04 19:00:00.000 UTC,0.442368,0.438129,0.442368,0.44062
2023-07-04 18:00:00.000 UTC,0.443489,0.442312,0.443217,0.442523
2023-07-04 17:00:00.000 UTC,0.445734,0.442663,0.444458,0.443081
2023-07-04 16:00:00.000 UTC,0.44757,0.444616,0.445114,0.44482
2023-07-04 15:00:00.000 UTC,0.44735,0.443595,0.446093,0.444345
2023-07-04 14:00:00.000 UTC,0.447231,0.445418,0.445418,0.445715
2023-07-04 13:00:00.000 UTC,0.447967,0.444717,0.447967,0.444717
2023-07-04 12:00:00.000 UTC,0.449652,0.44715,0.449468,0.44813
2023-07-04 11:00:00.000 UTC,0.449433,0.447332,0.447929,0.449433
2023-07-04 10:00:00.000 UTC,0.448038,0.446074,0.446606,0.447658
2023-07-04 09:00:00.000 UTC,0.447005,0.444207,0.444945,0.446195
2023-07-04 08:00:00.000 UTC,0.448489,0.445695,0.447793,0.445695
2023-07-04 07:00:00.000 UTC,0.451378,0.448407,0.450214,0.448407
2023-07-04 06:00:00.000 UTC,0.453324,0.449856,0.45109,0.450031
2023-07-04 05:00:00.000 UTC,0.451943,0.449457,0.450429,0.451943
2023-07-04 04:00:00.000 UTC,0.455817,0.449895,0.455721,0.449895
2023-07-04 03:00:00.000 UTC,0.456654,0.453319,0.453805,0.455277
2023-07-04 02:00:00.000 UTC,0.456288,0.451845,0.451845,0.452874
2023-07-04 01:00:00.000 UTC,0.457967,0.450383,0.457077,0.451147
2023-07-04 00:00:00.000 UTC,0.463413,0.449373,0.450354,0.457563
2023-07-03 23:00:00.000 UTC,0.449605,0.446178,0.446178,0.44939
2023-07-03 22:00:00.000 UTC,0.44765,0.445853,0.446158,0.445954
2023-07-03 21:00:00.000 UTC,0.448574,0.443845,0.446854,0.445764
2023-07-03 20:00:00.000 UTC,0.449948,0.445573,0.449515,0.445921
2023-07-03 19:00:00.000 UTC,0.45132,0.448332,0.449543,0.450158
2023-07-03 18:00:00.000 UTC,0.448568,0.445529,0.447963,0.448568
2023-07-03 17:00:00.000 UTC,0.451299,0.444545,0.445536,0.448285
2023-07-03 16:00:00.000 UTC,0.448941,0.443507,0.448715,0.444848
2023-07-03 15:00:00.000 UTC,0.448297,0.445684,0.445684,0.448215
2023-07-03 14:00:00.000 UTC,0.447083,0.445074,0.445157,0.446187
2023-07-03 13:00:00.000 UTC,0.446437,0.443899,0.446433,0.444989
2023-07-03 12:00:00.000 UTC,0.448359,0.443065,0.448359,0.445086
2023-07-03 11:00:00.000 UTC,0.449507,0.447813,0.449038,0.448525
2023-07-03 10:00:00.000 UTC,0.449228,0.445637,0.445866,0.449143
2023-07-03 09:00:00.000 UTC,0.447646,0.446106,0.446363,0.446557
2023-07-03 08:00:00.000 UTC,0.448774,0.445715,0.447174,0.446255
2023-07-03 07:00:00.000 UTC,0.44843,0.444613,0.444613,0.447458
2023-07-03 06:00:00.000 UTC,0.446473,0.443525,0.446473,0.444518
2023-07-03 05:00:00.000 UTC,0.448305,0.44537,0.445736,0.446899
2023-07-03 04:00:00.000 UTC,0.449762,0.445674,0.448723,0.445884
2023-07-03 03:00:00.000 UTC,0.450259,0.448309,0.449679,0.449215
2023-07-03 02:00:00.000 UTC,0.451497,0.447699,0.447699,0.449434
2023-07-03 01:00:00.000 UTC,0.448266,0.4438,0.4438,0.447468
2023-07-03 00:00:00.000 UTC,0.448708,0.44416,0.448708,0.444537
2023-07-02 23:00:00.000 UTC,0.449393,0.447712,0.448396,0.449293
2023-07-02 22:00:00.000 UTC,0.451622,0.443813,0.443813,0.448662
2023-07-02 21:00:00.000 UTC,0.44649,0.443366,0.44488,0.443366
2023-07-02 20:00:00.000 UTC,0.446257,0.443539,0.444905,0.44444
2023-07-02 19:00:00.000 UTC,0.446988,0.443411,0.443411,0.446264
2023-07-02 18:00:00.000 UTC,0.443247,0.441261,0.442689,0.442591
2023-07-02 17:00:00.000 UTC,0.447987,0.443446,0.445924,0.444002
2023-07-02 16:00:00.000 UTC,0.447567,0.443401,0.443401,0.447567
2023-07-02 15:00:00.000 UTC,0.447184,0.439933,0.445391,0.442825
2023-07-02 14:00:00.000 UTC,0.445813,0.442167,0.442532,0.445813
2023-07-02 13:00:00.000 UTC,0.446647,0.441815,0.446647,0.442184
2023-07-02 12:00:00.000 UTC,0.449874,0.445137,0.448684,0.445273
2023-07-02 11:00:00.000 UTC,0.446656,0.443609,0.443793,0.446656
2023-07-02 10:00:00.000 UTC,0.446119,0.442804,0.442804,0.443355
2023-07-02 09:00:00.000 UTC,0.444112,0.441739,0.441794,0.44294
2023-07-02 08:00:00.000 UTC,0.446206,0.441843,0.445762,0.441843
2023-07-02 07:00:00.000 UTC,0.447402,0.44447,0.446326,0.44622
2023-07-02 06:00:00.000 UTC,0.447858,0.444632,0.445634,0.446603
2023-07-02 05:00:00.000 UTC,0.445727,0.442781,0.444271,0.445615
2023-07-02 04:00:00.000 UTC,0.443896,0.441028,0.441028,0.443327
2023-07-02 03:00:00.000 UTC,0.447744,0.440918,0.447084,0.440918
2023-07-02 02:00:00.000 UTC,0.450853,0.445457,0.449518,0.448615
2023-07-02 01:00:00.000 UTC,0.456215,0.449842,0.450964,0.451115
2023-07-02 00:00:00.000 UTC,0.462125,0.450607,0.462125,0.454058
2023-07-01 23:00:00.000 UTC,0.458411,0.446383,0.446383,0.458411
2023-07-01 22:00:00.000 UTC,0.447703,0.444273,0.444422,0.445678
2023-07-01 21:00:00.000 UTC,0.444686,0.440642,0.442112,0.44376
2023-07-01 20:00:00.000 UTC,0.442279,0.437636,0.437636,0.442279
2023-07-01 19:00:00.000 UTC,0.440319,0.436575,0.438737,0.436575
2023-07-01 18:00:00.000 UTC,0.439351,0.438572,0.438945,0.43881
2023-07-01 17:00:00.000 UTC,0.44174,0.438464,0.44174,0.438464
2023-07-01 16:00:00.000 UTC,0.445446,0.439391,0.440388,0.440553
2023-07-01 15:00:00.000 UTC,0.440303,0.435211,0.439522,0.439932
2023-07-01 14:00:00.000 UTC,0.441818,0.437173,0.441818,0.439618
2023-07-01 13:00:00.000 UTC,0.450248,0.43644,0.438643,0.442548
2023-07-01 12:00:00.000 UTC,0.434479,0.42813,0.42813,0.434479
2023-07-01 11:00:00.000 UTC,0.428257,0.424966,0.424966,0.427422
2023-07-01 10:00:00.000 UTC,0.427016,0.423436,0.425567,0.424895
2023-07-01 09:00:00.000 UTC,0.427701,0.425727,0.426123,0.425727
2023-07-01 08:00:00.000 UTC,0.431152,0.425776,0.427246,0.426538
2023-07-01 07:00:00.000 UTC,0.427381,0.423373,0.423373,0.426283
2023-07-01 06:00:00.000 UTC,0.423883,0.420398,0.420398,0.423883
2023-07-01 05:00:00.000 UTC,0.420038,0.418729,0.419522,0.419863
2023-07-01 04:00:00.000 UTC,0.422484,0.417585,0.421991,0.420052
2023-07-01 03:00:00.000 UTC,0.423143,0.421779,0.423143,0.421779
2023-07-01 02:00:00.000 UTC,0.428615,0.423794,0.428615,0.423794
2023-07-01 01:00:00.000 UTC,0.429873,0.421219,0.423691,0.429204
2023-07-01 00:00:00.000 UTC,0.426592,0.419446,0.419446,0.424309
2023-06-30 23:00:00.000 UTC,0.421481,0.4185,0.420824,0.419417
2023-06-30 22:00:00.000 UTC,0.420529,0.418505,0.418505,0.420513
2023-06-30 21:00:00.000 UTC,0.417955,0.412143,0.413312,0.417955
2023-06-30 20:00:00.000 UTC,0.415602,0.41266,0.414083,0.413537
2023-06-30 19:00:00.000 UTC,0.413926,0.412038,0.413926,0.413316
2023-06-30 18:00:00.000 UTC,0.418054,0.41013,0.418054,0.413095
2023-06-30 17:00:00.000 UTC,0.419798,0.415018,0.415018,0.418447
2023-06-30 16:00:00.000 UTC,0.414583,0.402645,0.404017,0.414583
2023-06-30 15:00:00.000 UTC,0.406012,0.402743,0.403442,0.403293
2023-06-30 14:00:00.000 UTC,0.407845,0.401846,0.401846,0.404522
2023-06-30 13:00:00.000 UTC,0.427176,0.397695,0.427176,0.401875
2023-06-30 12:00:00.000 UTC,0.427656,0.424462,0.424627,0.427656
2023-06-30 11:00:00.000 UTC,0.424484,0.421282,0.423142,0.424397
2023-06-30 10:00:00.000 UTC,0.423014,0.419607,0.419889,0.423014
2023-06-30 09:00:00.000 UTC,0.423235,0.420115,0.423235,0.42092
2023-06-30 08:00:00.000 UTC,0.424823,0.419828,0.420065,0.424232
2023-06-30 07:00:00.000 UTC,0.420937,0.417479,0.4178,0.420402
2023-06-30 06:00:00.000 UTC,0.419583,0.416913,0.419072,0.417364
2023-06-30 05:00:00.000 UTC,0.424736,0.418888,0.424736,0.418888
2023-06-30 04:00:00.000 UTC,0.427157,0.420057,0.420057,0.427157
2023-06-30 03:00:00.000 UTC,0.421083,0.414255,0.414707,0.419583
2023-06-30 02:00:00.000 UTC,0.415096,0.40593,0.40593,0.415096
2023-06-30 01:00:00.000 UTC,0.406449,0.403981,0.405497,0.404397
2023-06-30 00:00:00.000 UTC,0.408268,0.406536,0.407302,0.406597
2023-06-29 23:00:00.000 UTC,0.408862,0.405734,0.407343,0.406986
2023-06-29 22:00:00.000 UTC,0.408162,0.405091,0.40536,0.407571
2023-06-29 21:00:00.000 UTC,0.407728,0.404878,0.404878,0.406523
2023-06-29 20:00:00.000 UTC,0.408503,0.403217,0.408387,0.404534
2023-06-29 19:00:00.000 UTC,0.40793,0.404701,0.4069,0.40793
2023-06-29 18:00:00.000 UTC,0.407306,0.405421,0.405774,0.406693
2023-06-29 17:00:00.000 UTC,0.408037,0.406305,0.406802,0.40657
2023-06-29 16:00:00.000 UTC,0.410586,0.406993,0.407583,0.406993
2023-06-29 15:00:00.000 UTC,0.409277,0.406214,0.406448,0.408089
2023-06-29 14:00:00.000 UTC,0.41005,0.407115,0.408358,0.407449
2023-06-29 13:00:00.000 UTC,0.41363,0.40954,0.410464,0.410568
2023-06-29 12:00:00.000 UTC,0.414051,0.410534,0.413123,0.410534
2023-06-29 11:00:00.000 UTC,0.412935,0.410964,0.410974,0.412245
2023-06-29 10:00:00.000 UTC,0.411879,0.405508,0.406378,0.411879
2023-06-29 09:00:00.000 UTC,0.407188,0.403742,0.404207,0.406323
2023-06-29 08:00:00.000 UTC,0.404529,0.402736,0.404529,0.402892
2023-06-29 07:00:00.000 UTC,0.404021,0.400856,0.401127,0.403934
2023-06-29 06:00:00.000 UTC,0.401642,0.400489,0.400521,0.401211
2023-06-29 05:00:00.000 UTC,0.40228,0.400944,0.401385,0.401135
2023-06-29 04:00:00.000 UTC,0.400784,0.39949,0.400113,0.400784
2023-06-29 03:00:00.000 UTC,0.400969,0.398543,0.399314,0.400048
2023-06-29 02:00:00.000 UTC,0.400342,0.399321,0.400094,0.399321
2023-06-29 01:00:00.000 UTC,0.402815,0.398258,0.398258,0.399707
2023-06-29 00:00:00.000 UTC,0.40078,0.398148,0.398661,0.398148
2023-06-28 23:00:00.000 UTC,0.401221,0.398897,0.400456,0.398897
2023-06-28 22:00:00.000 UTC,0.4007,0.399208,0.399231,0.40039
2023-06-28 21:00:00.000 UTC,0.399717,0.39757,0.399074,0.399708
2023-06-28 20:00:00.000 UTC,0.399068,0.394854,0.397499,0.399068
2023-06-28 19:00:00.000 UTC,0.408518,0.394127,0.407915,0.39759
2023-06-28 18:00:00.000 UTC,0.409078,0.406693,0.406693,0.408752
2023-06-28 17:00:00.000 UTC,0.410911,0.406131,0.410911,0.406561
2023-06-28 16:00:00.000 UTC,0.413111,0.411386,0.412874,0.411525
2023-06-28 15:00:00.000 UTC,0.413685,0.411887,0.412535,0.412563
2023-06-28 14:00:00.000 UTC,0.414884,0.409539,0.409539,0.413401
2023-06-28 13:00:00.000 UTC,0.41006,0.406988,0.407539,0.408675
2023-06-28 12:00:00.000 UTC,0.411001,0.408101,0.410295,0.408101
2023-06-28 11:00:00.000 UTC,0.413027,0.410301,0.412202,0.410301
2023-06-28 10:00:00.000 UTC,0.413121,0.412067,0.412457,0.412067
2023-06-28 09:00:00.000 UTC,0.413979,0.410104,0.410104,0.412414
2023-06-28 08:00:00.000 UTC,0.410139,0.408062,0.408519,0.409718
2023-06-28 07:00:00.000 UTC,0.417269,0.40896,0.417039,0.409415
2023-06-28 06:00:00.000 UTC,0.420219,0.41672,0.420219,0.417789
2023-06-28 05:00:00.000 UTC,0.420756,0.419024,0.420756,0.420398
2023-06-28 04:00:00.000 UTC,0.421212,0.418834,0.421212,0.420493
2023-06-28 03:00:00.000 UTC,0.420986,0.418707,0.418707,0.420788
2023-06-28 02:00:00.000 UTC,0.422672,0.419666,0.421963,0.419666
2023-06-28 01:00:00.000 UTC,0.425227,0.420972,0.424429,0.422008
2023-06-28 00:00:00.000 UTC,0.428327,0.421512,0.428327,0.424332
2023-06-27 23:00:00.000 UTC,0.428535,0.426506,0.428535,0.428391
2023-06-27 22:00:00.000 UTC,0.431548,0.42809,0.431548,0.428432
2023-06-27 21:00:00.000 UTC,0.431374,0.428795,0.429887,0.431374
2023-06-27 20:00:00.000 UTC,0.431075,0.429384,0.430319,0.429601
2023-06-27 19:00:00.000 UTC,0.431446,0.430267,0.431446,0.431244
2023-06-27 18:00:00.000 UTC,0.431838,0.43019,0.430395,0.431655
2023-06-27 17:00:00.000 UTC,0.431796,0.428661,0.43055,0.430262
2023-06-27 16:00:00.000 UTC,0.429779,0.424752,0.424752,0.429779
2023-06-27 15:00:00.000 UTC,0.430031,0.424559,0.430031,0.425068
2023-06-27 14:00:00.000 UTC,0.432487,0.428613,0.428613,0.430227
2023-06-27 13:00:00.000 UTC,0.431548,0.427441,0.431548,0.428974
2023-06-27 12:00:00.000 UTC,0.432044,0.429728,0.429926,0.431434
2023-06-27 11:00:00.000 UTC,0.430633,0.427587,0.430633,0.42991
2023-06-27 10:00:00.000 UTC,0.430955,0.426657,0.426657,0.430438
2023-06-27 09:00:00.000 UTC,0.427807,0.425998,0.427189,0.426507
2023-06-27 08:00:00.000 UTC,0.429918,0.427538,0.429918,0.427567
2023-06-27 07:00:00.000 UTC,0.430328,0.426577,0.426645,0.430328
2023-06-27 06:00:00.000 UTC,0.426911,0.423906,0.426911,0.426426
2023-06-27 05:00:00.000 UTC,0.429592,0.425602,0.429592,0.42681
2023-06-27 04:00:00.000 UTC,0.43123,0.42836,0.429371,0.429725
2023-06-27 03:00:00.000 UTC,0.431038,0.429085,0.431038,0.429592
2023-06-27 02:00:00.000 UTC,0.430451,0.42752,0.42752,0.430451
2023-06-27 01:00:00.000 UTC,0.427493,0.423817,0.425886,0.427332
2023-06-27 00:00:00.000 UTC,0.426403,0.424817,0.425199,0.426065
2023-06-26 23:00:00.000 UTC,0.425579,0.423936,0.425579,0.425363
2023-06-26 22:00:00.000 UTC,0.425692,0.421092,0.421092,0.425676
2023-06-26 21:00:00.000 UTC,0.423816,0.422111,0.423525,0.422111
2023-06-26 20:00:00.000 UTC,0.427663,0.424049,0.427288,0.424124
2023-06-26 19:00:00.000 UTC,0.427363,0.424659,0.425517,0.427363
2023-06-26 18:00:00.000 UTC,0.426068,0.422919,0.423045,0.425572
2023-06-26 17:00:00.000 UTC,0.425379,0.423255,0.423625,0.423255
2023-06-26 16:00:00.000 UTC,0.435359,0.424189,0.435359,0.425387
2023-06-26 15:00:00.000 UTC,0.436854,0.43343,0.43406,0.435801
2023-06-26 14:00:00.000 UTC,0.438636,0.43233,0.438636,0.43369
2023-06-26 13:00:00.000 UTC,0.437907,0.433388,0.43339,0.437624
2023-06-26 12:00:00.000 UTC,0.434262,0.430739,0.433835,0.433101
2023-06-26 11:00:00.000 UTC,0.434537,0.432571,0.432571,0.432717
2023-06-26 10:00:00.000 UTC,0.434299,0.429707,0.432481,0.433764
2023-06-26 09:00:00.000 UTC,0.437479,0.433384,0.435852,0.433384
2023-06-26 08:00:00.000 UTC,0.433934,0.431901,0.432095,0.433934
2023-06-26 07:00:00.000 UTC,0.435068,0.430919,0.433702,0.432126
2023-06-26 06:00:00.000 UTC,0.433466,0.426784,0.427165,0.433466
2023-06-26 05:00:00.000 UTC,0.429028,0.424301,0.427684,0.427252
2023-06-26 04:00:00.000 UTC,0.429844,0.427131,0.429844,0.427505
2023-06-26 03:00:00.000 UTC,0.429568,0.427177,0.427809,0.429568
2023-06-26 02:00:00.000 UTC,0.42927,0.426689,0.427878,0.427905
2023-06-26 01:00:00.000 UTC,0.43521,0.428064,0.43521,0.428064
2023-06-26 00:00:00.000 UTC,0.44114,0.436047,0.44114,0.436047
2023-06-25 23:00:00.000 UTC,0.442283,0.44025,0.441715,0.441281
2023-06-25 22:00:00.000 UTC,0.441662,0.438726,0.43937,0.441662
2023-06-25 21:00:00.000 UTC,0.439087,0.437206,0.437206,0.439045
2023-06-25 20:00:00.000 UTC,0.440827,0.436728,0.438707,0.436728
2023-06-25 19:00:00.000 UTC,0.44191,0.437942,0.441445,0.438156
2023-06-25 18:00:00.000 UTC,0.441186,0.43841,0.440645,0.441186
2023-06-25 17:00:00.000 UTC,0.443147,0.439842,0.44283,0.440353
2023-06-25 16:00:00.000 UTC,0.443971,0.44141,0.442031,0.443189
2023-06-25 15:00:00.000 UTC,0.44269,0.439386,0.44037,0.441828
2023-06-25 14:00:00.000 UTC,0.444666,0.441386,0.442702,0.441821
2023-06-25 13:00:00.000 UTC,0.447522,0.440214,0.447522,0.443252
2023-06-25 12:00:00.000 UTC,0.448042,0.446341,0.44717,0.447462
2023-06-25 11:00:00.000 UTC,0.446396,0.444825,0.446245,0.446395
2023-06-25 10:00:00.000 UTC,0.450753,0.446409,0.450705,0.447337
2023-06-25 09:00:00.000 UTC,0.453236,0.448752,0.452886,0.451463
2023-06-25 08:00:00.000 UTC,0.453027,0.450253,0.450253,0.453027
2023-06-25 07:00:00.000 UTC,0.452821,0.44804,0.452821,0.450383
2023-06-25 06:00:00.000 UTC,0.455208,0.450034,0.452482,0.452926
2023-06-25 05:00:00.000 UTC,0.452464,0.447638,0.448603,0.452261
2023-06-25 04:00:00.000 UTC,0.452303,0.449434,0.451545,0.449434
2023-06-25 03:00:00.000 UTC,0.451776,0.448248,0.448506,0.450773
2023-06-25 02:00:00.000 UTC,0.44896,0.445068,0.445652,0.44896
2023-06-25 01:00:00.000 UTC,0.446096,0.441938,0.443765,0.446096
2023-06-25 00:00:00.000 UTC,0.448127,0.443354,0.443354,0.443949
2023-06-24 23:00:00.000 UTC,0.443368,0.437936,0.437936,0.443368
2023-06-24 22:00:00.000 UTC,0.440596,0.437997,0.437997,0.438207
2023-06-24 21:00:00.000 UTC,0.438827,0.4339,0.437047,0.438827
2023-06-24 20:00:00.000 UTC,0.441555,0.436041,0.441555,0.436547
2023-06-24 19:00:00.000 UTC,0.444539,0.440719,0.444539,0.440719
2023-06-24 18:00:00.000 UTC,0.445992,0.435108,0.439392,0.445992
2023-06-24 17:00:00.000 UTC,0.431717,0.428754,0.430425,0.431717
2023-06-24 16:00:00.000 UTC,0.431035,0.427316,0.431035,0.429409
2023-06-24 15:00:00.000 UTC,0.441452,0.429617,0.441209,0.430027
2023-06-24 14:00:00.000 UTC,0.441349,0.438057,0.43846,0.440647
2023-06-24 13:00:00.000 UTC,0.44284,0.438341,0.44284,0.438484
2023-06-24 12:00:00.000 UTC,0.444207,0.442379,0.442379,0.442485
2023-06-24 11:00:00.000 UTC,0.443733,0.442269,0.443733,0.442269
2023-06-24 10:00:00.000 UTC,0.444486,0.442729,0.442804,0.443881
2023-06-24 09:00:00.000 UTC,0.443337,0.441328,0.441328,0.442525
2023-06-24 08:00:00.000 UTC,0.443056,0.439403,0.439403,0.441202
2023-06-24 07:00:00.000 UTC,0.443435,0.440623,0.443435,0.440623
2023-06-24 06:00:00.000 UTC,0.445145,0.442834,0.445075,0.443741
2023-06-24 05:00:00.000 UTC,0.44633,0.444523,0.444612,0.445125
2023-06-24 04:00:00.000 UTC,0.445851,0.444062,0.445438,0.444681
2023-06-24 03:00:00.000 UTC,0.447785,0.445605,0.447785,0.445605
2023-06-24 02:00:00.000 UTC,0.448702,0.445832,0.445991,0.447382
2023-06-24 01:00:00.000 UTC,0.448239,0.441821,0.448239,0.44514
2023-06-24 00:00:00.000 UTC,0.452837,0.435693,0.436907,0.449147
2023-06-23 23:00:00.000 UTC,0.437378,0.435758,0.437378,0.436075
2023-06-23 22:00:00.000 UTC,0.437653,0.433703,0.434928,0.437653
2023-06-23 21:00:00.000 UTC,0.442443,0.435096,0.442443,0.435096
2023-06-23 20:00:00.000 UTC,0.442671,0.44029,0.44029,0.441942
2023-06-23 19:00:00.000 UTC,0.443388,0.43786,0.439697,0.44001
2023-06-23 18:00:00.000 UTC,0.441281,0.437469,0.440414,0.439254
2023-06-23 17:00:00.000 UTC,0.440832,0.43675,0.440832,0.440104
2023-06-23 16:00:00.000 UTC,0.441967,0.436194,0.436194,0.441967
2023-06-23 15:00:00.000 UTC,0.434607,0.427088,0.427088,0.434607
2023-06-23 14:00:00.000 UTC,0.426597,0.420134,0.420134,0.426597
2023-06-23 13:00:00.000 UTC,0.42297,0.419498,0.422438,0.419768
2023-06-23 12:00:00.000 UTC,0.424932,0.419806,0.424877,0.422207
2023-06-23 11:00:00.000 UTC,0.425039,0.423375,0.423375,0.425039
2023-06-23 10:00:00.000 UTC,0.425336,0.421763,0.425336,0.422757
2023-06-23 09:00:00.000 UTC,0.426154,0.422938,0.425615,0.425332
2023-06-23 08:00:00.000 UTC,0.425328,0.423963,0.425328,0.425264
2023-06-23 07:00:00.000 UTC,0.426012,0.424137,0.426012,0.425222
2023-06-23 06:00:00.000 UTC,0.42915,0.42562,0.425801,0.42562
2023-06-23 05:00:00.000 UTC,0.427374,0.425654,0.427374,0.426624
2023-06-23 04:00:00.000 UTC,0.427675,0.426312,0.427675,0.426469
2023-06-23 03:00:00.000 UTC,0.429431,0.427483,0.428267,0.427483
2023-06-23 02:00:00.000 UTC,0.4323,0.420834,0.422042,0.428749
2023-06-23 01:00:00.000 UTC,0.423907,0.421876,0.422337,0.422472
2023-06-23 00:00:00.000 UTC,0.422403,0.417461,0.417461,0.422403
2023-06-22 23:00:00.000 UTC,0.41877,0.41616,0.41616,0.417116
2023-06-22 22:00:00.000 UTC,0.419777,0.417062,0.419777,0.417062
2023-06-22 21:00:00.000 UTC,0.420705,0.418147,0.420067,0.419597
2023-06-22 20:00:00.000 UTC,0.421567,0.418839,0.421567,0.419512
2023-06-22 19:00:00.000 UTC,0.421634,0.418992,0.418992,0.421634
2023-06-22 18:00:00.000 UTC,0.421868,0.418726,0.421868,0.418726
2023-06-22 17:00:00.000 UTC,0.421676,0.417542,0.417759,0.421676
2023-06-22 16:00:00.000 UTC,0.420286,0.416735,0.417428,0.417417
2023-06-22 15:00:00.000 UTC,0.417997,0.415054,0.416094,0.417997
2023-06-22 14:00:00.000 UTC,0.424384,0.414657,0.424384,0.414657
2023-06-22 13:00:00.000 UTC,0.425462,0.423127,0.423127,0.425462
2023-06-22 12:00:00.000 UTC,0.423625,0.419315,0.419315,0.423049
2023-06-22 11:00:00.000 UTC,0.432754,0.418449,0.432754,0.418449
2023-06-22 10:00:00.000 UTC,0.434066,0.43121,0.431698,0.433408
2023-06-22 09:00:00.000 UTC,0.432626,0.430622,0.430622,0.431923
2023-06-22 08:00:00.000 UTC,0.433001,0.430334,0.433001,0.430767
2023-06-22 07:00:00.000 UTC,0.43313,0.428192,0.428192,0.43313
2023-06-22 06:00:00.000 UTC,0.431257,0.42659,0.431257,0.428475
2023-06-22 05:00:00.000 UTC,0.434213,0.430734,0.434213,0.430734
2023-06-22 04:00:00.000 UTC,0.433797,0.431852,0.433607,0.433763
2023-06-22 03:00:00.000 UTC,0.437288,0.433662,0.437288,0.433662
2023-06-22 02:00:00.000 UTC,0.437696,0.43345,0.436446,0.436638
2023-06-22 01:00:00.000 UTC,0.438161,0.430683,0.430757,0.437141
2023-06-22 00:00:00.000 UTC,0.43066,0.422438,0.422438,0.4298
2023-06-21 23:00:00.000 UTC,0.424768,0.422068,0.42348,0.422068
2023-06-21 22:00:00.000 UTC,0.423469,0.419777,0.419777,0.423469
2023-06-21 21:00:00.000 UTC,0.42218,0.418922,0.419457,0.419254
2023-06-21 20:00:00.000 UTC,0.421948,0.419047,0.42093,0.41917
2023-06-21 19:00:00.000 UTC,0.421046,0.417957,0.419826,0.421046
2023-06-21 18:00:00.000 UTC,0.42299,0.419226,0.419226,0.420653
2023-06-21 17:00:00.000 UTC,0.418398,0.415072,0.417067,0.418195
2023-06-21 16:00:00.000 UTC,0.420342,0.411342,0.411342,0.418255
2023-06-21 15:00:00.000 UTC,0.413528,0.410137,0.411361,0.41077
2023-06-21 14:00:00.000 UTC,0.411354,0.40622,0.408804,0.40985
2023-06-21 13:00:00.000 UTC,0.409673,0.404857,0.404857,0.409673
2023-06-21 12:00:00.000 UTC,0.410307,0.40543,0.40964,0.40543
2023-06-21 11:00:00.000 UTC,0.409467,0.406511,0.407184,0.409467
2023-06-21 10:00:00.000 UTC,0.41162,0.407703,0.41162,0.408157
2023-06-21 09:00:00.000 UTC,0.411212,0.408563,0.408563,0.411157
2023-06-21 08:00:00.000 UTC,0.411175,0.407457,0.411175,0.408507
2023-06-21 07:00:00.000 UTC,0.411937,0.409508,0.410058,0.411175
2023-06-21 06:00:00.000 UTC,0.41537,0.40988,0.41537,0.40988
2023-06-21 05:00:00.000 UTC,0.414545,0.411975,0.41232,0.413749
2023-06-21 04:00:00.000 UTC,0.413674,0.411389,0.413322,0.411932
2023-06-21 03:00:00.000 UTC,0.413533,0.411759,0.413533,0.412735
2023-06-21 02:00:00.000 UTC,0.413557,0.411015,0.411674,0.413494
2023-06-21 01:00:00.000 UTC,0.412669,0.407602,0.407602,0.410531
2023-06-21 00:00:00.000 UTC,0.406516,0.40087,0.402465,0.406516
2023-06-20 23:00:00.000 UTC,0.401981,0.399475,0.399475,0.401981
2023-06-20 22:00:00.000 UTC,0.3993,0.396871,0.396871,0.398913
2023-06-20 21:00:00.000 UTC,0.40047,0.396764,0.40047,0.396764
2023-06-20 20:00:00.000 UTC,0.400659,0.397049,0.397826,0.400222
2023-06-20 19:00:00.000 UTC,0.397235,0.393146,0.39486,0.397235
2023-06-20 18:00:00.000 UTC,0.394397,0.389897,0.389897,0.394397
2023-06-20 17:00:00.000 UTC,0.389219,0.383896,0.383896,0.389219
2023-06-20 16:00:00.000 UTC,0.38377,0.380012,0.381274,0.382934
2023-06-20 15:00:00.000 UTC,0.381206,0.37709,0.377854,0.381206
2023-06-20 14:00:00.000 UTC,0.381397,0.376533,0.381397,0.378391
2023-06-20 13:00:00.000 UTC,0.38446,0.382341,0.383885,0.382519
2023-06-20 12:00:00.000 UTC,0.385871,0.383684,0.385251,0.383684
2023-06-20 11:00:00.000 UTC,0.384801,0.383045,0.383286,0.384801
2023-06-20 10:00:00.000 UTC,0.384662,0.383607,0.383607,0.383761
2023-06-20 09:00:00.000 UTC,0.383864,0.382566,0.38311,0.3838
2023-06-20 08:00:00.000 UTC,0.38524,0.38293,0.38524,0.383045
2023-06-20 07:00:00.000 UTC,0.386017,0.384326,0.384682,0.385417
2023-06-20 06:00:00.000 UTC,0.385192,0.384023,0.384479,0.384453
2023-06-20 05:00:00.000 UTC,0.387747,0.384395,0.387107,0.384395
2023-06-20 04:00:00.000 UTC,0.387405,0.386353,0.387282,0.386582
2023-06-20 03:00:00.000 UTC,0.389346,0.387504,0.388648,0.387504
2023-06-20 02:00:00.000 UTC,0.388271,0.386844,0.38721,0.388229
2023-06-20 01:00:00.000 UTC,0.392241,0.387778,0.389253,0.387813
2023-06-20 00:00:00.000 UTC,0.388886,0.387042,0.388,0.388886
2023-06-19 23:00:00.000 UTC,0.387535,0.386754,0.386964,0.387277
2023-06-19 22:00:00.000 UTC,0.387901,0.386087,0.386572,0.387207
2023-06-19 21:00:00.000 UTC,0.387574,0.385411,0.387227,0.385999
2023-06-19 20:00:00.000 UTC,0.388284,0.385078,0.385078,0.387537
2023-06-19 19:00:00.000 UTC,0.385025,0.383438,0.384102,0.384889
2023-06-19 18:00:00.000 UTC,0.390396,0.384117,0.385219,0.384117
2023-06-19 17:00:00.000 UTC,0.384755,0.380612,0.380612,0.384755
2023-06-19 16:00:00.000 UTC,0.382285,0.380214,0.382285,0.380214
2023-06-19 15:00:00.000 UTC,0.382479,0.381205,0.38232,0.382371
2023-06-19 14:00:00.000 UTC,0.386118,0.381881,0.386118,0.382315
2023-06-19 13:00:00.000 UTC,0.386918,0.386459,0.386648,0.386459
2023-06-19 12:00:00.000 UTC,0.386537,0.384921,0.385277,0.386361
2023-06-19 11:00:00.000 UTC,0.385172,0.383734,0.383734,0.38497
2023-06-19 10:00:00.000 UTC,0.385643,0.384169,0.384639,0.384169
2023-06-19 09:00:00.000 UTC,0.384509,0.383629,0.383858,0.384279
2023-06-19 08:00:00.000 UTC,0.385738,0.383586,0.385538,0.383632
2023-06-19 07:00:00.000 UTC,0.386486,0.385485,0.38647,0.386094
2023-06-19 06:00:00.000 UTC,0.38653,0.385782,0.385782,0.386454
2023-06-19 05:00:00.000 UTC,0.385659,0.384707,0.384707,0.385635
2023-06-19 04:00:00.000 UTC,0.385219,0.383574,0.383608,0.384331
2023-06-19 03:00:00.000 UTC,0.386624,0.383892,0.386624,0.383892
2023-06-19 02:00:00.000 UTC,0.38645,0.385165,0.385165,0.386235
2023-06-19 01:00:00.000 UTC,0.385477,0.382367,0.382813,0.385477
2023-06-19 00:00:00.000 UTC,0.385738,0.382938,0.384992,0.382938
2023-06-18 23:00:00.000 UTC,0.385902,0.384332,0.385587,0.384956
2023-06-18 22:00:00.000 UTC,0.387961,0.386044,0.386093,0.386044
2023-06-18 21:00:00.000 UTC,0.387525,0.386268,0.387525,0.386531
2023-06-18 20:00:00.000 UTC,0.394581,0.386438,0.394581,0.387978
2023-06-18 19:00:00.000 UTC,0.394994,0.394015,0.394082,0.394486
2023-06-18 18:00:00.000 UTC,0.394037,0.391536,0.392697,0.394037
2023-06-18 17:00:00.000 UTC,0.39423,0.391775,0.393509,0.392668
2023-06-18 16:00:00.000 UTC,0.39414,0.391297,0.391297,0.393549
2023-06-18 15:00:00.000 UTC,0.391599,0.390816,0.391232,0.391164
2023-06-18 14:00:00.000 UTC,0.391164,0.388171,0.388631,0.391164
2023-06-18 13:00:00.000 UTC,0.391731,0.388949,0.391731,0.389504
2023-06-18 12:00:00.000 UTC,0.391104,0.38889,0.389649,0.391104
2023-06-18 11:00:00.000 UTC,0.390459,0.388797,0.390459,0.389708
2023-06-18 10:00:00.000 UTC,0.39171,0.389023,0.39171,0.38995
2023-06-18 09:00:00.000 UTC,0.391472,0.388461,0.389096,0.391472
2023-06-18 08:00:00.000 UTC,0.389829,0.388476,0.389357,0.389296
2023-06-18 07:00:00.000 UTC,0.391904,0.388556,0.388556,0.389198
2023-06-18 06:00:00.000 UTC,0.389445,0.388449,0.389392,0.38894
2023-06-18 05:00:00.000 UTC,0.39162,0.388296,0.388296,0.389825
2023-06-18 04:00:00.000 UTC,0.388971,0.387543,0.387543,0.388416
2023-06-18 03:00:00.000 UTC,0.387507,0.386266,0.386508,0.387499
2023-06-18 02:00:00.000 UTC,0.387576,0.386166,0.386633,0.386527
2023-06-18 01:00:00.000 UTC,0.386385,0.385076,0.386115,0.386385
2023-06-18 00:00:00.000 UTC,0.388732,0.385333,0.388017,0.38599
2023-06-17 23:00:00.000 UTC,0.390406,0.387804,0.390406,0.387804
2023-06-17 22:00:00.000 UTC,0.391512,0.38988,0.38988,0.390396
2023-06-17 21:00:00.000 UTC,0.39163,0.389333,0.391042,0.390257
2023-06-17 20:00:00.000 UTC,0.391927,0.390387,0.391,0.391329
2023-06-17 19:00:00.000 UTC,0.392507,0.390461,0.392137,0.390461
2023-06-17 18:00:00.000 UTC,0.392538,0.389846,0.389846,0.392133
2023-06-17 17:00:00.000 UTC,0.39295,0.389205,0.39185,0.389205
2023-06-17 16:00:00.000 UTC,0.391608,0.38959,0.38959,0.391575
2023-06-17 15:00:00.000 UTC,0.391089,0.389467,0.38952,0.389959
2023-06-17 14:00:00.000 UTC,0.391961,0.389462,0.391961,0.389585
2023-06-17 13:00:00.000 UTC,0.392924,0.391618,0.391618,0.392704
2023-06-17 12:00:00.000 UTC,0.391977,0.39017,0.39017,0.391562
2023-06-17 11:00:00.000 UTC,0.392871,0.390202,0.392196,0.390202
2023-06-17 10:00:00.000 UTC,0.393183,0.392271,0.392336,0.392651
2023-06-17 09:00:00.000 UTC,0.393756,0.392438,0.392438,0.392771
2023-06-17 08:00:00.000 UTC,0.392785,0.391539,0.391542,0.39202
2023-06-17 07:00:00.000 UTC,0.393192,0.391267,0.393192,0.391267
2023-06-17 06:00:00.000 UTC,0.395297,0.393023,0.393877,0.393566
2023-06-17 05:00:00.000 UTC,0.394269,0.383866,0.384582,0.394269
2023-06-17 04:00:00.000 UTC,0.384971,0.382446,0.38285,0.384316
2023-06-17 03:00:00.000 UTC,0.383575,0.382482,0.382974,0.382747
2023-06-17 02:00:00.000 UTC,0.383076,0.38019,0.380496,0.382752
2023-06-17 01:00:00.000 UTC,0.382075,0.379088,0.38154,0.380932
2023-06-17 00:00:00.000 UTC,0.382026,0.380538,0.381896,0.381631
2023-06-16 23:00:00.000 UTC,0.382725,0.380939,0.382725,0.381943
2023-06-16 22:00:00.000 UTC,0.38278,0.380686,0.380686,0.38263
2023-06-16 21:00:00.000 UTC,0.384216,0.381063,0.384118,0.381238
2023-06-16 20:00:00.000 UTC,0.384223,0.382062,0.382549,0.384223
2023-06-16 19:00:00.000 UTC,0.382308,0.38004,0.382308,0.382137
2023-06-16 18:00:00.000 UTC,0.38458,0.379453,0.379453,0.382607
2023-06-16 17:00:00.000 UTC,0.378923,0.374587,0.374587,0.378923
2023-06-16 16:00:00.000 UTC,0.375076,0.373218,0.373218,0.373915
2023-06-16 15:00:00.000 UTC,0.373228,0.370876,0.372177,0.370876
2023-06-16 14:00:00.000 UTC,0.372135,0.36875,0.370678,0.369394
2023-06-16 13:00:00.000 UTC,0.371886,0.370592,0.371523,0.370832
2023-06-16 12:00:00.000 UTC,0.372413,0.369646,0.369646,0.371257
2023-06-16 11:00:00.000 UTC,0.374937,0.368245,0.374747,0.368906
2023-06-16 10:00:00.000 UTC,0.376671,0.374989,0.376671,0.374989
2023-06-16 09:00:00.000 UTC,0.377138,0.375597,0.376113,0.376927
2023-06-16 08:00:00.000 UTC,0.377643,0.375936,0.3764,0.376389
2023-06-16 07:00:00.000 UTC,0.378536,0.376405,0.378536,0.376405
2023-06-16 06:00:00.000 UTC,0.379222,0.378012,0.378327,0.378835
2023-06-16 05:00:00.000 UTC,0.377621,0.37625,0.376689,0.377621
2023-06-16 04:00:00.000 UTC,0.378312,0.376098,0.377491,0.37637
2023-06-16 03:00:00.000 UTC,0.377936,0.376809,0.376809,0.377936
2023-06-16 02:00:00.000 UTC,0.376579,0.375431,0.375906,0.376579
2023-06-16 01:00:00.000 UTC,0.37749,0.374784,0.375502,0.376269
2023-06-16 00:00:00.000 UTC,0.376391,0.373899,0.376182,0.376391
2023-06-15 23:00:00.000 UTC,0.376525,0.375495,0.37638,0.375868
2023-06-15 22:00:00.000 UTC,0.37795,0.376108,0.37795,0.376108
2023-06-15 21:00:00.000 UTC,0.381129,0.377603,0.377603,0.378105
2023-06-15 20:00:00.000 UTC,0.378003,0.374535,0.377061,0.376638
2023-06-15 19:00:00.000 UTC,0.377248,0.37345,0.37345,0.376757
2023-06-15 18:00:00.000 UTC,0.37391,0.367697,0.368711,0.37391
2023-06-15 17:00:00.000 UTC,0.369638,0.363467,0.369462,0.365945
2023-06-15 16:00:00.000 UTC,0.371649,0.369098,0.369585,0.369903
2023-06-15 15:00:00.000 UTC,0.37079,0.368818,0.370335,0.370101
2023-06-15 14:00:00.000 UTC,0.371733,0.370429,0.371075,0.371089
2023-06-15 13:00:00.000 UTC,0.371612,0.368769,0.368769,0.371263
2023-06-15 12:00:00.000 UTC,0.370839,0.367823,0.370839,0.368639
2023-06-15 11:00:00.000 UTC,0.371151,0.366267,0.368281,0.371151
2023-06-15 10:00:00.000 UTC,0.370576,0.368062,0.368602,0.368585
2023-06-15 09:00:00.000 UTC,0.370732,0.368362,0.370576,0.368529
2023-06-15 08:00:00.000 UTC,0.373185,0.371183,0.371183,0.371609
2023-06-15 07:00:00.000 UTC,0.371755,0.368128,0.370196,0.371594
2023-06-15 06:00:00.000 UTC,0.37302,0.370469,0.371651,0.370469
2023-06-15 05:00:00.000 UTC,0.374468,0.370146,0.373474,0.370811
2023-06-15 04:00:00.000 UTC,0.375811,0.3728,0.375811,0.374038
2023-06-15 03:00:00.000 UTC,0.375621,0.372703,0.372841,0.375621
2023-06-15 02:00:00.000 UTC,0.372784,0.369284,0.369284,0.372556
2023-06-15 01:00:00.000 UTC,0.373314,0.368206,0.373314,0.369114
2023-06-15 00:00:00.000 UTC,0.373884,0.368667,0.370878,0.373884
2023-06-14 23:00:00.000 UTC,0.371723,0.369118,0.369635,0.371015
2023-06-14 22:00:00.000 UTC,0.371815,0.369168,0.371471,0.369598
2023-06-14 21:00:00.000 UTC,0.370159,0.364646,0.364646,0.370159
2023-06-14 20:00:00.000 UTC,0.388053,0.36896,0.388053,0.36896
2023-06-14 19:00:00.000 UTC,0.394482,0.387823,0.392478,0.387823
2023-06-14 18:00:00.000 UTC,0.395742,0.389385,0.395742,0.392052
2023-06-14 17:00:00.000 UTC,0.394981,0.391354,0.391804,0.394922
2023-06-14 16:00:00.000 UTC,0.393414,0.390252,0.390471,0.392015
2023-06-14 15:00:00.000 UTC,0.393274,0.38993,0.392559,0.38993
2023-06-14 14:00:00.000 UTC,0.39376,0.391831,0.391831,0.392503
2023-06-14 13:00:00.000 UTC,0.394325,0.391024,0.394325,0.391855
2023-06-14 12:00:00.000 UTC,0.394614,0.39325,0.394017,0.394587
2023-06-14 11:00:00.000 UTC,0.394971,0.393519,0.39438,0.393781
2023-06-14 10:00:00.000 UTC,0.395474,0.392442,0.392442,0.394282
2023-06-14 09:00:00.000 UTC,0.393096,0.388988,0.389444,0.392329
2023-06-14 08:00:00.000 UTC,0.389508,0.385285,0.385285,0.389508
2023-06-14 07:00:00.000 UTC,0.385778,0.384629,0.385475,0.385624
2023-06-14 06:00:00.000 UTC,0.385722,0.383809,0.383809,0.385055
2023-06-14 05:00:00.000 UTC,0.387944,0.383964,0.387944,0.384012
2023-06-14 04:00:00.000 UTC,0.390327,0.38799,0.390084,0.38799
2023-06-14 03:00:00.000 UTC,0.390069,0.388477,0.389721,0.390069
2023-06-14 02:00:00.000 UTC,0.390038,0.388989,0.38964,0.38936
2023-06-14 01:00:00.000 UTC,0.389096,0.385443,0.38629,0.389096
2023-06-14 00:00:00.000 UTC,0.386281,0.383797,0.386281,0.38622
2023-06-13 23:00:00.000 UTC,0.386422,0.383828,0.383828,0.385899
2023-06-13 22:00:00.000 UTC,0.386859,0.382933,0.385853,0.383796
2023-06-13 21:00:00.000 UTC,0.386242,0.384355,0.386242,0.386041
2023-06-13 20:00:00.000 UTC,0.386749,0.382609,0.383862,0.386749
2023-06-13 19:00:00.000 UTC,0.385308,0.383883,0.384262,0.384253
2023-06-13 18:00:00.000 UTC,0.387296,0.383156,0.383218,0.383443
2023-06-13 17:00:00.000 UTC,0.384874,0.382898,0.383671,0.382898
2023-06-13 16:00:00.000 UTC,0.383576,0.380798,0.380798,0.383576
2023-06-13 15:00:00.000 UTC,0.388379,0.382004,0.388379,0.382004
2023-06-13 14:00:00.000 UTC,0.390228,0.386996,0.390228,0.387804
2023-06-13 13:00:00.000 UTC,0.394561,0.389979,0.392953,0.389979
2023-06-13 12:00:00.000 UTC,0.400532,0.393985,0.397178,0.393985
2023-06-13 11:00:00.000 UTC,0.397889,0.393966,0.393966,0.394407
2023-06-13 10:00:00.000 UTC,0.394084,0.392882,0.393788,0.393855
2023-06-13 09:00:00.000 UTC,0.397137,0.393166,0.397,0.39374
2023-06-13 08:00:00.000 UTC,0.398902,0.39322,0.39459,0.39862
2023-06-13 07:00:00.000 UTC,0.395751,0.392302,0.392302,0.394855
2023-06-13 06:00:00.000 UTC,0.395011,0.392386,0.392386,0.392957
2023-06-13 05:00:00.000 UTC,0.392631,0.390527,0.391276,0.392196
2023-06-13 04:00:00.000 UTC,0.391643,0.388093,0.391643,0.390061
2023-06-13 03:00:00.000 UTC,0.392736,0.391275,0.392736,0.391862
2023-06-13 02:00:00.000 UTC,0.392362,0.387503,0.387578,0.391831
2023-06-13 01:00:00.000 UTC,0.389047,0.384099,0.385345,0.387395
2023-06-13 00:00:00.000 UTC,0.390434,0.385373,0.387337,0.385373
2023-06-12 23:00:00.000 UTC,0.389263,0.387082,0.388153,0.387082
2023-06-12 22:00:00.000 UTC,0.388885,0.387809,0.388471,0.38856
2023-06-12 21:00:00.000 UTC,0.38788,0.385949,0.386123,0.38788
2023-06-12 20:00:00.000 UTC,0.386186,0.381496,0.381802,0.386149
2023-06-12 19:00:00.000 UTC,0.384149,0.380883,0.384149,0.382009
2023-06-12 18:00:00.000 UTC,0.384206,0.382247,0.383993,0.384206
2023-06-12 17:00:00.000 UTC,0.386267,0.378474,0.383473,0.38372
2023-06-12 16:00:00.000 UTC,0.384551,0.380352,0.381703,0.383004
2023-06-12 15:00:00.000 UTC,0.384461,0.381921,0.384461,0.381921
2023-06-12 14:00:00.000 UTC,0.386776,0.383085,0.383085,0.384591
2023-06-12 13:00:00.000 UTC,0.386883,0.382383,0.386883,0.382383
2023-06-12 12:00:00.000 UTC,0.386848,0.384844,0.386478,0.386848
2023-06-12 11:00:00.000 UTC,0.388518,0.385703,0.388518,0.38661
2023-06-12 10:00:00.000 UTC,0.38952,0.387603,0.388009,0.388778
2023-06-12 09:00:00.000 UTC,0.389719,0.385431,0.385857,0.387854
2023-06-12 08:00:00.000 UTC,0.38477,0.37913,0.379492,0.384681
2023-06-12 07:00:00.000 UTC,0.382885,0.380623,0.3824,0.380909
2023-06-12 06:00:00.000 UTC,0.38466,0.379517,0.379561,0.381979
2023-06-12 05:00:00.000 UTC,0.381871,0.380136,0.381198,0.380205
2023-06-12 04:00:00.000 UTC,0.381196,0.377469,0.377469,0.380461
2023-06-12 03:00:00.000 UTC,0.379542,0.375189,0.375536,0.377756
2023-06-12 02:00:00.000 UTC,0.386061,0.37482,0.385351,0.375671
2023-06-12 01:00:00.000 UTC,0.38681,0.384104,0.386223,0.385275
2023-06-12 00:00:00.000 UTC,0.38584,0.382237,0.385121,0.383801
2023-06-11 23:00:00.000 UTC,0.386414,0.383917,0.386123,0.384808
2023-06-11 22:00:00.000 UTC,0.388852,0.383274,0.388281,0.385558
2023-06-11 21:00:00.000 UTC,0.390878,0.387087,0.388449,0.387762
2023-06-11 20:00:00.000 UTC,0.395608,0.388774,0.391445,0.388934
2023-06-11 19:00:00.000 UTC,0.392336,0.386734,0.38845,0.391668
2023-06-11 18:00:00.000 UTC,0.390414,0.387293,0.387926,0.388879
2023-06-11 17:00:00.000 UTC,0.389415,0.384414,0.384792,0.38753
2023-06-11 16:00:00.000 UTC,0.385375,0.380267,0.380302,0.385375
2023-06-11 15:00:00.000 UTC,0.38301,0.380119,0.381642,0.380791
2023-06-11 14:00:00.000 UTC,0.383382,0.380549,0.380549,0.380782
2023-06-11 13:00:00.000 UTC,0.384059,0.38111,0.384059,0.38111
2023-06-11 12:00:00.000 UTC,0.387891,0.384918,0.385911,0.384918
2023-06-11 11:00:00.000 UTC,0.387702,0.385083,0.387489,0.386275
2023-06-11 10:00:00.000 UTC,0.387113,0.379683,0.379856,0.387113
2023-06-11 09:00:00.000 UTC,0.382175,0.379751,0.38016,0.380461
2023-06-11 08:00:00.000 UTC,0.383107,0.37975,0.380704,0.379763
2023-06-11 07:00:00.000 UTC,0.385314,0.380756,0.384335,0.381172
2023-06-11 06:00:00.000 UTC,0.384674,0.382096,0.382096,0.38419
2023-06-11 05:00:00.000 UTC,0.380893,0.378397,0.378397,0.380893
2023-06-11 04:00:00.000 UTC,0.381821,0.37626,0.381821,0.378983
2023-06-11 03:00:00.000 UTC,0.38406,0.381485,0.383381,0.381485
2023-06-11 02:00:00.000 UTC,0.384155,0.381337,0.382861,0.382912
2023-06-11 01:00:00.000 UTC,0.384914,0.382354,0.382354,0.38301
2023-06-11 00:00:00.000 UTC,0.386987,0.383481,0.385215,0.384032
2023-06-10 23:00:00.000 UTC,0.390001,0.385495,0.390001,0.385495
2023-06-10 22:00:00.000 UTC,0.390372,0.385541,0.385722,0.389521
2023-06-10 21:00:00.000 UTC,0.386703,0.380093,0.382573,0.385719
2023-06-10 20:00:00.000 UTC,0.382838,0.378953,0.380725,0.382293
2023-06-10 19:00:00.000 UTC,0.381124,0.376865,0.376865,0.381124
2023-06-10 18:00:00.000 UTC,0.384827,0.376531,0.384827,0.37813
2023-06-10 17:00:00.000 UTC,0.388483,0.370962,0.371377,0.383423
2023-06-10 16:00:00.000 UTC,0.372936,0.370479,0.372344,0.371044
2023-06-10 15:00:00.000 UTC,0.376545,0.371549,0.373603,0.371549
2023-06-10 14:00:00.000 UTC,0.372781,0.36979,0.370356,0.372072
2023-06-10 13:00:00.000 UTC,0.371781,0.368414,0.371146,0.368414
2023-06-10 12:00:00.000 UTC,0.38009,0.374057,0.38009,0.37428
2023-06-10 11:00:00.000 UTC,0.380552,0.375616,0.379553,0.380552
2023-06-10 10:00:00.000 UTC,0.379616,0.375267,0.378391,0.377161
2023-06-10 09:00:00.000 UTC,0.383181,0.377896,0.383181,0.377896
2023-06-10 08:00:00.000 UTC,0.383136,0.378437,0.381381,0.383136
2023-06-10 07:00:00.000 UTC,0.382006,0.372792,0.372985,0.380919
2023-06-10 06:00:00.000 UTC,0.382156,0.369669,0.380059,0.373094
2023-06-10 05:00:00.000 UTC,0.39222,0.382116,0.387068,0.382116
2023-06-10 04:00:00.000 UTC,0.443891,0.354402,0.441264,0.390371
2023-06-10 03:00:00.000 UTC,0.449869,0.440613,0.449869,0.442005
2023-06-10 02:00:00.000 UTC,0.456581,0.443852,0.456581,0.450305
2023-06-10 01:00:00.000 UTC,0.461608,0.451781,0.458261,0.454743
2023-06-10 00:00:00.000 UTC,0.468651,0.45853,0.468651,0.45853
2023-06-09 23:00:00.000 UTC,0.470074,0.464955,0.470074,0.468417
2023-06-09 22:00:00.000 UTC,0.472276,0.469402,0.472234,0.469595
2023-06-09 21:00:00.000 UTC,0.472465,0.471159,0.471159,0.471836
2023-06-09 20:00:00.000 UTC,0.47191,0.468848,0.468848,0.470791
2023-06-09 19:00:00.000 UTC,0.47445,0.469933,0.47445,0.469933
2023-06-09 18:00:00.000 UTC,0.479672,0.474489,0.478893,0.474489
2023-06-09 17:00:00.000 UTC,0.480156,0.478621,0.4798,0.478898
2023-06-09 16:00:00.000 UTC,0.481806,0.479939,0.480562,0.479939
2023-06-09 15:00:00.000 UTC,0.484801,0.481739,0.482479,0.481739
2023-06-09 14:00:00.000 UTC,0.485869,0.482046,0.483835,0.48238
2023-06-09 13:00:00.000 UTC,0.48744,0.484389,0.486434,0.484837
2023-06-09 12:00:00.000 UTC,0.486154,0.48336,0.48382,0.486154
2023-06-09 11:00:00.000 UTC,0.484865,0.482135,0.484705,0.484557
2023-06-09 10:00:00.000 UTC,0.484693,0.480164,0.480164,0.484693
2023-06-09 09:00:00.000 UTC,0.480841,0.478318,0.480841,0.479121
2023-06-09 08:00:00.000 UTC,0.480907,0.477843,0.480135,0.479963
2023-06-09 07:00:00.000 UTC,0.481633,0.477917,0.481633,0.478864
2023-06-09 06:00:00.000 UTC,0.482745,0.480048,0.481979,0.481202
2023-06-09 05:00:00.000 UTC,0.481913,0.479821,0.480587,0.48186
2023-06-09 04:00:00.000 UTC,0.480197,0.476271,0.478459,0.480197
2023-06-09 03:00:00.000 UTC,0.478715,0.473287,0.474236,0.478715
2023-06-09 02:00:00.000 UTC,0.482944,0.473267,0.482944,0.473267
2023-06-09 01:00:00.000 UTC,0.484276,0.481705,0.482353,0.483673
2023-06-09 00:00:00.000 UTC,0.48436,0.482999,0.48436,0.48303
2023-06-08 23:00:00.000 UTC,0.487058,0.485228,0.487058,0.485228
2023-06-08 22:00:00.000 UTC,0.488365,0.486923,0.487995,0.487343
2023-06-08 21:00:00.000 UTC,0.489064,0.486971,0.489064,0.487404
2023-06-08 20:00:00.000 UTC,0.489366,0.487076,0.487912,0.488998
2023-06-08 19:00:00.000 UTC,0.488022,0.486305,0.486305,0.488022
2023-06-08 18:00:00.000 UTC,0.486238,0.481972,0.483291,0.485675
2023-06-08 17:00:00.000 UTC,0.484742,0.482531,0.484742,0.483323
2023-06-08 16:00:00.000 UTC,0.491624,0.483885,0.491131,0.48442
2023-06-08 15:00:00.000 UTC,0.491672,0.488787,0.491672,0.490951
2023-06-08 14:00:00.000 UTC,0.492474,0.486155,0.487208,0.49153
2023-06-08 13:00:00.000 UTC,0.49195,0.486238,0.49195,0.487273
2023-06-08 12:00:00.000 UTC,0.495477,0.486159,0.487637,0.494113
2023-06-08 11:00:00.000 UTC,0.488109,0.486009,0.487035,0.488109
2023-06-08 10:00:00.000 UTC,0.48583,0.480486,0.482889,0.48583
2023-06-08 09:00:00.000 UTC,0.485444,0.482728,0.484545,0.483427
2023-06-08 08:00:00.000 UTC,0.485343,0.483142,0.484942,0.485343
2023-06-08 07:00:00.000 UTC,0.486254,0.482806,0.483356,0.484921
2023-06-08 06:00:00.000 UTC,0.483404,0.479919,0.481434,0.482971
2023-06-08 05:00:00.000 UTC,0.484664,0.480529,0.483592,0.480529
2023-06-08 04:00:00.000 UTC,0.484578,0.482392,0.482392,0.483301
2023-06-08 03:00:00.000 UTC,0.487472,0.480084,0.487472,0.482646
2023-06-08 02:00:00.000 UTC,0.492165,0.488503,0.491973,0.488618
2023-06-08 01:00:00.000 UTC,0.494007,0.491691,0.492479,0.491691
2023-06-08 00:00:00.000 UTC,0.493732,0.490606,0.492216,0.493732
2023-06-07 23:00:00.000 UTC,0.492272,0.488171,0.489261,0.492272
2023-06-07 22:00:00.000 UTC,0.490113,0.487657,0.488052,0.489524
2023-06-07 21:00:00.000 UTC,0.494288,0.488902,0.492294,0.488902
2023-06-07 20:00:00.000 UTC,0.492722,0.490193,0.492722,0.492406
2023-06-07 19:00:00.000 UTC,0.492949,0.489774,0.492283,0.492949
2023-06-07 18:00:00.000 UTC,0.494208,0.4918,0.493368,0.492092
2023-06-07 17:00:00.000 UTC,0.493142,0.489529,0.491729,0.492552
2023-06-07 16:00:00.000 UTC,0.494673,0.489797,0.493426,0.492556
2023-06-07 15:00:00.000 UTC,0.498845,0.493742,0.496358,0.493742
2023-06-07 14:00:00.000 UTC,0.505825,0.493159,0.505825,0.495615
2023-06-07 13:00:00.000 UTC,0.509301,0.504378,0.508887,0.50447
2023-06-07 12:00:00.000 UTC,0.51099,0.507925,0.51099,0.508857
2023-06-07 11:00:00.000 UTC,0.512085,0.506876,0.507737,0.510951
2023-06-07 10:00:00.000 UTC,0.509856,0.505298,0.507084,0.508559
2023-06-07 09:00:00.000 UTC,0.51667,0.510028,0.515891,0.510028
2023-06-07 08:00:00.000 UTC,0.51498,0.512354,0.512882,0.51498
2023-06-07 07:00:00.000 UTC,0.514176,0.51095,0.512735,0.514176
2023-06-07 06:00:00.000 UTC,0.519796,0.512747,0.517611,0.512795
2023-06-07 05:00:00.000 UTC,0.518982,0.517526,0.518635,0.517526
2023-06-07 04:00:00.000 UTC,0.518711,0.516476,0.516476,0.517939
2023-06-07 03:00:00.000 UTC,0.518199,0.513077,0.518199,0.515407
2023-06-07 02:00:00.000 UTC,0.521962,0.518551,0.521895,0.518551
2023-06-07 01:00:00.000 UTC,0.526287,0.521369,0.526287,0.522682
2023-06-07 00:00:00.000 UTC,0.53162,0.527809,0.53162,0.529089
2023-06-06 23:00:00.000 UTC,0.536284,0.53186,0.536284,0.53186
2023-06-06 22:00:00.000 UTC,0.535834,0.53213,0.53213,0.535834
2023-06-06 21:00:00.000 UTC,0.532616,0.529371,0.529371,0.532616
2023-06-06 20:00:00.000 UTC,0.54109,0.530817,0.540116,0.531714
2023-06-06 19:00:00.000 UTC,0.539525,0.531316,0.531316,0.539525
2023-06-06 18:00:00.000 UTC,0.532638,0.52887,0.52907,0.531129
2023-06-06 17:00:00.000 UTC,0.529416,0.520015,0.520608,0.529416
2023-06-06 16:00:00.000 UTC,0.521045,0.516295,0.517416,0.519099
2023-06-06 15:00:00.000 UTC,0.518385,0.512371,0.514798,0.516664
2023-06-06 14:00:00.000 UTC,0.517497,0.512319,0.512624,0.514851
2023-06-06 13:00:00.000 UTC,0.510436,0.497384,0.502859,0.508996
2023-06-06 12:00:00.000 UTC,0.515024,0.504152,0.514162,0.504761
2023-06-06 11:00:00.000 UTC,0.519453,0.513129,0.519059,0.513129
2023-06-06 10:00:00.000 UTC,0.519991,0.515923,0.517211,0.519991
2023-06-06 09:00:00.000 UTC,0.518371,0.51523,0.518371,0.516138
2023-06-06 08:00:00.000 UTC,0.518578,0.51587,0.51732,0.518578
2023-06-06 07:00:00.000 UTC,0.521209,0.517496,0.520613,0.517722
2023-06-06 06:00:00.000 UTC,0.524809,0.520255,0.524809,0.520255
2023-06-06 05:00:00.000 UTC,0.526981,0.522153,0.52525,0.523799
2023-06-06 04:00:00.000 UTC,0.524606,0.519621,0.520128,0.524606
2023-06-06 03:00:00.000 UTC,0.520169,0.518112,0.519482,0.519783
2023-06-06 02:00:00.000 UTC,0.52204,0.515727,0.515733,0.51955
2023-06-06 01:00:00.000 UTC,0.524762,0.514864,0.524102,0.514894
2023-06-06 00:00:00.000 UTC,0.526977,0.522144,0.524528,0.524399
2023-06-05 23:00:00.000 UTC,0.526202,0.518234,0.518234,0.52449
2023-06-05 22:00:00.000 UTC,0.518059,0.516604,0.516946,0.517661
2023-06-05 21:00:00.000 UTC,0.518651,0.509513,0.518651,0.51478
2023-06-05 20:00:00.000 UTC,0.520994,0.515497,0.519145,0.51737
2023-06-05 19:00:00.000 UTC,0.520814,0.516719,0.520814,0.518418
2023-06-05 18:00:00.000 UTC,0.533994,0.519179,0.533994,0.519424
2023-06-05 17:00:00.000 UTC,0.53765,0.529527,0.53765,0.533526
2023-06-05 16:00:00.000 UTC,0.55129,0.532188,0.550924,0.5333
2023-06-05 15:00:00.000 UTC,0.606091,0.568396,0.606091,0.568396
2023-06-05 14:00:00.000 UTC,0.612084,0.606114,0.609331,0.606114
2023-06-05 13:00:00.000 UTC,0.612897,0.602817,0.605761,0.611169
2023-06-05 12:00:00.000 UTC,0.614302,0.60601,0.614302,0.60601
2023-06-05 11:00:00.000 UTC,0.615392,0.609999,0.609999,0.611967
2023-06-05 10:00:00.000 UTC,0.610652,0.604307,0.606451,0.610652
2023-06-05 09:00:00.000 UTC,0.60996,0.601122,0.602876,0.60996
2023-06-05 08:00:00.000 UTC,0.608386,0.601532,0.608386,0.602621
2023-06-05 07:00:00.000 UTC,0.609441,0.599904,0.600168,0.607856
2023-06-05 06:00:00.000 UTC,0.612818,0.601406,0.604716,0.602112
2023-06-05 05:00:00.000 UTC,0.604694,0.592481,0.594696,0.604694
2023-06-05 04:00:00.000 UTC,0.594591,0.584568,0.585182,0.591414
2023-06-05 03:00:00.000 UTC,0.586861,0.584319,0.585037,0.585975
2023-06-05 02:00:00.000 UTC,0.597034,0.586783,0.595325,0.586783
2023-06-05 01:00:00.000 UTC,0.599272,0.59442,0.598495,0.595943
2023-06-05 00:00:00.000 UTC,0.601288,0.591423,0.592776,0.597559
2023-06-04 23:00:00.000 UTC,0.601025,0.593464,0.600023,0.593995
2023-06-04 22:00:00.000 UTC,0.605541,0.599557,0.603686,0.601176
2023-06-04 21:00:00.000 UTC,0.608503,0.598447,0.598447,0.603177
2023-06-04 20:00:00.000 UTC,0.597591,0.592705,0.596759,0.597591
2023-06-04 19:00:00.000 UTC,0.597163,0.589509,0.590583,0.597163
2023-06-04 18:00:00.000 UTC,0.591328,0.581816,0.581816,0.591328
2023-06-04 17:00:00.000 UTC,0.581325,0.57334,0.57334,0.581028
2023-06-04 16:00:00.000 UTC,0.57686,0.572254,0.57686,0.573909
2023-06-04 15:00:00.000 UTC,0.577439,0.573987,0.576007,0.577439
2023-06-04 14:00:00.000 UTC,0.583638,0.575028,0.580319,0.57636
2023-06-04 13:00:00.000 UTC,0.582798,0.580204,0.581892,0.58178
2023-06-04 12:00:00.000 UTC,0.581979,0.578278,0.578278,0.581979
2023-06-04 11:00:00.000 UTC,0.578078,0.576681,0.577389,0.578032
2023-06-04 10:00:00.000 UTC,0.577536,0.576078,0.576359,0.577462
2023-06-04 09:00:00.000 UTC,0.576423,0.573765,0.573765,0.576258
2023-06-04 08:00:00.000 UTC,0.573422,0.572047,0.57328,0.573418
2023-06-04 07:00:00.000 UTC,0.57277,0.571242,0.572458,0.572747
2023-06-04 06:00:00.000 UTC,0.572465,0.568334,0.568334,0.572465
2023-06-04 05:00:00.000 UTC,0.571352,0.566199,0.571352,0.567542
2023-06-04 04:00:00.000 UTC,0.572767,0.571098,0.572041,0.571446
2023-06-04 03:00:00.000 UTC,0.572876,0.570858,0.571052,0.572516
2023-06-04 02:00:00.000 UTC,0.570465,0.568581,0.568825,0.570465
2023-06-04 01:00:00.000 UTC,0.570617,0.564674,0.566683,0.569349
2023-06-04 00:00:00.000 UTC,0.572455,0.567414,0.572455,0.567414
2023-06-03 23:00:00.000 UTC,0.572654,0.571108,0.572255,0.572654
2023-06-03 22:00:00.000 UTC,0.571524,0.569683,0.569683,0.571523
2023-06-03 21:00:00.000 UTC,0.572316,0.568743,0.568743,0.569517
2023-06-03 20:00:00.000 UTC,0.569135,0.564461,0.564461,0.568076
2023-06-03 19:00:00.000 UTC,0.566048,0.56396,0.565354,0.565909
2023-06-03 18:00:00.000 UTC,0.568679,0.56363,0.568679,0.56531
2023-06-03 17:00:00.000 UTC,0.57202,0.565426,0.57202,0.56881
2023-06-03 16:00:00.000 UTC,0.574463,0.572036,0.573302,0.572036
2023-06-03 15:00:00.000 UTC,0.573205,0.5699,0.573205,0.571988
2023-06-03 14:00:00.000 UTC,0.576871,0.567263,0.576871,0.572132
2023-06-03 13:00:00.000 UTC,0.583795,0.573383,0.574861,0.579492
2023-06-03 12:00:00.000 UTC,0.575352,0.570409,0.571713,0.575352
2023-06-03 11:00:00.000 UTC,0.573868,0.571449,0.572231,0.571449
2023-06-03 10:00:00.000 UTC,0.572105,0.570463,0.571694,0.571965
2023-06-03 09:00:00.000 UTC,0.572232,0.569692,0.570435,0.57214
2023-06-03 08:00:00.000 UTC,0.576243,0.570694,0.573762,0.570694
2023-06-03 07:00:00.000 UTC,0.57533,0.572114,0.573497,0.573373
2023-06-03 06:00:00.000 UTC,0.573637,0.569049,0.569049,0.573637
2023-06-03 05:00:00.000 UTC,0.57248,0.570042,0.57248,0.570677
2023-06-03 04:00:00.000 UTC,0.571352,0.568695,0.569525,0.571352
2023-06-03 03:00:00.000 UTC,0.569755,0.567996,0.568951,0.568858
2023-06-03 02:00:00.000 UTC,0.569665,0.567671,0.568746,0.569665
2023-06-03 01:00:00.000 UTC,0.571754,0.568374,0.571343,0.568594
2023-06-03 00:00:00.000 UTC,0.575243,0.570752,0.574893,0.571036
2023-06-02 23:00:00.000 UTC,0.575044,0.572628,0.573235,0.575044
2023-06-02 22:00:00.000 UTC,0.574713,0.572981,0.572981,0.573601
2023-06-02 21:00:00.000 UTC,0.571538,0.567719,0.567734,0.571538
2023-06-02 20:00:00.000 UTC,0.571178,0.567169,0.569489,0.567169
2023-06-02 19:00:00.000 UTC,0.569286,0.567057,0.567057,0.569286
2023-06-02 18:00:00.000 UTC,0.567152,0.5601,0.5601,0.567152
2023-06-02 17:00:00.000 UTC,0.56133,0.559918,0.561296,0.560395
2023-06-02 16:00:00.000 UTC,0.568134,0.560835,0.560966,0.561564
2023-06-02 15:00:00.000 UTC,0.560503,0.559052,0.559057,0.560503
2023-06-02 14:00:00.000 UTC,0.558929,0.556581,0.556981,0.557811
2023-06-02 13:00:00.000 UTC,0.563167,0.559846,0.560441,0.55985
2023-06-02 12:00:00.000 UTC,0.563715,0.559765,0.561969,0.559765
2023-06-02 11:00:00.000 UTC,0.5618,0.559828,0.560185,0.560756
2023-06-02 10:00:00.000 UTC,0.560614,0.558611,0.560614,0.559828
2023-06-02 09:00:00.000 UTC,0.56451,0.560611,0.562979,0.560879
2023-06-02 08:00:00.000 UTC,0.566496,0.562852,0.56561,0.563395
2023-06-02 07:00:00.000 UTC,0.565537,0.56171,0.56357,0.565537
2023-06-02 06:00:00.000 UTC,0.566022,0.563294,0.564375,0.564983
2023-06-02 05:00:00.000 UTC,0.564522,0.56016,0.56016,0.564522
2023-06-02 04:00:00.000 UTC,0.562283,0.558078,0.559132,0.561394
2023-06-02 03:00:00.000 UTC,0.560226,0.556889,0.560226,0.558274
2023-06-02 02:00:00.000 UTC,0.565999,0.553812,0.555092,0.559757
2023-06-02 01:00:00.000 UTC,0.556892,0.548589,0.550454,0.556756
2023-06-02 00:00:00.000 UTC,0.555942,0.547955,0.55441,0.550959
2023-06-01 23:00:00.000 UTC,0.557004,0.551944,0.557004,0.553842
2023-06-01 22:00:00.000 UTC,0.563189,0.55646,0.561786,0.557033
2023-06-01 21:00:00.000 UTC,0.565842,0.559611,0.559716,0.562211
2023-06-01 20:00:00.000 UTC,0.559866,0.559276,0.559338,0.559784
2023-06-01 19:00:00.000 UTC,0.567639,0.55852,0.567639,0.558788
2023-06-01 18:00:00.000 UTC,0.571549,0.565379,0.565973,0.567025
2023-06-01 17:00:00.000 UTC,0.566579,0.56282,0.564002,0.566185
2023-06-01 16:00:00.000 UTC,0.561878,0.555689,0.559096,0.561878
2023-06-01 15:00:00.000 UTC,0.558706,0.555737,0.555882,0.557849
2023-06-01 14:00:00.000 UTC,0.557478,0.554456,0.557478,0.555711
2023-06-01 13:00:00.000 UTC,0.558866,0.554453,0.554649,0.557383
2023-06-01 12:00:00.000 UTC,0.556075,0.548805,0.551069,0.554745
2023-06-01 11:00:00.000 UTC,0.556192,0.549588,0.55429,0.550955
2023-06-01 10:00:00.000 UTC,0.562502,0.548716,0.551955,0.555473
2023-06-01 09:00:00.000 UTC,0.550341,0.534796,0.534796,0.550341
2023-06-01 08:00:00.000 UTC,0.534322,0.530944,0.532032,0.53423
2023-06-01 07:00:00.000 UTC,0.534187,0.530873,0.531802,0.532491
2023-06-01 06:00:00.000 UTC,0.533269,0.531582,0.532086,0.53243
2023-06-01 05:00:00.000 UTC,0.532562,0.527843,0.527866,0.532521
2023-06-01 04:00:00.000 UTC,0.529305,0.527399,0.528983,0.527609
2023-06-01 03:00:00.000 UTC,0.53147,0.525181,0.525336,0.528987
2023-06-01 02:00:00.000 UTC,0.533338,0.527062,0.532668,0.527062
2023-06-01 01:00:00.000 UTC,0.533163,0.530097,0.530097,0.532298
2023-06-01 00:00:00.000 UTC,0.535389,0.529969,0.532763,0.530171
2023-05-31 23:00:00.000 UTC,0.533103,0.530923,0.530923,0.532704
2023-05-31 22:00:00.000 UTC,0.530291,0.527578,0.527757,0.530291
2023-05-31 21:00:00.000 UTC,0.529829,0.526968,0.529829,0.528303
2023-05-31 20:00:00.000 UTC,0.534306,0.530603,0.534306,0.530716
2023-05-31 19:00:00.000 UTC,0.534679,0.533362,0.533454,0.534148
2023-05-31 18:00:00.000 UTC,0.534575,0.531237,0.53246,0.534575
2023-05-31 17:00:00.000 UTC,0.532073,0.527344,0.527597,0.532073
2023-05-31 16:00:00.000 UTC,0.531391,0.52623,0.531391,0.526887
2023-05-31 15:00:00.000 UTC,0.535121,0.530953,0.534056,0.530953
2023-05-31 14:00:00.000 UTC,0.535789,0.529985,0.535789,0.534337
2023-05-31 13:00:00.000 UTC,0.53758,0.532538,0.532538,0.537484
2023-05-31 12:00:00.000 UTC,0.532831,0.530116,0.530837,0.532083
2023-05-31 11:00:00.000 UTC,0.5342,0.530253,0.533971,0.530253
2023-05-31 10:00:00.000 UTC,0.539484,0.534435,0.538271,0.534435
2023-05-31 09:00:00.000 UTC,0.537861,0.534974,0.536475,0.537861
2023-05-31 08:00:00.000 UTC,0.537714,0.535773,0.536314,0.536734
2023-05-31 07:00:00.000 UTC,0.538488,0.53492,0.536078,0.537017
2023-05-31 06:00:00.000 UTC,0.538892,0.534634,0.538171,0.53494
2023-05-31 05:00:00.000 UTC,0.547734,0.541292,0.547734,0.541292
2023-05-31 04:00:00.000 UTC,0.559223,0.550339,0.556171,0.551362
2023-05-31 03:00:00.000 UTC,0.557616,0.555537,0.555537,0.555894
2023-05-31 02:00:00.000 UTC,0.559075,0.555211,0.559075,0.555211
2023-05-31 01:00:00.000 UTC,0.56148,0.559221,0.56074,0.560539
2023-05-31 00:00:00.000 UTC,0.560155,0.554864,0.554864,0.560155
2023-05-30 23:00:00.000 UTC,0.557522,0.554372,0.557522,0.555109
2023-05-30 22:00:00.000 UTC,0.559363,0.55661,0.559363,0.55679
2023-05-30 21:00:00.000 UTC,0.562297,0.557023,0.561666,0.557596
2023-05-30 20:00:00.000 UTC,0.5611,0.557096,0.557096,0.5611
2023-05-30 19:00:00.000 UTC,0.557438,0.553303,0.553655,0.557281
2023-05-30 18:00:00.000 UTC,0.553341,0.548529,0.549432,0.553034
2023-05-30 17:00:00.000 UTC,0.550581,0.548314,0.550059,0.549601
2023-05-30 16:00:00.000 UTC,0.550609,0.547352,0.550312,0.550609
2023-05-30 15:00:00.000 UTC,0.550468,0.54814,0.54892,0.549626
2023-05-30 14:00:00.000 UTC,0.552528,0.549641,0.551647,0.549914
2023-05-30 13:00:00.000 UTC,0.556059,0.55263,0.555528,0.55263
2023-05-30 12:00:00.000 UTC,0.558035,0.553875,0.557306,0.55474
2023-05-30 11:00:00.000 UTC,0.557967,0.555688,0.556885,0.556936
2023-05-30 10:00:00.000 UTC,0.559075,0.555674,0.557022,0.557714
2023-05-30 09:00:00.000 UTC,0.558224,0.55194,0.55194,0.557568
2023-05-30 08:00:00.000 UTC,0.55376,0.549934,0.550394,0.55376
2023-05-30 07:00:00.000 UTC,0.557588,0.550877,0.557067,0.550877
2023-05-30 06:00:00.000 UTC,0.561622,0.555418,0.555418,0.558247
2023-05-30 05:00:00.000 UTC,0.55559,0.550734,0.554075,0.55504
2023-05-30 04:00:00.000 UTC,0.554338,0.551927,0.553974,0.553652
2023-05-30 03:00:00.000 UTC,0.554975,0.55337,0.554228,0.553458
2023-05-30 02:00:00.000 UTC,0.555002,0.55196,0.55196,0.553868
2023-05-30 01:00:00.000 UTC,0.552603,0.550921,0.550921,0.551797
2023-05-30 00:00:00.000 UTC,0.552549,0.548422,0.549777,0.550586
2023-05-29 23:00:00.000 UTC,0.551551,0.550317,0.550332,0.55058
2023-05-29 22:00:00.000 UTC,0.549219,0.544118,0.545826,0.549219
2023-05-29 21:00:00.000 UTC,0.548794,0.546145,0.547082,0.546418
2023-05-29 20:00:00.000 UTC,0.548362,0.545844,0.546427,0.548362
2023-05-29 19:00:00.000 UTC,0.549172,0.546531,0.547673,0.546988
2023-05-29 18:00:00.000 UTC,0.547703,0.545646,0.546475,0.547624
2023-05-29 17:00:00.000 UTC,0.546755,0.540077,0.540406,0.546494
2023-05-29 16:00:00.000 UTC,0.541998,0.540115,0.541749,0.541135
2023-05-29 15:00:00.000 UTC,0.547089,0.542503,0.545947,0.543126
2023-05-29 14:00:00.000 UTC,0.549619,0.545001,0.549619,0.545001
2023-05-29 13:00:00.000 UTC,0.550983,0.547922,0.54963,0.549348
2023-05-29 12:00:00.000 UTC,0.554065,0.549284,0.551956,0.549941
2023-05-29 11:00:00.000 UTC,0.55245,0.547668,0.547668,0.55245
2023-05-29 10:00:00.000 UTC,0.549888,0.547127,0.547635,0.549328
2023-05-29 09:00:00.000 UTC,0.548174,0.546212,0.546305,0.547297
2023-05-29 08:00:00.000 UTC,0.548294,0.546279,0.54744,0.546279
2023-05-29 07:00:00.000 UTC,0.549231,0.54509,0.549231,0.546471
2023-05-29 06:00:00.000 UTC,0.550023,0.54772,0.549245,0.550023
2023-05-29 05:00:00.000 UTC,0.549343,0.54562,0.545933,0.54835
2023-05-29 04:00:00.000 UTC,0.549568,0.544584,0.549407,0.54475
2023-05-29 03:00:00.000 UTC,0.554972,0.55052,0.554972,0.55052
2023-05-29 02:00:00.000 UTC,0.558028,0.553866,0.558028,0.555073
2023-05-29 01:00:00.000 UTC,0.558643,0.554738,0.556163,0.558076
2023-05-29 00:00:00.000 UTC,0.560466,0.555763,0.557263,0.558214
2023-05-28 23:00:00.000 UTC,0.557869,0.553832,0.557869,0.557611
2023-05-28 22:00:00.000 UTC,0.561868,0.558072,0.558072,0.558649
2023-05-28 21:00:00.000 UTC,0.557315,0.553501,0.557315,0.555698
2023-05-28 20:00:00.000 UTC,0.55684,0.554789,0.554839,0.55684
2023-05-28 19:00:00.000 UTC,0.56072,0.554187,0.56072,0.554607
2023-05-28 18:00:00.000 UTC,0.561738,0.558373,0.558841,0.558928
2023-05-28 17:00:00.000 UTC,0.564976,0.558328,0.56234,0.558328
2023-05-28 16:00:00.000 UTC,0.563401,0.552945,0.552945,0.563401
2023-05-28 15:00:00.000 UTC,0.552013,0.549221,0.549754,0.551891
2023-05-28 14:00:00.000 UTC,0.552385,0.549329,0.552385,0.550528
2023-05-28 13:00:00.000 UTC,0.551896,0.547529,0.547529,0.551317
2023-05-28 12:00:00.000 UTC,0.551906,0.546241,0.548742,0.547938
2023-05-28 11:00:00.000 UTC,0.559201,0.549846,0.558738,0.550779
2023-05-28 10:00:00.000 UTC,0.565432,0.526483,0.526483,0.560063
2023-05-28 09:00:00.000 UTC,0.526812,0.525906,0.526186,0.526448
2023-05-28 08:00:00.000 UTC,0.528297,0.524452,0.528133,0.525408
2023-05-28 07:00:00.000 UTC,0.529918,0.528195,0.528777,0.528428
2023-05-28 06:00:00.000 UTC,0.529334,0.528791,0.52899,0.528791
2023-05-28 05:00:00.000 UTC,0.529313,0.5272,0.5272,0.529313
2023-05-28 04:00:00.000 UTC,0.531816,0.528377,0.529746,0.528377
2023-05-28 03:00:00.000 UTC,0.531159,0.529076,0.529076,0.530155
2023-05-28 02:00:00.000 UTC,0.528833,0.527846,0.527846,0.528833
2023-05-28 01:00:00.000 UTC,0.532374,0.527543,0.529386,0.527543
2023-05-28 00:00:00.000 UTC,0.529727,0.52629,0.52648,0.529509
2023-05-27 23:00:00.000 UTC,0.529242,0.526159,0.526601,0.526599
2023-05-27 22:00:00.000 UTC,0.528383,0.524428,0.524428,0.52668
2023-05-27 21:00:00.000 UTC,0.524885,0.522156,0.524885,0.524618
2023-05-27 20:00:00.000 UTC,0.525125,0.523476,0.524498,0.5251
2023-05-27 19:00:00.000 UTC,0.524075,0.520555,0.520555,0.524075
2023-05-27 18:00:00.000 UTC,0.522424,0.519544,0.519544,0.522424
2023-05-27 17:00:00.000 UTC,0.521989,0.519135,0.519592,0.520109
2023-05-27 16:00:00.000 UTC,0.52091,0.51718,0.520158,0.519251
2023-05-27 15:00:00.000 UTC,0.522123,0.518256,0.520241,0.520297
2023-05-27 14:00:00.000 UTC,0.520104,0.517072,0.517072,0.519934
2023-05-27 13:00:00.000 UTC,0.521505,0.519413,0.52041,0.519429
2023-05-27 12:00:00.000 UTC,0.522147,0.514646,0.514646,0.52169
2023-05-27 11:00:00.000 UTC,0.516116,0.514556,0.515706,0.515846
2023-05-27 10:00:00.000 UTC,0.518792,0.515657,0.518623,0.516138
2023-05-27 09:00:00.000 UTC,0.518417,0.51311,0.51311,0.518417
2023-05-27 08:00:00.000 UTC,0.515511,0.513355,0.515511,0.513355
2023-05-27 07:00:00.000 UTC,0.517102,0.514676,0.517102,0.514676
2023-05-27 06:00:00.000 UTC,0.517438,0.515867,0.516808,0.517365
2023-05-27 05:00:00.000 UTC,0.520718,0.517583,0.519434,0.517707
2023-05-27 04:00:00.000 UTC,0.520417,0.516969,0.518229,0.520417
2023-05-27 03:00:00.000 UTC,0.519381,0.516796,0.517252,0.519381
2023-05-27 02:00:00.000 UTC,0.517004,0.514361,0.515375,0.516492
2023-05-27 01:00:00.000 UTC,0.515138,0.51407,0.51415,0.514253
2023-05-27 00:00:00.000 UTC,0.514184,0.512314,0.514184,0.513382
2023-05-26 23:00:00.000 UTC,0.516247,0.514281,0.51567,0.514525
2023-05-26 22:00:00.000 UTC,0.518208,0.516191,0.516456,0.516191
2023-05-26 21:00:00.000 UTC,0.520394,0.516565,0.520148,0.516565
2023-05-26 20:00:00.000 UTC,0.519999,0.517365,0.518303,0.519999
2023-05-26 19:00:00.000 UTC,0.518841,0.51608,0.516844,0.518841
2023-05-26 18:00:00.000 UTC,0.519238,0.511564,0.511678,0.518074
2023-05-26 17:00:00.000 UTC,0.51501,0.511497,0.514091,0.511794
2023-05-26 16:00:00.000 UTC,0.515068,0.510701,0.510775,0.513629
2023-05-26 15:00:00.000 UTC,0.513084,0.509551,0.509608,0.511275
2023-05-26 14:00:00.000 UTC,0.512313,0.505006,0.505006,0.509973
2023-05-26 13:00:00.000 UTC,0.504805,0.501486,0.501486,0.504545
2023-05-26 12:00:00.000 UTC,0.504305,0.500339,0.504305,0.501466
2023-05-26 11:00:00.000 UTC,0.50499,0.501894,0.502996,0.504228
2023-05-26 10:00:00.000 UTC,0.503936,0.501784,0.501842,0.502731
2023-05-26 09:00:00.000 UTC,0.503685,0.501368,0.503685,0.501368
2023-05-26 08:00:00.000 UTC,0.505077,0.502249,0.504412,0.505077
2023-05-26 07:00:00.000 UTC,0.504966,0.501445,0.502169,0.504966
2023-05-26 06:00:00.000 UTC,0.501469,0.498203,0.498456,0.501469
2023-05-26 05:00:00.000 UTC,0.503316,0.497602,0.503316,0.497994
2023-05-26 04:00:00.000 UTC,0.504102,0.502131,0.504102,0.502664
2023-05-26 03:00:00.000 UTC,0.505431,0.501538,0.501538,0.503695
2023-05-26 02:00:00.000 UTC,0.502519,0.500175,0.501877,0.501282
2023-05-26 01:00:00.000 UTC,0.507003,0.501189,0.504702,0.501831
2023-05-26 00:00:00.000 UTC,0.507472,0.503328,0.507472,0.50373
2023-05-25 23:00:00.000 UTC,0.509781,0.506553,0.506664,0.508163
2023-05-25 22:00:00.000 UTC,0.509691,0.506284,0.509691,0.507136
2023-05-25 21:00:00.000 UTC,0.51203,0.508286,0.51203,0.508286
2023-05-25 20:00:00.000 UTC,0.511858,0.508917,0.508917,0.511858
2023-05-25 19:00:00.000 UTC,0.510956,0.506051,0.506051,0.508411
2023-05-25 18:00:00.000 UTC,0.508254,0.504474,0.506378,0.506037
2023-05-25 17:00:00.000 UTC,0.506861,0.504854,0.50537,0.505786
2023-05-25 16:00:00.000 UTC,0.506118,0.50179,0.50179,0.504798
2023-05-25 15:00:00.000 UTC,0.512495,0.50102,0.512495,0.501696
2023-05-25 14:00:00.000 UTC,0.512495,0.508706,0.508827,0.512495
2023-05-25 13:00:00.000 UTC,0.519436,0.50807,0.514493,0.50931
2023-05-25 12:00:00.000 UTC,0.516648,0.507533,0.507533,0.513783
2023-05-25 11:00:00.000 UTC,0.506305,0.502892,0.504002,0.506305
2023-05-25 10:00:00.000 UTC,0.503632,0.501957,0.503632,0.503388
2023-05-25 09:00:00.000 UTC,0.505474,0.50182,0.504187,0.50182
2023-05-25 08:00:00.000 UTC,0.507782,0.502648,0.50307,0.503112
2023-05-25 07:00:00.000 UTC,0.513634,0.50206,0.511963,0.50209
2023-05-25 06:00:00.000 UTC,0.517322,0.510782,0.517322,0.512718
2023-05-25 05:00:00.000 UTC,0.522349,0.516433,0.519684,0.518663
2023-05-25 04:00:00.000 UTC,0.523616,0.5032,0.508283,0.519789
2023-05-25 03:00:00.000 UTC,0.509567,0.486699,0.48774,0.508086
2023-05-25 02:00:00.000 UTC,0.489473,0.486867,0.488905,0.487475
2023-05-25 01:00:00.000 UTC,0.490885,0.483077,0.489552,0.488874
2023-05-25 00:00:00.000 UTC,0.496962,0.490466,0.49565,0.490977
2023-05-24 23:00:00.000 UTC,0.49771,0.495469,0.495469,0.496294
2023-05-24 22:00:00.000 UTC,0.498509,0.495285,0.498441,0.495702
2023-05-24 21:00:00.000 UTC,0.501534,0.497903,0.501107,0.497903
2023-05-24 20:00:00.000 UTC,0.50097,0.495789,0.496889,0.50097
2023-05-24 19:00:00.000 UTC,0.500395,0.493179,0.496105,0.497605
2023-05-24 18:00:00.000 UTC,0.495754,0.492862,0.49312,0.495754
2023-05-24 17:00:00.000 UTC,0.493539,0.485254,0.485638,0.493106
2023-05-24 16:00:00.000 UTC,0.487777,0.485375,0.487777,0.485755
2023-05-24 15:00:00.000 UTC,0.487863,0.484005,0.485727,0.487549
2023-05-24 14:00:00.000 UTC,0.48725,0.48534,0.48534,0.485543
2023-05-24 13:00:00.000 UTC,0.494422,0.490087,0.493333,0.490087
2023-05-24 12:00:00.000 UTC,0.493883,0.493123,0.493328,0.493883
2023-05-24 11:00:00.000 UTC,0.494047,0.492342,0.49361,0.493037
2023-05-24 10:00:00.000 UTC,0.495581,0.49351,0.493625,0.493998
2023-05-24 09:00:00.000 UTC,0.496163,0.493568,0.493939,0.493568
2023-05-24 08:00:00.000 UTC,0.494724,0.493454,0.4942,0.493947
2023-05-24 07:00:00.000 UTC,0.495822,0.49323,0.49323,0.49446
2023-05-24 06:00:00.000 UTC,0.496608,0.492923,0.496608,0.492923
2023-05-24 05:00:00.000 UTC,0.497247,0.496071,0.496866,0.496565
2023-05-24 04:00:00.000 UTC,0.497089,0.494829,0.496241,0.497089
2023-05-24 03:00:00.000 UTC,0.503842,0.496425,0.50354,0.496425
2023-05-24 02:00:00.000 UTC,0.503907,0.501255,0.501255,0.503907
2023-05-24 01:00:00.000 UTC,0.505503,0.499448,0.505503,0.500261
2023-05-24 00:00:00.000 UTC,0.511774,0.506634,0.511774,0.506634
2023-05-23 23:00:00.000 UTC,0.512466,0.511099,0.511099,0.512466
2023-05-23 22:00:00.000 UTC,0.513167,0.511042,0.512591,0.511126
2023-05-23 21:00:00.000 UTC,0.513315,0.511993,0.511993,0.512952
2023-05-23 20:00:00.000 UTC,0.512066,0.509765,0.511041,0.512066
2023-05-23 19:00:00.000 UTC,0.510756,0.508752,0.508752,0.510462
2023-05-23 18:00:00.000 UTC,0.511017,0.508642,0.511017,0.508642
2023-05-23 17:00:00.000 UTC,0.512907,0.510839,0.511819,0.510839
2023-05-23 16:00:00.000 UTC,0.514249,0.511643,0.514017,0.511643
2023-05-23 15:00:00.000 UTC,0.514502,0.513273,0.513968,0.513927
2023-05-23 14:00:00.000 UTC,0.515006,0.512586,0.512586,0.513486
2023-05-23 13:00:00.000 UTC,0.515605,0.512505,0.515605,0.512666
2023-05-23 12:00:00.000 UTC,0.515657,0.513932,0.51487,0.515549
2023-05-23 11:00:00.000 UTC,0.515253,0.514255,0.514575,0.51515
2023-05-23 10:00:00.000 UTC,0.516416,0.514169,0.51615,0.514169
2023-05-23 09:00:00.000 UTC,0.516934,0.514377,0.516934,0.515371
2023-05-23 08:00:00.000 UTC,0.516981,0.514314,0.516515,0.516892
2023-05-23 07:00:00.000 UTC,0.51707,0.51472,0.51707,0.515709
2023-05-23 06:00:00.000 UTC,0.520219,0.516433,0.519728,0.517125
2023-05-23 05:00:00.000 UTC,0.52173,0.519749,0.521157,0.520197
2023-05-23 04:00:00.000 UTC,0.526822,0.52019,0.52496,0.520245
2023-05-23 03:00:00.000 UTC,0.526818,0.516795,0.516795,0.526818
2023-05-23 02:00:00.000 UTC,0.516203,0.514464,0.514464,0.516197
2023-05-23 01:00:00.000 UTC,0.515613,0.510021,0.510021,0.51555
2023-05-23 00:00:00.000 UTC,0.511747,0.510125,0.510901,0.510709
2023-05-22 23:00:00.000 UTC,0.513654,0.511121,0.513654,0.511121
2023-05-22 22:00:00.000 UTC,0.516039,0.513564,0.515762,0.513828
2023-05-22 21:00:00.000 UTC,0.516573,0.514246,0.514246,0.516162
2023-05-22 20:00:00.000 UTC,0.514119,0.511938,0.513237,0.514119
2023-05-22 19:00:00.000 UTC,0.514623,0.513149,0.514623,0.513401
2023-05-22 18:00:00.000 UTC,0.514309,0.512042,0.512225,0.514214
2023-05-22 17:00:00.000 UTC,0.5123,0.509845,0.511939,0.5123
2023-05-22 16:00:00.000 UTC,0.512911,0.510793,0.511905,0.511592
2023-05-22 15:00:00.000 UTC,0.51613,0.511271,0.51613,0.512258
2023-05-22 14:00:00.000 UTC,0.517649,0.515167,0.517649,0.515507
2023-05-22 13:00:00.000 UTC,0.518768,0.513439,0.514522,0.51791
2023-05-22 12:00:00.000 UTC,0.517386,0.515087,0.515814,0.515087
2023-05-22 11:00:00.000 UTC,0.518689,0.514806,0.518689,0.515754
2023-05-22 10:00:00.000 UTC,0.517608,0.513677,0.514296,0.517608
2023-05-22 09:00:00.000 UTC,0.514257,0.51221,0.51221,0.513504
2023-05-22 08:00:00.000 UTC,0.514618,0.512595,0.512595,0.512991
2023-05-22 07:00:00.000 UTC,0.513728,0.512305,0.512448,0.513006
2023-05-22 06:00:00.000 UTC,0.514042,0.510254,0.510254,0.5126
2023-05-22 05:00:00.000 UTC,0.510911,0.509759,0.509759,0.510232
2023-05-22 04:00:00.000 UTC,0.510529,0.507861,0.507861,0.510295
2023-05-22 03:00:00.000 UTC,0.509413,0.508083,0.509096,0.508413
2023-05-22 02:00:00.000 UTC,0.509686,0.504884,0.504884,0.509372
2023-05-22 01:00:00.000 UTC,0.507666,0.504264,0.507666,0.504654
2023-05-22 00:00:00.000 UTC,0.515694,0.505632,0.514526,0.50786
2023-05-21 23:00:00.000 UTC,0.518154,0.514739,0.517666,0.514739
2023-05-21 22:00:00.000 UTC,0.518312,0.51557,0.51557,0.517981
2023-05-21 21:00:00.000 UTC,0.515744,0.513608,0.515498,0.515744
2023-05-21 20:00:00.000 UTC,0.518844,0.517515,0.517515,0.517542
2023-05-21 19:00:00.000 UTC,0.517698,0.516255,0.516541,0.517573
2023-05-21 18:00:00.000 UTC,0.516838,0.51435,0.51435,0.516376
2023-05-21 17:00:00.000 UTC,0.516421,0.513737,0.514087,0.514342
2023-05-21 16:00:00.000 UTC,0.517914,0.513756,0.517799,0.513756
2023-05-21 15:00:00.000 UTC,0.523155,0.517401,0.521099,0.518469
2023-05-21 14:00:00.000 UTC,0.524375,0.521288,0.521288,0.52219
2023-05-21 13:00:00.000 UTC,0.521769,0.52066,0.52066,0.521272
2023-05-21 12:00:00.000 UTC,0.521575,0.519803,0.521575,0.520098
2023-05-21 11:00:00.000 UTC,0.522664,0.520099,0.522664,0.520099
2023-05-21 10:00:00.000 UTC,0.52425,0.522666,0.52396,0.522666
2023-05-21 09:00:00.000 UTC,0.524251,0.52319,0.524251,0.523555
2023-05-21 08:00:00.000 UTC,0.526182,0.523562,0.525956,0.524065
2023-05-21 07:00:00.000 UTC,0.526865,0.525592,0.526684,0.525592
2023-05-21 06:00:00.000 UTC,0.52736,0.526198,0.526611,0.527029
2023-05-21 05:00:00.000 UTC,0.529166,0.526891,0.528659,0.526891
2023-05-21 04:00:00.000 UTC,0.528737,0.526666,0.528175,0.528737
2023-05-21 03:00:00.000 UTC,0.528305,0.52754,0.527717,0.528305
2023-05-21 02:00:00.000 UTC,0.528742,0.527111,0.52783,0.528185
2023-05-21 01:00:00.000 UTC,0.531115,0.528791,0.530503,0.528791
2023-05-21 00:00:00.000 UTC,0.529861,0.528038,0.529759,0.529861
2023-05-20 23:00:00.000 UTC,0.530122,0.528312,0.529172,0.52988
2023-05-20 22:00:00.000 UTC,0.530151,0.528343,0.528343,0.529606
2023-05-20 21:00:00.000 UTC,0.529756,0.527898,0.529214,0.528946
2023-05-20 20:00:00.000 UTC,0.530004,0.528794,0.529588,0.52899
2023-05-20 19:00:00.000 UTC,0.529824,0.527719,0.529824,0.529493
2023-05-20 18:00:00.000 UTC,0.532451,0.530231,0.532172,0.530231
2023-05-20 17:00:00.000 UTC,0.53338,0.528109,0.5297,0.53338
2023-05-20 16:00:00.000 UTC,0.530717,0.529066,0.530123,0.529449
2023-05-20 15:00:00.000 UTC,0.530651,0.5293,0.5293,0.529928
2023-05-20 14:00:00.000 UTC,0.529279,0.528082,0.528082,0.529279
2023-05-20 13:00:00.000 UTC,0.528795,0.52807,0.528332,0.52807
2023-05-20 12:00:00.000 UTC,0.528767,0.527781,0.528617,0.528714
2023-05-20 11:00:00.000 UTC,0.528853,0.527543,0.528619,0.52858
2023-05-20 10:00:00.000 UTC,0.52869,0.527892,0.527892,0.52869
2023-05-20 09:00:00.000 UTC,0.528172,0.527072,0.528172,0.527824
2023-05-20 08:00:00.000 UTC,0.528405,0.527415,0.527415,0.528045
2023-05-20 07:00:00.000 UTC,0.52745,0.526255,0.527435,0.527225
2023-05-20 06:00:00.000 UTC,0.530376,0.527515,0.530376,0.527835
2023-05-20 05:00:00.000 UTC,0.530446,0.529299,0.529882,0.530011
2023-05-20 04:00:00.000 UTC,0.529812,0.528854,0.529617,0.529604
2023-05-20 03:00:00.000 UTC,0.529967,0.528637,0.528637,0.52966
2023-05-20 02:00:00.000 UTC,0.530818,0.528051,0.529198,0.528051
2023-05-20 01:00:00.000 UTC,0.530131,0.528765,0.528885,0.528765
2023-05-20 00:00:00.000 UTC,0.535093,0.529104,0.534676,0.529104
2023-05-19 23:00:00.000 UTC,0.5351,0.533294,0.533314,0.533969
2023-05-19 22:00:00.000 UTC,0.533283,0.531447,0.531663,0.533283
2023-05-19 21:00:00.000 UTC,0.53278,0.530727,0.532087,0.530727
2023-05-19 20:00:00.000 UTC,0.532013,0.530644,0.530644,0.532013
2023-05-19 19:00:00.000 UTC,0.534494,0.529234,0.534494,0.530319
2023-05-19 18:00:00.000 UTC,0.537087,0.534259,0.536057,0.534259
2023-05-19 17:00:00.000 UTC,0.536969,0.533313,0.533313,0.536499
2023-05-19 16:00:00.000 UTC,0.543068,0.534065,0.539147,0.535275
2023-05-19 15:00:00.000 UTC,0.540979,0.533012,0.533676,0.53765
2023-05-19 14:00:00.000 UTC,0.533418,0.531795,0.533418,0.532293
2023-05-19 13:00:00.000 UTC,0.536894,0.53278,0.536008,0.53278
2023-05-19 12:00:00.000 UTC,0.537219,0.53031,0.53031,0.535911
2023-05-19 11:00:00.000 UTC,0.531341,0.529138,0.529632,0.531061
2023-05-19 10:00:00.000 UTC,0.534207,0.52954,0.534207,0.52954
2023-05-19 09:00:00.000 UTC,0.533554,0.531465,0.533493,0.5321
2023-05-19 08:00:00.000 UTC,0.534344,0.528795,0.528795,0.532759
2023-05-19 07:00:00.000 UTC,0.532026,0.528378,0.530803,0.528554
2023-05-19 06:00:00.000 UTC,0.532678,0.529755,0.529755,0.530968
2023-05-19 05:00:00.000 UTC,0.530859,0.528856,0.530859,0.529983
2023-05-19 04:00:00.000 UTC,0.53061,0.528638,0.529654,0.529988
2023-05-19 03:00:00.000 UTC,0.531442,0.526817,0.52783,0.529764
2023-05-19 02:00:00.000 UTC,0.52776,0.52603,0.52664,0.52694
2023-05-19 01:00:00.000 UTC,0.532547,0.526833,0.532547,0.527029
2023-05-19 00:00:00.000 UTC,0.535044,0.530405,0.532619,0.531701
2023-05-18 23:00:00.000 UTC,0.539033,0.533043,0.535615,0.533043
2023-05-18 22:00:00.000 UTC,0.536621,0.530246,0.530246,0.536621
2023-05-18 21:00:00.000 UTC,0.529358,0.521684,0.521908,0.529358
2023-05-18 20:00:00.000 UTC,0.523097,0.521089,0.522994,0.522923
2023-05-18 19:00:00.000 UTC,0.52605,0.517095,0.51724,0.525083
2023-05-18 18:00:00.000 UTC,0.518806,0.516718,0.518806,0.517284
2023-05-18 17:00:00.000 UTC,0.529309,0.521674,0.527378,0.521674
2023-05-18 16:00:00.000 UTC,0.529267,0.527078,0.527792,0.528915
2023-05-18 15:00:00.000 UTC,0.530906,0.526649,0.528658,0.527407
2023-05-18 14:00:00.000 UTC,0.531743,0.528817,0.530576,0.528817
2023-05-18 13:00:00.000 UTC,0.532788,0.53078,0.532788,0.53078
2023-05-18 12:00:00.000 UTC,0.539242,0.533366,0.539242,0.533366
2023-05-18 11:00:00.000 UTC,0.538082,0.534295,0.534518,0.53798
2023-05-18 10:00:00.000 UTC,0.535877,0.534298,0.535348,0.534937
2023-05-18 09:00:00.000 UTC,0.535522,0.533973,0.534465,0.534447
2023-05-18 08:00:00.000 UTC,0.534233,0.53211,0.532383,0.534233
2023-05-18 07:00:00.000 UTC,0.533381,0.528284,0.528284,0.533381
2023-05-18 06:00:00.000 UTC,0.53144,0.528213,0.53144,0.528419
2023-05-18 05:00:00.000 UTC,0.534498,0.531187,0.534432,0.531187
2023-05-18 04:00:00.000 UTC,0.536773,0.534399,0.536224,0.534399
2023-05-18 03:00:00.000 UTC,0.53737,0.535817,0.535817,0.536073
2023-05-18 02:00:00.000 UTC,0.536881,0.529924,0.529924,0.535777
2023-05-18 01:00:00.000 UTC,0.533774,0.529576,0.531342,0.529576
2023-05-18 00:00:00.000 UTC,0.533545,0.530475,0.533545,0.530771
2023-05-17 23:00:00.000 UTC,0.533769,0.531848,0.531848,0.533061
2023-05-17 22:00:00.000 UTC,0.532064,0.531412,0.531511,0.532041
2023-05-17 21:00:00.000 UTC,0.532834,0.529932,0.532834,0.531921
2023-05-17 20:00:00.000 UTC,0.537178,0.532687,0.536557,0.532687
2023-05-17 19:00:00.000 UTC,0.538211,0.532425,0.532425,0.537815
2023-05-17 18:00:00.000 UTC,0.533404,0.529665,0.529665,0.532582
2023-05-17 17:00:00.000 UTC,0.528901,0.524941,0.525388,0.528901
2023-05-17 16:00:00.000 UTC,0.527928,0.519266,0.520485,0.527928
2023-05-17 15:00:00.000 UTC,0.522977,0.518699,0.522741,0.51898
2023-05-17 14:00:00.000 UTC,0.524985,0.520987,0.52475,0.522639
2023-05-17 13:00:00.000 UTC,0.532497,0.52551,0.532497,0.52551
2023-05-17 12:00:00.000 UTC,0.532472,0.527853,0.527853,0.530949
2023-05-17 11:00:00.000 UTC,0.534181,0.52607,0.534181,0.5269
2023-05-17 10:00:00.000 UTC,0.534824,0.531833,0.534077,0.533339
2023-05-17 09:00:00.000 UTC,0.537409,0.529265,0.529265,0.534285
2023-05-17 08:00:00.000 UTC,0.530028,0.525864,0.528858,0.530028
2023-05-17 07:00:00.000 UTC,0.533647,0.527941,0.533059,0.529309
2023-05-17 06:00:00.000 UTC,0.532625,0.529418,0.530822,0.532302
2023-05-17 05:00:00.000 UTC,0.538459,0.531769,0.538459,0.531769
2023-05-17 04:00:00.000 UTC,0.53953,0.537149,0.53953,0.538036
2023-05-17 03:00:00.000 UTC,0.540862,0.535239,0.536542,0.540328
2023-05-17 02:00:00.000 UTC,0.53939,0.535503,0.536617,0.537201
2023-05-17 01:00:00.000 UTC,0.53899,0.532777,0.534077,0.537388
2023-05-17 00:00:00.000 UTC,0.530377,0.517779,0.517905,0.530377
2023-05-16 23:00:00.000 UTC,0.517795,0.514099,0.515706,0.517795
2023-05-16 22:00:00.000 UTC,0.515406,0.512376,0.513307,0.515406
2023-05-16 21:00:00.000 UTC,0.514949,0.510896,0.510896,0.513545
2023-05-16 20:00:00.000 UTC,0.511483,0.506693,0.506693,0.511483
2023-05-16 19:00:00.000 UTC,0.513511,0.507556,0.507556,0.508677
2023-05-16 18:00:00.000 UTC,0.507721,0.506185,0.507224,0.507395
2023-05-16 17:00:00.000 UTC,0.507312,0.503991,0.506597,0.506849
2023-05-16 16:00:00.000 UTC,0.50542,0.503227,0.50437,0.504969
2023-05-16 15:00:00.000 UTC,0.50441,0.502485,0.502485,0.50441
2023-05-16 14:00:00.000 UTC,0.502622,0.501115,0.501115,0.502167
2023-05-16 13:00:00.000 UTC,0.503112,0.501815,0.502559,0.502462
2023-05-16 12:00:00.000 UTC,0.503253,0.501139,0.501944,0.50305
2023-05-16 11:00:00.000 UTC,0.502449,0.50013,0.500243,0.501974
2023-05-16 10:00:00.000 UTC,0.504328,0.500349,0.504328,0.500486
2023-05-16 09:00:00.000 UTC,0.506278,0.504468,0.505251,0.504468
2023-05-16 08:00:00.000 UTC,0.508132,0.505403,0.507264,0.505403
2023-05-16 07:00:00.000 UTC,0.50718,0.501262,0.501262,0.50718
2023-05-16 06:00:00.000 UTC,0.501601,0.500361,0.501601,0.50122
2023-05-16 05:00:00.000 UTC,0.504299,0.500916,0.500916,0.501454
2023-05-16 04:00:00.000 UTC,0.500838,0.49976,0.500097,0.500838
2023-05-16 03:00:00.000 UTC,0.49956,0.498395,0.498683,0.49956
2023-05-16 02:00:00.000 UTC,0.498733,0.497348,0.49824,0.498733
2023-05-16 01:00:00.000 UTC,0.502425,0.495583,0.502129,0.497683
2023-05-16 00:00:00.000 UTC,0.507042,0.502985,0.502985,0.503671
2023-05-15 23:00:00.000 UTC,0.50648,0.503698,0.506067,0.503698
2023-05-15 22:00:00.000 UTC,0.508125,0.505666,0.508125,0.50589
2023-05-15 21:00:00.000 UTC,0.507898,0.506447,0.506447,0.507898
2023-05-15 20:00:00.000 UTC,0.508085,0.505957,0.507624,0.505957
2023-05-15 19:00:00.000 UTC,0.50792,0.506929,0.507524,0.507348
2023-05-15 18:00:00.000 UTC,0.50866,0.507206,0.508182,0.507677
2023-05-15 17:00:00.000 UTC,0.510815,0.507556,0.507681,0.507618
2023-05-15 16:00:00.000 UTC,0.509665,0.506707,0.50839,0.507585
2023-05-15 15:00:00.000 UTC,0.509328,0.505998,0.506699,0.508941
2023-05-15 14:00:00.000 UTC,0.507451,0.503963,0.506692,0.507451
2023-05-15 13:00:00.000 UTC,0.509655,0.507309,0.509423,0.507309
2023-05-15 12:00:00.000 UTC,0.509736,0.508789,0.509028,0.509434
2023-05-15 11:00:00.000 UTC,0.51167,0.509342,0.511092,0.509342
2023-05-15 10:00:00.000 UTC,0.512578,0.511078,0.51256,0.511346
2023-05-15 09:00:00.000 UTC,0.514129,0.511883,0.513736,0.512389
2023-05-15 08:00:00.000 UTC,0.514489,0.512745,0.513483,0.51339
2023-05-15 07:00:00.000 UTC,0.51377,0.512125,0.513591,0.512508
2023-05-15 06:00:00.000 UTC,0.512742,0.508821,0.509131,0.512595
2023-05-15 05:00:00.000 UTC,0.509462,0.507966,0.50833,0.508944
2023-05-15 04:00:00.000 UTC,0.509673,0.507525,0.509673,0.507879
2023-05-15 03:00:00.000 UTC,0.51006,0.507767,0.507767,0.509524
2023-05-15 02:00:00.000 UTC,0.510513,0.50849,0.50871,0.508577
2023-05-15 01:00:00.000 UTC,0.509183,0.498996,0.498996,0.509183
2023-05-15 00:00:00.000 UTC,0.505151,0.4984,0.50414,0.4984
2023-05-14 23:00:00.000 UTC,0.505018,0.502938,0.503942,0.503828
2023-05-14 22:00:00.000 UTC,0.505013,0.503204,0.503214,0.504153
2023-05-14 21:00:00.000 UTC,0.503091,0.502232,0.502571,0.503091
2023-05-14 20:00:00.000 UTC,0.502749,0.500534,0.501173,0.502684
2023-05-14 19:00:00.000 UTC,0.503095,0.500481,0.503095,0.501166
2023-05-14 18:00:00.000 UTC,0.504917,0.502864,0.504917,0.50305
2023-05-14 17:00:00.000 UTC,0.50567,0.504062,0.50567,0.504905
2023-05-14 16:00:00.000 UTC,0.509766,0.506628,0.508865,0.506628
2023-05-14 15:00:00.000 UTC,0.508507,0.50468,0.50468,0.508374
2023-05-14 14:00:00.000 UTC,0.506169,0.504316,0.506169,0.504917
2023-05-14 13:00:00.000 UTC,0.505833,0.501929,0.503363,0.505833
2023-05-14 12:00:00.000 UTC,0.501971,0.499633,0.501518,0.501951
2023-05-14 11:00:00.000 UTC,0.501953,0.501001,0.501814,0.501001
2023-05-14 10:00:00.000 UTC,0.502215,0.500803,0.502215,0.502093
2023-05-14 09:00:00.000 UTC,0.502637,0.50129,0.502096,0.502274
2023-05-14 08:00:00.000 UTC,0.502798,0.501634,0.501994,0.502096
2023-05-14 07:00:00.000 UTC,0.503215,0.501865,0.502431,0.501865
2023-05-14 06:00:00.000 UTC,0.50333,0.501307,0.501307,0.502888
2023-05-14 05:00:00.000 UTC,0.502449,0.501394,0.501909,0.501394
2023-05-14 04:00:00.000 UTC,0.501941,0.50007,0.501135,0.501699
2023-05-14 03:00:00.000 UTC,0.501135,0.498848,0.499525,0.501027
2023-05-14 02:00:00.000 UTC,0.499127,0.496356,0.49661,0.499127
2023-05-14 01:00:00.000 UTC,0.500202,0.496351,0.500202,0.496351
2023-05-14 00:00:00.000 UTC,0.501656,0.498783,0.501039,0.499349
2023-05-13 23:00:00.000 UTC,0.504315,0.500944,0.503687,0.500944
2023-05-13 22:00:00.000 UTC,0.503568,0.502365,0.503173,0.503568
2023-05-13 21:00:00.000 UTC,0.503801,0.502225,0.503472,0.503211
2023-05-13 20:00:00.000 UTC,0.503742,0.502613,0.503119,0.502613
2023-05-13 19:00:00.000 UTC,0.50515,0.501915,0.502648,0.502542
2023-05-13 18:00:00.000 UTC,0.505522,0.502412,0.503092,0.504884
2023-05-13 17:00:00.000 UTC,0.503956,0.502386,0.503956,0.50271
2023-05-13 16:00:00.000 UTC,0.503792,0.502587,0.503443,0.503792
2023-05-13 15:00:00.000 UTC,0.503974,0.502845,0.503063,0.502845
2023-05-13 14:00:00.000 UTC,0.504471,0.500976,0.503934,0.502746
2023-05-13 13:00:00.000 UTC,0.50692,0.503762,0.505937,0.503922
2023-05-13 12:00:00.000 UTC,0.508553,0.505476,0.506921,0.505476
2023-05-13 11:00:00.000 UTC,0.507205,0.506293,0.506908,0.506857
2023-05-13 10:00:00.000 UTC,0.509156,0.506587,0.509156,0.506587
2023-05-13 09:00:00.000 UTC,0.509211,0.507371,0.508776,0.509211
2023-05-13 08:00:00.000 UTC,0.50928,0.5065,0.507727,0.508998
2023-05-13 07:00:00.000 UTC,0.507837,0.504515,0.504794,0.507837
2023-05-13 06:00:00.000 UTC,0.505309,0.504373,0.504445,0.504588
2023-05-13 05:00:00.000 UTC,0.506652,0.50475,0.505114,0.504986
2023-05-13 04:00:00.000 UTC,0.506848,0.504966,0.506793,0.504966
2023-05-13 03:00:00.000 UTC,0.5071,0.504167,0.504167,0.506969
2023-05-13 02:00:00.000 UTC,0.505773,0.504342,0.505773,0.504342
2023-05-13 01:00:00.000 UTC,0.507858,0.505264,0.506126,0.506091
2023-05-13 00:00:00.000 UTC,0.507946,0.504444,0.507946,0.504933
2023-05-12 23:00:00.000 UTC,0.50846,0.505973,0.505973,0.508122
2023-05-12 22:00:00.000 UTC,0.507837,0.505364,0.506667,0.505567
2023-05-12 21:00:00.000 UTC,0.506758,0.499351,0.49962,0.506758
2023-05-12 20:00:00.000 UTC,0.498623,0.495942,0.497283,0.498623
2023-05-12 19:00:00.000 UTC,0.49158,0.485063,0.49158,0.488909
2023-05-12 18:00:00.000 UTC,0.492027,0.490689,0.491209,0.491352
2023-05-12 17:00:00.000 UTC,0.492075,0.48993,0.490215,0.492075
2023-05-12 16:00:00.000 UTC,0.491468,0.487936,0.489229,0.489607
2023-05-12 15:00:00.000 UTC,0.490965,0.488782,0.490825,0.488782
2023-05-12 14:00:00.000 UTC,0.496133,0.491372,0.494702,0.491372
2023-05-12 13:00:00.000 UTC,0.495744,0.49249,0.49412,0.495744
2023-05-12 12:00:00.000 UTC,0.494853,0.490196,0.490736,0.493514
2023-05-12 11:00:00.000 UTC,0.492965,0.490784,0.492184,0.491811
2023-05-12 10:00:00.000 UTC,0.493119,0.49156,0.492222,0.493119
2023-05-12 09:00:00.000 UTC,0.493889,0.490184,0.490184,0.491809
2023-05-12 08:00:00.000 UTC,0.49002,0.488577,0.489,0.49002
2023-05-12 07:00:00.000 UTC,0.489996,0.4881,0.488714,0.489052
2023-05-12 06:00:00.000 UTC,0.488168,0.483406,0.486378,0.488168
2023-05-12 05:00:00.000 UTC,0.490733,0.486363,0.48964,0.486363
2023-05-12 04:00:00.000 UTC,0.489719,0.484743,0.484832,0.489719
2023-05-12 03:00:00.000 UTC,0.489718,0.486829,0.489718,0.486829
2023-05-12 02:00:00.000 UTC,0.493082,0.492041,0.492041,0.492564
2023-05-12 01:00:00.000 UTC,0.496412,0.492815,0.496377,0.492815
2023-05-12 00:00:00.000 UTC,0.497091,0.494002,0.497091,0.496379
2023-05-11 23:00:00.000 UTC,0.497857,0.494109,0.496782,0.497829
2023-05-11 22:00:00.000 UTC,0.498882,0.496505,0.496505,0.497976
2023-05-11 21:00:00.000 UTC,0.497195,0.495173,0.495198,0.497195
2023-05-11 20:00:00.000 UTC,0.495227,0.491098,0.491485,0.495227
2023-05-11 19:00:00.000 UTC,0.491704,0.490028,0.49075,0.490414
2023-05-11 18:00:00.000 UTC,0.491807,0.487204,0.490937,0.490622
2023-05-11 17:00:00.000 UTC,0.495929,0.488262,0.495929,0.492115
2023-05-11 16:00:00.000 UTC,0.497978,0.496204,0.496772,0.497674
2023-05-11 15:00:00.000 UTC,0.497632,0.494618,0.496053,0.496642
2023-05-11 14:00:00.000 UTC,0.501058,0.495663,0.501058,0.495663
2023-05-11 13:00:00.000 UTC,0.505089,0.501659,0.505089,0.501659
2023-05-11 12:00:00.000 UTC,0.509525,0.50537,0.506222,0.50537
2023-05-11 11:00:00.000 UTC,0.508487,0.506579,0.506907,0.507001
2023-05-11 10:00:00.000 UTC,0.50846,0.506164,0.506489,0.508083
2023-05-11 09:00:00.000 UTC,0.506323,0.503278,0.503278,0.506323
2023-05-11 08:00:00.000 UTC,0.50613,0.503148,0.50613,0.503896
2023-05-11 07:00:00.000 UTC,0.508363,0.506687,0.507502,0.506687
2023-05-11 06:00:00.000 UTC,0.508242,0.505801,0.508242,0.507028
2023-05-11 05:00:00.000 UTC,0.510189,0.505854,0.51016,0.507887
2023-05-11 04:00:00.000 UTC,0.510078,0.506398,0.506398,0.510078
2023-05-11 03:00:00.000 UTC,0.510249,0.506103,0.510249,0.50657
2023-05-11 02:00:00.000 UTC,0.511005,0.508222,0.511005,0.509791
2023-05-11 01:00:00.000 UTC,0.512443,0.509365,0.509365,0.510428
2023-05-11 00:00:00.000 UTC,0.517235,0.50958,0.517235,0.509912
2023-05-10 23:00:00.000 UTC,0.519371,0.517249,0.518462,0.517903
2023-05-10 22:00:00.000 UTC,0.518217,0.515978,0.515978,0.518217
2023-05-10 21:00:00.000 UTC,0.52249,0.515854,0.521936,0.516388
2023-05-10 20:00:00.000 UTC,0.523647,0.519729,0.521117,0.521906
2023-05-10 19:00:00.000 UTC,0.522369,0.512813,0.512813,0.521327
2023-05-10 18:00:00.000 UTC,0.513174,0.508988,0.508988,0.513174
2023-05-10 17:00:00.000 UTC,0.516276,0.495618,0.516276,0.508186
2023-05-10 16:00:00.000 UTC,0.518798,0.516195,0.517083,0.516195
2023-05-10 15:00:00.000 UTC,0.518206,0.514243,0.515974,0.517162
2023-05-10 14:00:00.000 UTC,0.518842,0.515863,0.517424,0.515863
2023-05-10 13:00:00.000 UTC,0.52138,0.516663,0.518985,0.516823
2023-05-10 12:00:00.000 UTC,0.519767,0.507348,0.50853,0.519767
2023-05-10 11:00:00.000 UTC,0.508601,0.506328,0.506328,0.508601
2023-05-10 10:00:00.000 UTC,0.50641,0.504966,0.506393,0.505542
2023-05-10 09:00:00.000 UTC,0.506601,0.504092,0.505616,0.506601
2023-05-10 08:00:00.000 UTC,0.50713,0.504392,0.506801,0.505236
2023-05-10 07:00:00.000 UTC,0.508768,0.506289,0.506724,0.507593
2023-05-10 06:00:00.000 UTC,0.508612,0.505943,0.508612,0.506488
2023-05-10 05:00:00.000 UTC,0.510887,0.509121,0.509845,0.509121
2023-05-10 04:00:00.000 UTC,0.509717,0.507688,0.508183,0.509717
2023-05-10 03:00:00.000 UTC,0.508977,0.507868,0.508286,0.508572
2023-05-10 02:00:00.000 UTC,0.511466,0.50909,0.511466,0.509147
2023-05-10 01:00:00.000 UTC,0.51243,0.510145,0.510166,0.511569
2023-05-10 00:00:00.000 UTC,0.510973,0.508331,0.509685,0.510219
2023-05-09 23:00:00.000 UTC,0.509685,0.506404,0.506404,0.509685
2023-05-09 22:00:00.000 UTC,0.506745,0.505254,0.506663,0.506441
2023-05-09 21:00:00.000 UTC,0.507856,0.504715,0.504715,0.507678
2023-05-09 20:00:00.000 UTC,0.508087,0.504614,0.506746,0.504715
2023-05-09 19:00:00.000 UTC,0.508982,0.506408,0.507627,0.506408
2023-05-09 18:00:00.000 UTC,0.509686,0.507003,0.509686,0.507003
2023-05-09 17:00:00.000 UTC,0.513136,0.509284,0.512144,0.509284
2023-05-09 16:00:00.000 UTC,0.510289,0.507511,0.508487,0.510289
2023-05-09 15:00:00.000 UTC,0.510868,0.508266,0.510868,0.508266
2023-05-09 14:00:00.000 UTC,0.512392,0.509138,0.511832,0.511746
2023-05-09 13:00:00.000 UTC,0.513078,0.510662,0.512652,0.510662
2023-05-09 12:00:00.000 UTC,0.51297,0.510881,0.511865,0.512552
2023-05-09 11:00:00.000 UTC,0.511504,0.50895,0.510838,0.511424
2023-05-09 10:00:00.000 UTC,0.511159,0.506804,0.507169,0.511159
2023-05-09 09:00:00.000 UTC,0.507754,0.505955,0.50606,0.507194
2023-05-09 08:00:00.000 UTC,0.509574,0.506007,0.509574,0.506007
2023-05-09 07:00:00.000 UTC,0.508637,0.503358,0.504404,0.508637
2023-05-09 06:00:00.000 UTC,0.507823,0.503483,0.507823,0.504698
2023-05-09 05:00:00.000 UTC,0.50791,0.506131,0.50731,0.507543
2023-05-09 04:00:00.000 UTC,0.508105,0.506654,0.507305,0.50772
2023-05-09 03:00:00.000 UTC,0.507241,0.506147,0.507108,0.507241
2023-05-09 02:00:00.000 UTC,0.508694,0.505623,0.508694,0.506241
2023-05-09 01:00:00.000 UTC,0.509733,0.506574,0.50676,0.508673
2023-05-09 00:00:00.000 UTC,0.509295,0.506013,0.509295,0.506318
2023-05-08 23:00:00.000 UTC,0.509496,0.505352,0.505736,0.509496
2023-05-08 22:00:00.000 UTC,0.50562,0.504852,0.505217,0.50562
2023-05-08 21:00:00.000 UTC,0.506096,0.503345,0.503778,0.505631
2023-05-08 20:00:00.000 UTC,0.506046,0.503561,0.504105,0.50412
2023-05-08 19:00:00.000 UTC,0.507045,0.503805,0.503805,0.505031
2023-05-08 18:00:00.000 UTC,0.513264,0.500058,0.513264,0.504745
2023-05-08 17:00:00.000 UTC,0.522072,0.516857,0.520598,0.517733
2023-05-08 16:00:00.000 UTC,0.526265,0.52115,0.526265,0.52115
2023-05-08 15:00:00.000 UTC,0.528987,0.526472,0.528184,0.526598
2023-05-08 14:00:00.000 UTC,0.527164,0.524726,0.525698,0.527164
2023-05-08 13:00:00.000 UTC,0.528139,0.525199,0.525632,0.525727
2023-05-08 12:00:00.000 UTC,0.527596,0.525715,0.526893,0.52576
2023-05-08 11:00:00.000 UTC,0.527641,0.525531,0.525875,0.526648
2023-05-08 10:00:00.000 UTC,0.525971,0.524187,0.524187,0.525971
2023-05-08 09:00:00.000 UTC,0.523575,0.520302,0.520396,0.523189
2023-05-08 08:00:00.000 UTC,0.522386,0.520353,0.5222,0.521277
2023-05-08 07:00:00.000 UTC,0.525274,0.520398,0.52509,0.52172
2023-05-08 06:00:00.000 UTC,0.526091,0.524673,0.525759,0.524673
2023-05-08 05:00:00.000 UTC,0.526262,0.523277,0.523277,0.526018
2023-05-08 04:00:00.000 UTC,0.526254,0.523368,0.525847,0.523368
2023-05-08 03:00:00.000 UTC,0.526708,0.524067,0.526203,0.525175
2023-05-08 02:00:00.000 UTC,0.528783,0.524945,0.526594,0.525375
2023-05-08 01:00:00.000 UTC,0.547385,0.525189,0.547025,0.526146
2023-05-08 00:00:00.000 UTC,0.547203,0.544167,0.546805,0.546844
2023-05-07 23:00:00.000 UTC,0.550641,0.545151,0.548351,0.545151
2023-05-07 22:00:00.000 UTC,0.548189,0.546151,0.547538,0.547951
2023-05-07 21:00:00.000 UTC,0.551473,0.548512,0.550062,0.548512
2023-05-07 20:00:00.000 UTC,0.550665,0.54832,0.54832,0.550665
2023-05-07 19:00:00.000 UTC,0.547964,0.546189,0.547287,0.547964
2023-05-07 18:00:00.000 UTC,0.549475,0.547789,0.549336,0.547789
2023-05-07 17:00:00.000 UTC,0.552396,0.548981,0.549987,0.548981
2023-05-07 16:00:00.000 UTC,0.551398,0.548532,0.551398,0.549016
2023-05-07 15:00:00.000 UTC,0.554049,0.550349,0.554049,0.552016
2023-05-07 14:00:00.000 UTC,0.55497,0.55075,0.551401,0.55497
2023-05-07 13:00:00.000 UTC,0.552378,0.55037,0.55037,0.550701
2023-05-07 12:00:00.000 UTC,0.551033,0.549101,0.549101,0.550045
2023-05-07 11:00:00.000 UTC,0.550234,0.547644,0.54931,0.549093
2023-05-07 10:00:00.000 UTC,0.549065,0.547737,0.54824,0.549065
2023-05-07 09:00:00.000 UTC,0.5493,0.547351,0.548797,0.548247
2023-05-07 08:00:00.000 UTC,0.551807,0.548847,0.551156,0.548847
2023-05-07 07:00:00.000 UTC,0.552112,0.550345,0.550527,0.55138
2023-05-07 06:00:00.000 UTC,0.550609,0.549408,0.549483,0.550498
2023-05-07 05:00:00.000 UTC,0.549878,0.54782,0.548017,0.54968
2023-05-07 04:00:00.000 UTC,0.548014,0.545964,0.54633,0.547934
2023-05-07 03:00:00.000 UTC,0.546448,0.545005,0.545665,0.546005
2023-05-07 02:00:00.000 UTC,0.548802,0.54573,0.547996,0.54573
2023-05-07 01:00:00.000 UTC,0.552284,0.547551,0.550748,0.549099
2023-05-07 00:00:00.000 UTC,0.550832,0.54882,0.550662,0.550349
2023-05-06 23:00:00.000 UTC,0.551099,0.549019,0.550282,0.550974
2023-05-06 22:00:00.000 UTC,0.551014,0.54939,0.551014,0.550239
2023-05-06 21:00:00.000 UTC,0.551494,0.548656,0.551441,0.54937
2023-05-06 20:00:00.000 UTC,0.553295,0.552089,0.552773,0.552089
2023-05-06 19:00:00.000 UTC,0.55449,0.552877,0.55344,0.552877
2023-05-06 18:00:00.000 UTC,0.553693,0.547996,0.548229,0.553096
2023-05-06 17:00:00.000 UTC,0.549524,0.547796,0.548289,0.547796
2023-05-06 16:00:00.000 UTC,0.547756,0.544366,0.544366,0.547587
2023-05-06 15:00:00.000 UTC,0.546773,0.544638,0.546723,0.544638
2023-05-06 14:00:00.000 UTC,0.554794,0.546825,0.554794,0.546825
2023-05-06 13:00:00.000 UTC,0.56155,0.554666,0.56155,0.555654
2023-05-06 12:00:00.000 UTC,0.567211,0.56124,0.567211,0.56124
2023-05-06 11:00:00.000 UTC,0.567079,0.565146,0.565146,0.567079
2023-05-06 10:00:00.000 UTC,0.56813,0.565668,0.567277,0.565668
2023-05-06 09:00:00.000 UTC,0.568439,0.56644,0.566682,0.56786
2023-05-06 08:00:00.000 UTC,0.56963,0.565589,0.56963,0.566492
2023-05-06 07:00:00.000 UTC,0.570396,0.568014,0.569061,0.568839
2023-05-06 06:00:00.000 UTC,0.570784,0.568833,0.570403,0.568833
2023-05-06 05:00:00.000 UTC,0.572067,0.570265,0.571477,0.570438
2023-05-06 04:00:00.000 UTC,0.571929,0.571169,0.571621,0.571169
2023-05-06 03:00:00.000 UTC,0.57335,0.571815,0.57335,0.571815
2023-05-06 02:00:00.000 UTC,0.573743,0.572094,0.573743,0.572995
2023-05-06 01:00:00.000 UTC,0.578537,0.574083,0.578331,0.574163
2023-05-06 00:00:00.000 UTC,0.581015,0.576045,0.576634,0.578988
2023-05-05 23:00:00.000 UTC,0.579665,0.576768,0.578901,0.576768
2023-05-05 22:00:00.000 UTC,0.579592,0.577577,0.578707,0.578759
2023-05-05 21:00:00.000 UTC,0.578714,0.575318,0.575318,0.578714
2023-05-05 20:00:00.000 UTC,0.57655,0.575166,0.57655,0.575751
2023-05-05 19:00:00.000 UTC,0.576487,0.573662,0.573662,0.576487
2023-05-05 18:00:00.000 UTC,0.576431,0.573148,0.575891,0.573148
2023-05-05 17:00:00.000 UTC,0.578233,0.575691,0.577805,0.575724
2023-05-05 16:00:00.000 UTC,0.581089,0.574929,0.574929,0.577674
2023-05-05 15:00:00.000 UTC,0.576159,0.573452,0.575754,0.57425
2023-05-05 14:00:00.000 UTC,0.576526,0.571375,0.571375,0.575808
2023-05-05 13:00:00.000 UTC,0.5718,0.567243,0.568461,0.570907
2023-05-05 12:00:00.000 UTC,0.572707,0.566364,0.571174,0.569351
2023-05-05 11:00:00.000 UTC,0.571735,0.569577,0.571735,0.571166
2023-05-05 10:00:00.000 UTC,0.571958,0.56749,0.56749,0.57087
2023-05-05 09:00:00.000 UTC,0.568635,0.56756,0.567978,0.567781
2023-05-05 08:00:00.000 UTC,0.569586,0.568213,0.569272,0.568213
2023-05-05 07:00:00.000 UTC,0.570982,0.568909,0.569756,0.569444
2023-05-05 06:00:00.000 UTC,0.571169,0.569664,0.570782,0.569664
2023-05-05 05:00:00.000 UTC,0.571014,0.568876,0.570891,0.570608
2023-05-05 04:00:00.000 UTC,0.571872,0.570289,0.570441,0.571253
2023-05-05 03:00:00.000 UTC,0.57274,0.570632,0.572034,0.570816
2023-05-05 02:00:00.000 UTC,0.574482,0.570175,0.571387,0.57245
2023-05-05 01:00:00.000 UTC,0.573139,0.565611,0.56761,0.573139
2023-05-05 00:00:00.000 UTC,0.568836,0.566193,0.566978,0.567893
2023-05-04 23:00:00.000 UTC,0.566748,0.56465,0.564833,0.566748
2023-05-04 22:00:00.000 UTC,0.564725,0.563843,0.564386,0.564725
2023-05-04 21:00:00.000 UTC,0.564982,0.563378,0.564514,0.563857
2023-05-04 20:00:00.000 UTC,0.565292,0.564003,0.564969,0.564517
2023-05-04 19:00:00.000 UTC,0.564993,0.562677,0.564882,0.564791
2023-05-04 18:00:00.000 UTC,0.566655,0.564137,0.566655,0.564858
2023-05-04 17:00:00.000 UTC,0.568834,0.565739,0.567732,0.566418
2023-05-04 16:00:00.000 UTC,0.568801,0.565932,0.566584,0.567231
2023-05-04 15:00:00.000 UTC,0.568948,0.566763,0.568124,0.566763
2023-05-04 14:00:00.000 UTC,0.569032,0.56678,0.568469,0.569029
2023-05-04 13:00:00.000 UTC,0.572085,0.567312,0.570954,0.567839
2023-05-04 12:00:00.000 UTC,0.574015,0.571011,0.574015,0.571011
2023-05-04 11:00:00.000 UTC,0.577361,0.573632,0.577361,0.573632
2023-05-04 10:00:00.000 UTC,0.577003,0.573481,0.574011,0.576283
2023-05-04 09:00:00.000 UTC,0.575703,0.573047,0.57551,0.573379
2023-05-04 08:00:00.000 UTC,0.575758,0.572727,0.572727,0.575758
2023-05-04 07:00:00.000 UTC,0.575678,0.57338,0.575678,0.573574
2023-05-04 06:00:00.000 UTC,0.576042,0.573958,0.576042,0.575441
2023-05-04 05:00:00.000 UTC,0.575758,0.574183,0.574581,0.575758
2023-05-04 04:00:00.000 UTC,0.576148,0.573978,0.574574,0.574411
2023-05-04 03:00:00.000 UTC,0.575415,0.57355,0.57509,0.574376
2023-05-04 02:00:00.000 UTC,0.578354,0.574995,0.577034,0.575245
2023-05-04 01:00:00.000 UTC,0.57797,0.57589,0.57736,0.576061
2023-05-04 00:00:00.000 UTC,0.581453,0.57431,0.580474,0.578206
2023-05-03 23:00:00.000 UTC,0.582928,0.580885,0.582147,0.580885
2023-05-03 22:00:00.000 UTC,0.584011,0.582221,0.582348,0.582678
2023-05-03 21:00:00.000 UTC,0.584303,0.566697,0.566697,0.584303
2023-05-03 20:00:00.000 UTC,0.567204,0.562679,0.562679,0.565543
2023-05-03 19:00:00.000 UTC,0.564557,0.559889,0.560874,0.563041
2023-05-03 18:00:00.000 UTC,0.561363,0.554565,0.554565,0.560927
2023-05-03 17:00:00.000 UTC,0.557612,0.552882,0.555991,0.556386
2023-05-03 16:00:00.000 UTC,0.555187,0.552785,0.553036,0.554924
2023-05-03 15:00:00.000 UTC,0.552499,0.549685,0.551527,0.552499
2023-05-03 14:00:00.000 UTC,0.554124,0.551553,0.554124,0.551553
2023-05-03 13:00:00.000 UTC,0.554565,0.549783,0.550978,0.554441
2023-05-03 12:00:00.000 UTC,0.557641,0.550359,0.557641,0.550359
2023-05-03 11:00:00.000 UTC,0.561621,0.558648,0.56159,0.558648
2023-05-03 10:00:00.000 UTC,0.562654,0.561524,0.562654,0.561524
2023-05-03 09:00:00.000 UTC,0.562947,0.561346,0.562947,0.56274
2023-05-03 08:00:00.000 UTC,0.562013,0.559241,0.560863,0.562013
2023-05-03 07:00:00.000 UTC,0.5613,0.560247,0.5613,0.560779
2023-05-03 06:00:00.000 UTC,0.561524,0.558826,0.559031,0.561483
2023-05-03 05:00:00.000 UTC,0.560922,0.558997,0.560802,0.558997
2023-05-03 04:00:00.000 UTC,0.561014,0.559546,0.560012,0.560525
2023-05-03 03:00:00.000 UTC,0.5601,0.558467,0.559584,0.559979
2023-05-03 02:00:00.000 UTC,0.563023,0.558249,0.563023,0.55904
2023-05-03 01:00:00.000 UTC,0.565101,0.563056,0.563793,0.563056
2023-05-03 00:00:00.000 UTC,0.569777,0.565134,0.569777,0.565134
2023-05-02 23:00:00.000 UTC,0.571548,0.569265,0.570979,0.569265
2023-05-02 22:00:00.000 UTC,0.571895,0.568984,0.568984,0.571074
2023-05-02 21:00:00.000 UTC,0.569342,0.56844,0.569091,0.569342
2023-05-02 20:00:00.000 UTC,0.570046,0.567289,0.569825,0.568755
2023-05-02 19:00:00.000 UTC,0.572434,0.565936,0.566473,0.570372
2023-05-02 18:00:00.000 UTC,0.566475,0.562711,0.563304,0.56533
2023-05-02 17:00:00.000 UTC,0.563408,0.561341,0.561412,0.563408
2023-05-02 16:00:00.000 UTC,0.563592,0.561579,0.563028,0.561579
2023-05-02 15:00:00.000 UTC,0.563577,0.559861,0.560104,0.562551
2023-05-02 14:00:00.000 UTC,0.563823,0.554408,0.555492,0.559935
2023-05-02 13:00:00.000 UTC,0.559298,0.555255,0.558353,0.555692
2023-05-02 12:00:00.000 UTC,0.56024,0.556793,0.559439,0.55856
2023-05-02 11:00:00.000 UTC,0.559988,0.557749,0.557749,0.558836
2023-05-02 10:00:00.000 UTC,0.558572,0.556742,0.558034,0.558572
2023-05-02 09:00:00.000 UTC,0.559762,0.557148,0.559762,0.558291
2023-05-02 08:00:00.000 UTC,0.561157,0.559687,0.559687,0.560048
2023-05-02 07:00:00.000 UTC,0.560217,0.55799,0.55799,0.558983
2023-05-02 06:00:00.000 UTC,0.558292,0.556931,0.557545,0.557868
2023-05-02 05:00:00.000 UTC,0.557469,0.556016,0.556016,0.557469
2023-05-02 04:00:00.000 UTC,0.558961,0.556307,0.558934,0.556307
2023-05-02 03:00:00.000 UTC,0.559124,0.555738,0.557541,0.559124
2023-05-02 02:00:00.000 UTC,0.557888,0.55565,0.556442,0.55734
2023-05-02 01:00:00.000 UTC,0.559421,0.557151,0.559043,0.557462
2023-05-02 00:00:00.000 UTC,0.560462,0.557915,0.560462,0.55958
2023-05-01 23:00:00.000 UTC,0.560696,0.558805,0.558805,0.560376
2023-05-01 22:00:00.000 UTC,0.559973,0.556679,0.558064,0.559204
2023-05-01 21:00:00.000 UTC,0.559164,0.554279,0.554279,0.557671
2023-05-01 20:00:00.000 UTC,0.558371,0.554073,0.555688,0.554073
2023-05-01 19:00:00.000 UTC,0.560093,0.554888,0.559699,0.555826
2023-05-01 18:00:00.000 UTC,0.563414,0.559963,0.563298,0.559963
2023-05-01 17:00:00.000 UTC,0.564157,0.561808,0.563545,0.563626
2023-05-01 16:00:00.000 UTC,0.563155,0.558517,0.562731,0.563155
2023-05-01 15:00:00.000 UTC,0.56717,0.562636,0.56717,0.562636
2023-05-01 14:00:00.000 UTC,0.568301,0.566094,0.56709,0.566976
2023-05-01 13:00:00.000 UTC,0.570076,0.568005,0.570076,0.568005
2023-05-01 12:00:00.000 UTC,0.571009,0.568928,0.569441,0.570361
2023-05-01 11:00:00.000 UTC,0.571393,0.569723,0.570708,0.570376
2023-05-01 10:00:00.000 UTC,0.57198,0.570782,0.571547,0.570782
2023-05-01 09:00:00.000 UTC,0.573475,0.571257,0.571469,0.571653
2023-05-01 08:00:00.000 UTC,0.572483,0.570954,0.572262,0.570954
2023-05-01 07:00:00.000 UTC,0.572703,0.571163,0.571163,0.572295
2023-05-01 06:00:00.000 UTC,0.571122,0.569594,0.569594,0.571122
2023-05-01 05:00:00.000 UTC,0.570674,0.568494,0.570172,0.569474
2023-05-01 04:00:00.000 UTC,0.56991,0.567793,0.569013,0.56991
2023-05-01 03:00:00.000 UTC,0.570946,0.568889,0.570806,0.568889
2023-05-01 02:00:00.000 UTC,0.571033,0.567267,0.567267,0.571033
2023-05-01 01:00:00.000 UTC,0.580771,0.565876,0.579851,0.565876
2023-05-01 00:00:00.000 UTC,0.581428,0.577784,0.577784,0.579755
2023-04-30 23:00:00.000 UTC,0.582506,0.57991,0.580794,0.57991
2023-04-30 22:00:00.000 UTC,0.580707,0.579281,0.579894,0.580707
2023-04-30 21:00:00.000 UTC,0.580256,0.577677,0.577677,0.579484
2023-04-30 20:00:00.000 UTC,0.581018,0.57532,0.581018,0.577231
2023-04-30 19:00:00.000 UTC,0.590661,0.58158,0.590661,0.581656
2023-04-30 18:00:00.000 UTC,0.593444,0.589133,0.590989,0.591594
2023-04-30 17:00:00.000 UTC,0.59341,0.59116,0.59221,0.591662
2023-04-30 16:00:00.000 UTC,0.592723,0.589812,0.589812,0.592358
2023-04-30 15:00:00.000 UTC,0.593117,0.587731,0.587731,0.590916
2023-04-30 14:00:00.000 UTC,0.587342,0.584058,0.585994,0.587342
2023-04-30 13:00:00.000 UTC,0.586834,0.585166,0.585374,0.585577
2023-04-30 12:00:00.000 UTC,0.586552,0.584947,0.586272,0.585632
2023-04-30 11:00:00.000 UTC,0.587743,0.58639,0.587426,0.586518
2023-04-30 10:00:00.000 UTC,0.590397,0.587029,0.588909,0.587029
2023-04-30 09:00:00.000 UTC,0.589174,0.587705,0.588643,0.588925
2023-04-30 08:00:00.000 UTC,0.589658,0.587306,0.588124,0.587837
2023-04-30 07:00:00.000 UTC,0.589383,0.588064,0.588601,0.588064
2023-04-30 06:00:00.000 UTC,0.589418,0.58846,0.588618,0.58846
2023-04-30 05:00:00.000 UTC,0.588266,0.586425,0.586633,0.588266
2023-04-30 04:00:00.000 UTC,0.586913,0.584315,0.584924,0.586913
2023-04-30 03:00:00.000 UTC,0.585997,0.585,0.585841,0.585
2023-04-30 02:00:00.000 UTC,0.585533,0.58415,0.584753,0.585232
2023-04-30 01:00:00.000 UTC,0.586992,0.585453,0.586992,0.586011
2023-04-30 00:00:00.000 UTC,0.590974,0.58727,0.590974,0.58727
2023-04-29 23:00:00.000 UTC,0.591226,0.588191,0.591226,0.590442
2023-04-29 22:00:00.000 UTC,0.592941,0.59117,0.592941,0.591396
2023-04-29 21:00:00.000 UTC,0.594028,0.59228,0.59316,0.592365
2023-04-29 20:00:00.000 UTC,0.594855,0.592858,0.594654,0.592858
2023-04-29 19:00:00.000 UTC,0.594583,0.591753,0.591753,0.594583
2023-04-29 18:00:00.000 UTC,0.591918,0.589684,0.589684,0.591674
2023-04-29 17:00:00.000 UTC,0.59397,0.589092,0.593794,0.589092
2023-04-29 16:00:00.000 UTC,0.593726,0.592162,0.592162,0.593726
2023-04-29 15:00:00.000 UTC,0.595247,0.592139,0.594028,0.592139
2023-04-29 14:00:00.000 UTC,0.595445,0.59406,0.594589,0.59406
2023-04-29 13:00:00.000 UTC,0.595202,0.590809,0.590809,0.595202
2023-04-29 12:00:00.000 UTC,0.591846,0.590799,0.59152,0.591066
2023-04-29 11:00:00.000 UTC,0.592075,0.589723,0.590396,0.591629
2023-04-29 10:00:00.000 UTC,0.592117,0.590383,0.592023,0.590866
2023-04-29 09:00:00.000 UTC,0.59253,0.590432,0.590432,0.591277
2023-04-29 08:00:00.000 UTC,0.589735,0.588193,0.589198,0.589735
2023-04-29 07:00:00.000 UTC,0.589214,0.588296,0.588296,0.588942
2023-04-29 06:00:00.000 UTC,0.590278,0.588663,0.589912,0.588736
2023-04-29 05:00:00.000 UTC,0.591503,0.589089,0.591503,0.589635
2023-04-29 04:00:00.000 UTC,0.592403,0.590927,0.591831,0.592129
2023-04-29 03:00:00.000 UTC,0.594231,0.591525,0.592538,0.592186
2023-04-29 02:00:00.000 UTC,0.591735,0.587426,0.587669,0.591735
2023-04-29 01:00:00.000 UTC,0.587699,0.584572,0.585966,0.587699
2023-04-29 00:00:00.000 UTC,0.58728,0.584977,0.586485,0.585799
2023-04-28 23:00:00.000 UTC,0.587212,0.585059,0.587212,0.586848
2023-04-28 22:00:00.000 UTC,0.588671,0.58496,0.58496,0.588671
2023-04-28 21:00:00.000 UTC,0.586088,0.584416,0.58501,0.584416
2023-04-28 20:00:00.000 UTC,0.584921,0.583989,0.584474,0.584921
2023-04-28 19:00:00.000 UTC,0.586052,0.583952,0.583952,0.584426
2023-04-28 18:00:00.000 UTC,0.583248,0.580511,0.582147,0.583248
2023-04-28 17:00:00.000 UTC,0.582547,0.580655,0.582262,0.581807
2023-04-28 16:00:00.000 UTC,0.582248,0.579861,0.580553,0.581018
2023-04-28 15:00:00.000 UTC,0.580388,0.577377,0.578309,0.58029
2023-04-28 14:00:00.000 UTC,0.581021,0.577021,0.577021,0.579836
2023-04-28 13:00:00.000 UTC,0.58087,0.576287,0.579051,0.576288
2023-04-28 12:00:00.000 UTC,0.581215,0.579436,0.579842,0.579997
2023-04-28 11:00:00.000 UTC,0.584894,0.580988,0.584894,0.580988
2023-04-28 10:00:00.000 UTC,0.586134,0.583353,0.583353,0.585011
2023-04-28 09:00:00.000 UTC,0.58898,0.583664,0.586589,0.584106
2023-04-28 08:00:00.000 UTC,0.590729,0.584751,0.590729,0.586104
2023-04-28 07:00:00.000 UTC,0.590963,0.587555,0.587555,0.590666
2023-04-28 06:00:00.000 UTC,0.587251,0.58568,0.587125,0.587251
2023-04-28 05:00:00.000 UTC,0.58842,0.587203,0.587656,0.587426
2023-04-28 04:00:00.000 UTC,0.588486,0.58556,0.585976,0.587752
2023-04-28 03:00:00.000 UTC,0.58599,0.584555,0.585174,0.58599
2023-04-28 02:00:00.000 UTC,0.58824,0.584597,0.58824,0.585391
2023-04-28 01:00:00.000 UTC,0.58933,0.586097,0.588622,0.588524
2023-04-28 00:00:00.000 UTC,0.588268,0.585729,0.588236,0.588202
2023-04-27 23:00:00.000 UTC,0.588066,0.585944,0.585944,0.588066
2023-04-27 22:00:00.000 UTC,0.589716,0.584279,0.589339,0.584279
2023-04-27 21:00:00.000 UTC,0.589731,0.587815,0.588031,0.58932
2023-04-27 20:00:00.000 UTC,0.591234,0.587901,0.590217,0.587901
2023-04-27 19:00:00.000 UTC,0.592672,0.589348,0.592672,0.591145
2023-04-27 18:00:00.000 UTC,0.594181,0.588203,0.589406,0.593515
2023-04-27 17:00:00.000 UTC,0.589455,0.58366,0.58366,0.589455
2023-04-27 16:00:00.000 UTC,0.584487,0.581721,0.584487,0.582826
2023-04-27 15:00:00.000 UTC,0.585233,0.576512,0.576512,0.583156
2023-04-27 14:00:00.000 UTC,0.579519,0.577178,0.577631,0.577801
2023-04-27 13:00:00.000 UTC,0.577672,0.576106,0.576106,0.577619
2023-04-27 12:00:00.000 UTC,0.57812,0.574331,0.577051,0.575967
2023-04-27 11:00:00.000 UTC,0.579289,0.576563,0.577659,0.576573
2023-04-27 10:00:00.000 UTC,0.578402,0.574997,0.574997,0.577487
2023-04-27 09:00:00.000 UTC,0.575726,0.5735,0.574169,0.575326
2023-04-27 08:00:00.000 UTC,0.578218,0.574378,0.57716,0.575729
2023-04-27 07:00:00.000 UTC,0.577365,0.574953,0.576263,0.5768
2023-04-27 06:00:00.000 UTC,0.580973,0.574833,0.580973,0.574833
2023-04-27 05:00:00.000 UTC,0.58436,0.58149,0.583318,0.58171
2023-04-27 04:00:00.000 UTC,0.582229,0.578339,0.578456,0.582229
2023-04-27 03:00:00.000 UTC,0.580706,0.57737,0.580706,0.579893
2023-04-27 02:00:00.000 UTC,0.582764,0.579394,0.579394,0.580798
2023-04-27 01:00:00.000 UTC,0.589866,0.580083,0.588088,0.580083
2023-04-27 00:00:00.000 UTC,0.590851,0.573885,0.575304,0.58775
2023-04-26 23:00:00.000 UTC,0.576623,0.573589,0.573589,0.574627
2023-04-26 22:00:00.000 UTC,0.578157,0.571898,0.574924,0.573863
2023-04-26 21:00:00.000 UTC,0.571342,0.563629,0.565585,0.571342
2023-04-26 20:00:00.000 UTC,0.568226,0.55553,0.568226,0.562584
2023-04-26 19:00:00.000 UTC,0.606378,0.56724,0.606378,0.569278
2023-04-26 18:00:00.000 UTC,0.608183,0.606018,0.607055,0.60604
2023-04-26 17:00:00.000 UTC,0.609611,0.607299,0.609268,0.607299
2023-04-26 16:00:00.000 UTC,0.611055,0.607524,0.611055,0.609206
2023-04-26 15:00:00.000 UTC,0.611565,0.609272,0.609526,0.611358
2023-04-26 14:00:00.000 UTC,0.612353,0.606116,0.612353,0.609183
2023-04-26 13:00:00.000 UTC,0.615366,0.608566,0.615366,0.611355
2023-04-26 12:00:00.000 UTC,0.614437,0.603007,0.603007,0.614206
2023-04-26 11:00:00.000 UTC,0.60638,0.602313,0.605172,0.602753
2023-04-26 10:00:00.000 UTC,0.605199,0.598205,0.599299,0.604348
2023-04-26 09:00:00.000 UTC,0.599528,0.596558,0.598097,0.599528
2023-04-26 08:00:00.000 UTC,0.597247,0.589746,0.58996,0.597247
2023-04-26 07:00:00.000 UTC,0.592575,0.589362,0.591955,0.589783
2023-04-26 06:00:00.000 UTC,0.594279,0.591449,0.594182,0.591912
2023-04-26 05:00:00.000 UTC,0.594539,0.591983,0.591983,0.593769
2023-04-26 04:00:00.000 UTC,0.594322,0.591446,0.591446,0.592273
2023-04-26 03:00:00.000 UTC,0.594327,0.590912,0.592771,0.591926
2023-04-26 02:00:00.000 UTC,0.593735,0.592554,0.593714,0.592554
2023-04-26 01:00:00.000 UTC,0.594421,0.592655,0.594113,0.594128
2023-04-26 00:00:00.000 UTC,0.597693,0.59443,0.596853,0.594595
2023-04-25 23:00:00.000 UTC,0.596971,0.59412,0.594465,0.596971
2023-04-25 22:00:00.000 UTC,0.597727,0.593285,0.596502,0.594975
2023-04-25 21:00:00.000 UTC,0.596833,0.59198,0.59198,0.5967
2023-04-25 20:00:00.000 UTC,0.592169,0.576913,0.576913,0.591427
2023-04-25 19:00:00.000 UTC,0.576742,0.573848,0.576742,0.576222
2023-04-25 18:00:00.000 UTC,0.578882,0.575361,0.575631,0.577482
2023-04-25 17:00:00.000 UTC,0.574545,0.567759,0.570697,0.574545
2023-04-25 16:00:00.000 UTC,0.571257,0.567334,0.569731,0.570196
2023-04-25 15:00:00.000 UTC,0.57413,0.569105,0.571446,0.569105
2023-04-25 14:00:00.000 UTC,0.575587,0.569672,0.575519,0.570765
2023-04-25 13:00:00.000 UTC,0.578509,0.57481,0.575314,0.575084
2023-04-25 12:00:00.000 UTC,0.576186,0.574312,0.575521,0.575015
2023-04-25 11:00:00.000 UTC,0.576293,0.572141,0.572477,0.57613
2023-04-25 10:00:00.000 UTC,0.572533,0.570731,0.571097,0.572405
2023-04-25 09:00:00.000 UTC,0.574324,0.571213,0.573089,0.571213
2023-04-25 08:00:00.000 UTC,0.573391,0.56832,0.573391,0.570949
2023-04-25 07:00:00.000 UTC,0.577739,0.573766,0.576446,0.574304
2023-04-25 06:00:00.000 UTC,0.579076,0.577555,0.578334,0.577555
2023-04-25 05:00:00.000 UTC,0.578428,0.574964,0.578278,0.578428
2023-04-25 04:00:00.000 UTC,0.579507,0.575397,0.576252,0.579144
2023-04-25 03:00:00.000 UTC,0.579852,0.576043,0.579532,0.576043
2023-04-25 02:00:00.000 UTC,0.583145,0.579713,0.58152,0.579713
2023-04-25 01:00:00.000 UTC,0.584841,0.5817,0.58247,0.5817
2023-04-25 00:00:00.000 UTC,0.587261,0.582136,0.586963,0.582136
2023-04-24 23:00:00.000 UTC,0.589014,0.586307,0.586307,0.586453
2023-04-24 22:00:00.000 UTC,0.587044,0.58411,0.58411,0.586483
2023-04-24 21:00:00.000 UTC,0.586367,0.583075,0.586367,0.584451
2023-04-24 20:00:00.000 UTC,0.588182,0.584444,0.585704,0.585795
2023-04-24 19:00:00.000 UTC,0.586608,0.584124,0.586287,0.586202
2023-04-24 18:00:00.000 UTC,0.58887,0.585171,0.585955,0.585894
2023-04-24 17:00:00.000 UTC,0.586251,0.579055,0.579151,0.585947
2023-04-24 16:00:00.000 UTC,0.586949,0.582001,0.58493,0.582001
2023-04-24 15:00:00.000 UTC,0.589677,0.584698,0.589677,0.584698
2023-04-24 14:00:00.000 UTC,0.596286,0.587549,0.596286,0.588254
2023-04-24 13:00:00.000 UTC,0.596781,0.590884,0.591161,0.596781
2023-04-24 12:00:00.000 UTC,0.593644,0.590986,0.593644,0.592161
2023-04-24 11:00:00.000 UTC,0.593052,0.58856,0.58856,0.593052
2023-04-24 10:00:00.000 UTC,0.58812,0.583868,0.583868,0.58812
2023-04-24 09:00:00.000 UTC,0.584163,0.580893,0.580893,0.583495
2023-04-24 08:00:00.000 UTC,0.586001,0.579929,0.584555,0.579929
2023-04-24 07:00:00.000 UTC,0.585135,0.582672,0.584489,0.584794
2023-04-24 06:00:00.000 UTC,0.59067,0.583413,0.589765,0.583413
2023-04-24 05:00:00.000 UTC,0.594143,0.589966,0.591764,0.589966
2023-04-24 04:00:00.000 UTC,0.592627,0.589861,0.591854,0.591977
2023-04-24 03:00:00.000 UTC,0.59182,0.588361,0.591505,0.591387
2023-04-24 02:00:00.000 UTC,0.594107,0.591213,0.594028,0.591837
2023-04-24 01:00:00.000 UTC,0.596137,0.59142,0.59142,0.595243
2023-04-24 00:00:00.000 UTC,0.589288,0.581714,0.587472,0.589288
2023-04-23 23:00:00.000 UTC,0.589009,0.587291,0.589009,0.588274
2023-04-23 22:00:00.000 UTC,0.588604,0.578813,0.579423,0.588589
2023-04-23 21:00:00.000 UTC,0.579446,0.576092,0.578139,0.578598
2023-04-23 20:00:00.000 UTC,0.581672,0.577089,0.579928,0.578201
2023-04-23 19:00:00.000 UTC,0.581357,0.57503,0.577695,0.580881
2023-04-23 18:00:00.000 UTC,0.586143,0.577157,0.586143,0.577157
2023-04-23 17:00:00.000 UTC,0.59156,0.586559,0.591306,0.586559
2023-04-23 16:00:00.000 UTC,0.592893,0.585836,0.589687,0.592037
2023-04-23 15:00:00.000 UTC,0.591986,0.587352,0.591986,0.589315
2023-04-23 14:00:00.000 UTC,0.597185,0.592975,0.596964,0.592975
2023-04-23 13:00:00.000 UTC,0.597297,0.595819,0.596894,0.597056
2023-04-23 12:00:00.000 UTC,0.599631,0.597548,0.598315,0.597548
2023-04-23 11:00:00.000 UTC,0.598285,0.595361,0.595361,0.598285
2023-04-23 10:00:00.000 UTC,0.599854,0.594713,0.599854,0.595722
2023-04-23 09:00:00.000 UTC,0.60244,0.599214,0.60244,0.599931
2023-04-23 08:00:00.000 UTC,0.603299,0.602286,0.603299,0.602647
2023-04-23 07:00:00.000 UTC,0.602165,0.599032,0.599658,0.602165
2023-04-23 06:00:00.000 UTC,0.60221,0.599575,0.601877,0.599575
2023-04-23 05:00:00.000 UTC,0.602206,0.598102,0.598102,0.602163
2023-04-23 04:00:00.000 UTC,0.598341,0.596435,0.596435,0.598341
2023-04-23 03:00:00.000 UTC,0.596693,0.59468,0.595464,0.596536
2023-04-23 02:00:00.000 UTC,0.595476,0.594117,0.59432,0.595377
2023-04-23 01:00:00.000 UTC,0.597068,0.59426,0.59623,0.59426
2023-04-23 00:00:00.000 UTC,0.602725,0.593543,0.602725,0.596744
2023-04-22 23:00:00.000 UTC,0.603159,0.6021,0.603139,0.602461
2023-04-22 22:00:00.000 UTC,0.6033,0.599744,0.599744,0.6033
2023-04-22 21:00:00.000 UTC,0.599,0.596288,0.597299,0.599
2023-04-22 20:00:00.000 UTC,0.599625,0.597427,0.599486,0.598059
2023-04-22 19:00:00.000 UTC,0.601358,0.599887,0.599953,0.600246
2023-04-22 18:00:00.000 UTC,0.601619,0.598312,0.600578,0.599907
2023-04-22 17:00:00.000 UTC,0.601726,0.598868,0.598868,0.600796
2023-04-22 16:00:00.000 UTC,0.602959,0.599333,0.600057,0.599333
2023-04-22 15:00:00.000 UTC,0.600486,0.597608,0.599385,0.599981
2023-04-22 14:00:00.000 UTC,0.597623,0.591731,0.592704,0.597623
2023-04-22 13:00:00.000 UTC,0.594188,0.591124,0.593109,0.592466
2023-04-22 12:00:00.000 UTC,0.592632,0.591613,0.592589,0.592632
2023-04-22 11:00:00.000 UTC,0.592473,0.591104,0.591104,0.592473
2023-04-22 10:00:00.000 UTC,0.590668,0.588912,0.59041,0.590582
2023-04-22 09:00:00.000 UTC,0.591152,0.588325,0.588325,0.590487
2023-04-22 08:00:00.000 UTC,0.590334,0.588644,0.588644,0.58875
2023-04-22 07:00:00.000 UTC,0.59158,0.588109,0.589952,0.588109
2023-04-22 06:00:00.000 UTC,0.5929,0.58988,0.59273,0.590159
2023-04-22 05:00:00.000 UTC,0.592216,0.590851,0.591893,0.591927
2023-04-22 04:00:00.000 UTC,0.592525,0.59114,0.592198,0.592179
2023-04-22 03:00:00.000 UTC,0.591827,0.589481,0.590196,0.591827
2023-04-22 02:00:00.000 UTC,0.590976,0.589491,0.590773,0.590084
2023-04-22 01:00:00.000 UTC,0.589756,0.584076,0.584984,0.589756
2023-04-22 00:00:00.000 UTC,0.59064,0.585072,0.589385,0.585072
2023-04-21 23:00:00.000 UTC,0.589989,0.586389,0.586389,0.589097
2023-04-21 22:00:00.000 UTC,0.587713,0.584604,0.586866,0.58623
2023-04-21 21:00:00.000 UTC,0.589982,0.584157,0.585851,0.587335
2023-04-21 20:00:00.000 UTC,0.588619,0.585447,0.588391,0.586483
2023-04-21 19:00:00.000 UTC,0.60699,0.589181,0.60699,0.589181
2023-04-21 18:00:00.000 UTC,0.610649,0.607461,0.60892,0.607588
2023-04-21 17:00:00.000 UTC,0.611256,0.605683,0.610936,0.609398
2023-04-21 16:00:00.000 UTC,0.612326,0.60965,0.612326,0.610499
2023-04-21 15:00:00.000 UTC,0.614972,0.612474,0.61359,0.612474
2023-04-21 14:00:00.000 UTC,0.61616,0.612313,0.612313,0.614269
2023-04-21 13:00:00.000 UTC,0.615638,0.612562,0.612562,0.613325
2023-04-21 12:00:00.000 UTC,0.612962,0.607781,0.610323,0.611691
2023-04-21 11:00:00.000 UTC,0.611774,0.608761,0.611774,0.610047
2023-04-21 10:00:00.000 UTC,0.616167,0.61199,0.615653,0.61199
2023-04-21 09:00:00.000 UTC,0.616609,0.61383,0.615448,0.61628
2023-04-21 08:00:00.000 UTC,0.617511,0.614495,0.617269,0.615427
2023-04-21 07:00:00.000 UTC,0.616026,0.610867,0.611089,0.616026
2023-04-21 06:00:00.000 UTC,0.616843,0.610655,0.614961,0.610655
2023-04-21 05:00:00.000 UTC,0.618446,0.616404,0.61705,0.616404
2023-04-21 04:00:00.000 UTC,0.621182,0.617457,0.618619,0.617898
2023-04-21 03:00:00.000 UTC,0.618421,0.615023,0.615023,0.617949
2023-04-21 02:00:00.000 UTC,0.614781,0.612864,0.614781,0.614092
2023-04-21 01:00:00.000 UTC,0.620088,0.614928,0.620088,0.614928
2023-04-21 00:00:00.000 UTC,0.621451,0.614138,0.616965,0.62055
2023-04-20 23:00:00.000 UTC,0.618774,0.615909,0.616592,0.618764
2023-04-20 22:00:00.000 UTC,0.619251,0.615449,0.615449,0.617001
2023-04-20 21:00:00.000 UTC,0.61895,0.614399,0.616258,0.615119
2023-04-20 20:00:00.000 UTC,0.61835,0.61508,0.615808,0.617519
2023-04-20 19:00:00.000 UTC,0.61805,0.613189,0.61805,0.617131
2023-04-20 18:00:00.000 UTC,0.616896,0.612466,0.615125,0.616696
2023-04-20 17:00:00.000 UTC,0.61986,0.613383,0.617237,0.615255
2023-04-20 16:00:00.000 UTC,0.627498,0.615145,0.627498,0.618383
2023-04-20 15:00:00.000 UTC,0.637774,0.632338,0.637774,0.633022
2023-04-20 14:00:00.000 UTC,0.642617,0.638189,0.641469,0.63916
2023-04-20 13:00:00.000 UTC,0.643622,0.639337,0.643622,0.641602
2023-04-20 12:00:00.000 UTC,0.644086,0.635118,0.635118,0.644086
2023-04-20 11:00:00.000 UTC,0.640626,0.634192,0.640626,0.634192
2023-04-20 10:00:00.000 UTC,0.643793,0.640009,0.642907,0.640451
2023-04-20 09:00:00.000 UTC,0.643372,0.639922,0.639922,0.642678
2023-04-20 08:00:00.000 UTC,0.642954,0.637999,0.638611,0.640324
2023-04-20 07:00:00.000 UTC,0.641758,0.638687,0.641758,0.639125
2023-04-20 06:00:00.000 UTC,0.643317,0.639593,0.639632,0.640927
2023-04-20 05:00:00.000 UTC,0.642501,0.637295,0.641137,0.638282
2023-04-20 04:00:00.000 UTC,0.642799,0.639535,0.639535,0.642509
2023-04-20 03:00:00.000 UTC,0.639715,0.63059,0.633139,0.639011
2023-04-20 02:00:00.000 UTC,0.642918,0.635092,0.642051,0.635092
2023-04-20 01:00:00.000 UTC,0.644375,0.641366,0.642394,0.64319
2023-04-20 00:00:00.000 UTC,0.643531,0.635717,0.637398,0.642473
2023-04-19 23:00:00.000 UTC,0.643956,0.634052,0.643956,0.63824
2023-04-19 22:00:00.000 UTC,0.647861,0.643634,0.646637,0.643909
2023-04-19 21:00:00.000 UTC,0.647817,0.639921,0.647694,0.646608
2023-04-19 20:00:00.000 UTC,0.64893,0.645145,0.6474,0.646535
2023-04-19 19:00:00.000 UTC,0.649447,0.647667,0.648979,0.647952
2023-04-19 18:00:00.000 UTC,0.651596,0.647428,0.650548,0.648526
2023-04-19 17:00:00.000 UTC,0.652232,0.647185,0.652232,0.649871
2023-04-19 16:00:00.000 UTC,0.653202,0.64932,0.650337,0.652434
2023-04-19 15:00:00.000 UTC,0.654041,0.649831,0.654041,0.650535
2023-04-19 14:00:00.000 UTC,0.655238,0.648698,0.648698,0.653988
2023-04-19 13:00:00.000 UTC,0.648481,0.644045,0.644692,0.647816
2023-04-19 12:00:00.000 UTC,0.648188,0.644568,0.648188,0.644568
2023-04-19 11:00:00.000 UTC,0.650428,0.645087,0.645352,0.647859
2023-04-19 10:00:00.000 UTC,0.645587,0.642757,0.643885,0.64432
2023-04-19 09:00:00.000 UTC,0.646267,0.642665,0.64337,0.644766
2023-04-19 08:00:00.000 UTC,0.688218,0.636825,0.688218,0.646898
2023-04-19 07:00:00.000 UTC,0.691584,0.688096,0.688489,0.688096
2023-04-19 06:00:00.000 UTC,0.696334,0.688924,0.696334,0.690234
2023-04-19 05:00:00.000 UTC,0.695957,0.691103,0.691103,0.695957
2023-04-19 04:00:00.000 UTC,0.694777,0.691402,0.694777,0.691402
2023-04-19 03:00:00.000 UTC,0.696165,0.692757,0.695167,0.694793
2023-04-19 02:00:00.000 UTC,0.698595,0.693051,0.698595,0.694028
2023-04-19 01:00:00.000 UTC,0.701606,0.698314,0.700197,0.699126
2023-04-19 00:00:00.000 UTC,0.703919,0.698626,0.702488,0.700639
2023-04-18 23:00:00.000 UTC,0.703439,0.698084,0.698084,0.702008
2023-04-18 22:00:00.000 UTC,0.699819,0.697077,0.699819,0.699004
2023-04-18 21:00:00.000 UTC,0.698864,0.695966,0.697633,0.696953
2023-04-18 20:00:00.000 UTC,0.69733,0.690609,0.691696,0.697101
2023-04-18 19:00:00.000 UTC,0.694965,0.69141,0.694461,0.691474
2023-04-18 18:00:00.000 UTC,0.696012,0.68986,0.690954,0.695045
2023-04-18 17:00:00.000 UTC,0.7025,0.691968,0.700143,0.691968
2023-04-18 16:00:00.000 UTC,0.704763,0.699213,0.700713,0.700992
2023-04-18 15:00:00.000 UTC,0.703662,0.697044,0.703662,0.699863
2023-04-18 14:00:00.000 UTC,0.711636,0.702544,0.711636,0.703784
2023-04-18 13:00:00.000 UTC,0.711088,0.706027,0.708047,0.710342
2023-04-18 12:00:00.000 UTC,0.712092,0.706215,0.712092,0.706215
2023-04-18 11:00:00.000 UTC,0.712565,0.707048,0.708577,0.712565
2023-04-18 10:00:00.000 UTC,0.70832,0.703208,0.706398,0.706621
2023-04-18 09:00:00.000 UTC,0.706644,0.699196,0.699196,0.706644
2023-04-18 08:00:00.000 UTC,0.701342,0.69772,0.69772,0.700685
2023-04-18 07:00:00.000 UTC,0.697186,0.695071,0.696198,0.697158
2023-04-18 06:00:00.000 UTC,0.697651,0.69534,0.696011,0.696425
2023-04-18 05:00:00.000 UTC,0.69594,0.691599,0.691599,0.69502
2023-04-18 04:00:00.000 UTC,0.693015,0.690378,0.690506,0.692728
2023-04-18 03:00:00.000 UTC,0.694187,0.690205,0.694187,0.690205
2023-04-18 02:00:00.000 UTC,0.695204,0.687779,0.69138,0.695204
2023-04-18 01:00:00.000 UTC,0.691809,0.686515,0.689706,0.691809
2023-04-18 00:00:00.000 UTC,0.704688,0.687427,0.698959,0.688756
2023-04-17 23:00:00.000 UTC,0.704089,0.688474,0.688474,0.69955
2023-04-17 22:00:00.000 UTC,0.685795,0.680654,0.680654,0.685795
2023-04-17 21:00:00.000 UTC,0.680644,0.677246,0.679412,0.679634
2023-04-17 20:00:00.000 UTC,0.679728,0.678402,0.679094,0.679331
2023-04-17 19:00:00.000 UTC,0.683125,0.678708,0.680621,0.679041
2023-04-17 18:00:00.000 UTC,0.68057,0.678582,0.678765,0.679808
2023-04-17 17:00:00.000 UTC,0.678829,0.677202,0.678087,0.67847
2023-04-17 16:00:00.000 UTC,0.67887,0.675159,0.675269,0.678246
2023-04-17 15:00:00.000 UTC,0.683841,0.673691,0.676618,0.675347
2023-04-17 14:00:00.000 UTC,0.679805,0.674863,0.678641,0.67609
2023-04-17 13:00:00.000 UTC,0.683715,0.677153,0.683684,0.677153
2023-04-17 12:00:00.000 UTC,0.684872,0.680421,0.682256,0.684872
2023-04-17 11:00:00.000 UTC,0.69252,0.679746,0.69178,0.682281
2023-04-17 10:00:00.000 UTC,0.690871,0.687036,0.689524,0.690871
2023-04-17 09:00:00.000 UTC,0.695674,0.689738,0.691853,0.689738
2023-04-17 08:00:00.000 UTC,0.692253,0.685518,0.689005,0.692253
2023-04-17 07:00:00.000 UTC,0.693911,0.677283,0.678394,0.688029
2023-04-17 06:00:00.000 UTC,0.680339,0.676565,0.680339,0.67719
2023-04-17 05:00:00.000 UTC,0.680341,0.678201,0.67949,0.679467
2023-04-17 04:00:00.000 UTC,0.681071,0.677596,0.681062,0.679816
2023-04-17 03:00:00.000 UTC,0.684115,0.681568,0.68219,0.681842
2023-04-17 02:00:00.000 UTC,0.683135,0.678149,0.678444,0.683135
2023-04-17 01:00:00.000 UTC,0.682787,0.676046,0.676344,0.677834
2023-04-17 00:00:00.000 UTC,0.692197,0.677311,0.692049,0.677507
2023-04-16 23:00:00.000 UTC,0.695203,0.690678,0.695203,0.692189
2023-04-16 22:00:00.000 UTC,0.69697,0.692774,0.69697,0.695471
2023-04-16 21:00:00.000 UTC,0.696287,0.691553,0.695096,0.696287
2023-04-16 20:00:00.000 UTC,0.698123,0.684632,0.68842,0.69608
2023-04-16 19:00:00.000 UTC,0.694634,0.687194,0.687194,0.692992
2023-04-16 18:00:00.000 UTC,0.686624,0.684934,0.686066,0.684934
2023-04-16 17:00:00.000 UTC,0.68725,0.684713,0.685057,0.686498
2023-04-16 16:00:00.000 UTC,0.684635,0.681121,0.684076,0.684635
2023-04-16 15:00:00.000 UTC,0.684196,0.680459,0.682076,0.684089
2023-04-16 14:00:00.000 UTC,0.679551,0.677062,0.677062,0.679551
2023-04-16 13:00:00.000 UTC,0.68117,0.676839,0.68117,0.676839
2023-04-16 12:00:00.000 UTC,0.680563,0.678143,0.678143,0.680227
2023-04-16 11:00:00.000 UTC,0.681474,0.678773,0.68065,0.678863
2023-04-16 10:00:00.000 UTC,0.68052,0.678516,0.68052,0.679647
2023-04-16 09:00:00.000 UTC,0.686157,0.681124,0.686157,0.681124
2023-04-16 08:00:00.000 UTC,0.686354,0.684421,0.685539,0.686354
2023-04-16 07:00:00.000 UTC,0.686041,0.682954,0.682993,0.685888
2023-04-16 06:00:00.000 UTC,0.684129,0.681577,0.681864,0.683147
2023-04-16 05:00:00.000 UTC,0.6839,0.680952,0.681344,0.682582
2023-04-16 04:00:00.000 UTC,0.68162,0.677648,0.677648,0.681044
2023-04-16 03:00:00.000 UTC,0.680127,0.676747,0.679643,0.676747
2023-04-16 02:00:00.000 UTC,0.682284,0.679302,0.682284,0.679587
2023-04-16 01:00:00.000 UTC,0.683414,0.674796,0.683414,0.680402
2023-04-16 00:00:00.000 UTC,0.686271,0.684649,0.686271,0.684832
2023-04-15 23:00:00.000 UTC,0.687886,0.686622,0.687155,0.686622
2023-04-15 22:00:00.000 UTC,0.687403,0.684157,0.684157,0.68735
2023-04-15 21:00:00.000 UTC,0.686084,0.682566,0.68309,0.684191
2023-04-15 20:00:00.000 UTC,0.685961,0.683534,0.68504,0.683987
2023-04-15 19:00:00.000 UTC,0.688237,0.682638,0.688237,0.684089
2023-04-15 18:00:00.000 UTC,0.688409,0.684273,0.684273,0.688409
2023-04-15 17:00:00.000 UTC,0.692734,0.684502,0.692224,0.685019
2023-04-15 16:00:00.000 UTC,0.69343,0.6881,0.689055,0.691074
2023-04-15 15:00:00.000 UTC,0.691769,0.686578,0.686651,0.690185
2023-04-15 14:00:00.000 UTC,0.689259,0.684326,0.685858,0.687317
2023-04-15 13:00:00.000 UTC,0.69316,0.68614,0.692935,0.68614
2023-04-15 12:00:00.000 UTC,0.692441,0.68945,0.690235,0.692441
2023-04-15 11:00:00.000 UTC,0.694776,0.68978,0.694665,0.690149
2023-04-15 10:00:00.000 UTC,0.694023,0.691883,0.694023,0.693608
2023-04-15 09:00:00.000 UTC,0.694247,0.690574,0.691448,0.694136
2023-04-15 08:00:00.000 UTC,0.693581,0.69091,0.691945,0.691643
2023-04-15 07:00:00.000 UTC,0.691747,0.685002,0.685002,0.691747
2023-04-15 06:00:00.000 UTC,0.689281,0.685067,0.688696,0.686248
2023-04-15 05:00:00.000 UTC,0.688819,0.686569,0.686569,0.6882
2023-04-15 04:00:00.000 UTC,0.688084,0.684715,0.688084,0.687659
2023-04-15 03:00:00.000 UTC,0.691063,0.6868,0.689353,0.687488
2023-04-15 02:00:00.000 UTC,0.694983,0.689452,0.694983,0.689452
2023-04-15 01:00:00.000 UTC,0.694159,0.685381,0.694159,0.692196
2023-04-15 00:00:00.000 UTC,0.701164,0.686082,0.6901,0.69703
2023-04-14 23:00:00.000 UTC,0.694398,0.689531,0.694121,0.689531
2023-04-14 22:00:00.000 UTC,0.690021,0.683791,0.684105,0.690021
2023-04-14 21:00:00.000 UTC,0.684089,0.679159,0.683326,0.683389
2023-04-14 20:00:00.000 UTC,0.685267,0.682243,0.684063,0.683593
2023-04-14 19:00:00.000 UTC,0.684494,0.678074,0.680953,0.684106
2023-04-14 18:00:00.000 UTC,0.685141,0.680236,0.682624,0.68187
2023-04-14 17:00:00.000 UTC,0.682202,0.661216,0.661216,0.682202
2023-04-14 16:00:00.000 UTC,0.66266,0.657443,0.66266,0.660136
2023-04-14 15:00:00.000 UTC,0.676741,0.662789,0.676741,0.662789
2023-04-14 14:00:00.000 UTC,0.683956,0.676746,0.683956,0.676746
2023-04-14 13:00:00.000 UTC,0.683838,0.677079,0.677079,0.683787
2023-04-14 12:00:00.000 UTC,0.686645,0.679899,0.686106,0.679899
2023-04-14 11:00:00.000 UTC,0.68581,0.684124,0.68579,0.685735
2023-04-14 10:00:00.000 UTC,0.688434,0.684664,0.684664,0.68606
2023-04-14 09:00:00.000 UTC,0.686998,0.684638,0.686524,0.685646
2023-04-14 08:00:00.000 UTC,0.687948,0.681835,0.681835,0.684559
2023-04-14 07:00:00.000 UTC,0.690874,0.682656,0.687867,0.683648
2023-04-14 06:00:00.000 UTC,0.688782,0.686744,0.688434,0.687879
2023-04-14 05:00:00.000 UTC,0.687318,0.682309,0.68249,0.687318
2023-04-14 04:00:00.000 UTC,0.68219,0.679436,0.680117,0.681959
2023-04-14 03:00:00.000 UTC,0.682149,0.676379,0.67727,0.680766
2023-04-14 02:00:00.000 UTC,0.682048,0.676761,0.677605,0.6768
2023-04-14 01:00:00.000 UTC,0.685478,0.679615,0.680375,0.680166
2023-04-14 00:00:00.000 UTC,0.682791,0.666071,0.66645,0.682791
2023-04-13 23:00:00.000 UTC,0.66821,0.664223,0.66821,0.666402
2023-04-13 22:00:00.000 UTC,0.668979,0.665512,0.665512,0.666096
2023-04-13 21:00:00.000 UTC,0.665932,0.662157,0.663648,0.665932
2023-04-13 20:00:00.000 UTC,0.666138,0.662274,0.665603,0.663439
2023-04-13 19:00:00.000 UTC,0.669928,0.666317,0.669928,0.666444
2023-04-13 18:00:00.000 UTC,0.670209,0.666648,0.667004,0.670209
2023-04-13 17:00:00.000 UTC,0.66972,0.66251,0.66251,0.66751
2023-04-13 16:00:00.000 UTC,0.663626,0.660661,0.66339,0.662676
2023-04-13 15:00:00.000 UTC,0.663776,0.660073,0.663579,0.663769
2023-04-13 14:00:00.000 UTC,0.664939,0.659259,0.660072,0.663596
2023-04-13 13:00:00.000 UTC,0.664742,0.66038,0.662034,0.661018
2023-04-13 12:00:00.000 UTC,0.661387,0.656416,0.656677,0.661387
2023-04-13 11:00:00.000 UTC,0.658497,0.656358,0.658497,0.657237
2023-04-13 10:00:00.000 UTC,0.658608,0.65495,0.657788,0.658608
2023-04-13 09:00:00.000 UTC,0.661299,0.655601,0.655601,0.658468
2023-04-13 08:00:00.000 UTC,0.656906,0.648781,0.649062,0.656906
2023-04-13 07:00:00.000 UTC,0.648537,0.643898,0.645442,0.648537
2023-04-13 06:00:00.000 UTC,0.652127,0.647006,0.652127,0.647006
2023-04-13 05:00:00.000 UTC,0.65205,0.650874,0.651599,0.65205
2023-04-13 04:00:00.000 UTC,0.654877,0.651859,0.654877,0.651859
2023-04-13 03:00:00.000 UTC,0.656481,0.650784,0.652156,0.655159
2023-04-13 02:00:00.000 UTC,0.654012,0.650964,0.654012,0.652186
2023-04-13 01:00:00.000 UTC,0.654566,0.650388,0.65373,0.654566
2023-04-13 00:00:00.000 UTC,0.659201,0.653027,0.659201,0.654928
2023-04-12 23:00:00.000 UTC,0.661412,0.647602,0.647602,0.661412
2023-04-12 22:00:00.000 UTC,0.650509,0.64593,0.646234,0.648816
2023-04-12 21:00:00.000 UTC,0.647113,0.6444,0.647113,0.646129
2023-04-12 20:00:00.000 UTC,0.64695,0.639763,0.639763,0.64695
2023-04-12 19:00:00.000 UTC,0.655469,0.638894,0.655469,0.638894
2023-04-12 18:00:00.000 UTC,0.670472,0.654961,0.664781,0.654961
2023-04-12 17:00:00.000 UTC,0.665862,0.644176,0.644176,0.665862
2023-04-12 16:00:00.000 UTC,0.643764,0.641447,0.641625,0.643732
2023-04-12 15:00:00.000 UTC,0.642298,0.636414,0.64008,0.641881
2023-04-12 14:00:00.000 UTC,0.64275,0.635791,0.635791,0.641403
2023-04-12 13:00:00.000 UTC,0.641843,0.636068,0.638196,0.636387
2023-04-12 12:00:00.000 UTC,0.637967,0.62681,0.628659,0.637721
2023-04-12 11:00:00.000 UTC,0.630064,0.626679,0.629021,0.627979
2023-04-12 10:00:00.000 UTC,0.629977,0.628736,0.629977,0.628736
2023-04-12 09:00:00.000 UTC,0.631,0.629011,0.629513,0.629011
2023-04-12 08:00:00.000 UTC,0.632638,0.630251,0.631852,0.630251
2023-04-12 07:00:00.000 UTC,0.633412,0.630484,0.630484,0.631961
2023-04-12 06:00:00.000 UTC,0.630583,0.627151,0.628437,0.630396
2023-04-12 05:00:00.000 UTC,0.630516,0.628859,0.630334,0.628859
2023-04-12 04:00:00.000 UTC,0.629652,0.625654,0.62592,0.629652
2023-04-12 03:00:00.000 UTC,0.626315,0.624139,0.625788,0.625172
2023-04-12 02:00:00.000 UTC,0.637335,0.62439,0.637335,0.62439
2023-04-12 01:00:00.000 UTC,0.644728,0.637803,0.644479,0.637803
2023-04-12 00:00:00.000 UTC,0.651795,0.647068,0.650249,0.647068
2023-04-11 23:00:00.000 UTC,0.650738,0.64817,0.650541,0.650536
2023-04-11 22:00:00.000 UTC,0.651219,0.649845,0.649845,0.650694
2023-04-11 21:00:00.000 UTC,0.650343,0.648998,0.649753,0.649327
2023-04-11 20:00:00.000 UTC,0.649957,0.647602,0.648512,0.649957
2023-04-11 19:00:00.000 UTC,0.654942,0.648624,0.651283,0.648624
2023-04-11 18:00:00.000 UTC,0.652266,0.651148,0.652266,0.651148
2023-04-11 17:00:00.000 UTC,0.652417,0.64979,0.651959,0.652417
2023-04-11 16:00:00.000 UTC,0.654407,0.650333,0.65302,0.651912
2023-04-11 15:00:00.000 UTC,0.653744,0.651042,0.651084,0.653414
2023-04-11 14:00:00.000 UTC,0.655411,0.650211,0.654053,0.650361
2023-04-11 13:00:00.000 UTC,0.653777,0.651932,0.652185,0.652972
2023-04-11 12:00:00.000 UTC,0.653687,0.651827,0.65233,0.652143
2023-04-11 11:00:00.000 UTC,0.655381,0.65252,0.655381,0.65252
2023-04-11 10:00:00.000 UTC,0.655271,0.653479,0.653479,0.655271
2023-04-11 09:00:00.000 UTC,0.653832,0.649584,0.651243,0.653832
2023-04-11 08:00:00.000 UTC,0.654702,0.651872,0.654702,0.651872
2023-04-11 07:00:00.000 UTC,0.657687,0.65495,0.65629,0.65579
2023-04-11 06:00:00.000 UTC,0.656287,0.653474,0.653642,0.656287
2023-04-11 05:00:00.000 UTC,0.658182,0.653789,0.655206,0.653789
2023-04-11 04:00:00.000 UTC,0.65572,0.652781,0.653907,0.653856
2023-04-11 03:00:00.000 UTC,0.653268,0.648967,0.652993,0.653268
2023-04-11 02:00:00.000 UTC,0.655863,0.651701,0.654187,0.652976
2023-04-11 01:00:00.000 UTC,0.65465,0.649512,0.651622,0.65465
2023-04-11 00:00:00.000 UTC,0.653864,0.650569,0.652648,0.651482
2023-04-10 23:00:00.000 UTC,0.654827,0.651425,0.653637,0.651425
2023-04-10 22:00:00.000 UTC,0.654224,0.648978,0.648978,0.653407
2023-04-10 21:00:00.000 UTC,0.649758,0.646094,0.646337,0.648655
2023-04-10 20:00:00.000 UTC,0.649001,0.644802,0.647394,0.645971
2023-04-10 19:00:00.000 UTC,0.649404,0.64492,0.64916,0.646397
2023-04-10 18:00:00.000 UTC,0.64941,0.644594,0.644594,0.649173
2023-04-10 17:00:00.000 UTC,0.645435,0.639328,0.639328,0.644028
2023-04-10 16:00:00.000 UTC,0.63726,0.631737,0.633219,0.63726
2023-04-10 15:00:00.000 UTC,0.634829,0.630925,0.630925,0.633981
2023-04-10 14:00:00.000 UTC,0.631175,0.627431,0.627431,0.631175
2023-04-10 13:00:00.000 UTC,0.631554,0.628479,0.630645,0.628572
2023-04-10 12:00:00.000 UTC,0.632447,0.630349,0.632447,0.631243
2023-04-10 11:00:00.000 UTC,0.635232,0.63255,0.63416,0.63255
2023-04-10 10:00:00.000 UTC,0.634241,0.63189,0.63189,0.634241
2023-04-10 09:00:00.000 UTC,0.63317,0.631862,0.63255,0.631925
2023-04-10 08:00:00.000 UTC,0.633865,0.632181,0.632181,0.633249
2023-04-10 07:00:00.000 UTC,0.633727,0.631241,0.633252,0.631912
2023-04-10 06:00:00.000 UTC,0.634538,0.633143,0.634126,0.633143
2023-04-10 05:00:00.000 UTC,0.635639,0.632617,0.634167,0.634838
2023-04-10 04:00:00.000 UTC,0.637236,0.635939,0.637236,0.635939
2023-04-10 03:00:00.000 UTC,0.637702,0.635228,0.636549,0.637273
2023-04-10 02:00:00.000 UTC,0.636843,0.634268,0.634268,0.636213
2023-04-10 01:00:00.000 UTC,0.639441,0.633434,0.639441,0.634515
2023-04-10 00:00:00.000 UTC,0.643254,0.639415,0.640084,0.640254
2023-04-09 23:00:00.000 UTC,0.643827,0.64014,0.643434,0.64014
2023-04-09 22:00:00.000 UTC,0.644193,0.640659,0.640659,0.644193
2023-04-09 21:00:00.000 UTC,0.640201,0.636319,0.636319,0.640201
2023-04-09 20:00:00.000 UTC,0.638894,0.636232,0.638301,0.636232
2023-04-09 19:00:00.000 UTC,0.639922,0.632469,0.632469,0.639922
2023-04-09 18:00:00.000 UTC,0.632633,0.626688,0.626688,0.632633
2023-04-09 17:00:00.000 UTC,0.626611,0.624267,0.626053,0.626611
2023-04-09 16:00:00.000 UTC,0.627593,0.625783,0.626223,0.62597
2023-04-09 15:00:00.000 UTC,0.627344,0.625107,0.627344,0.626404
2023-04-09 14:00:00.000 UTC,0.632132,0.626343,0.632132,0.627341
2023-04-09 13:00:00.000 UTC,0.632615,0.630307,0.632422,0.632061
2023-04-09 12:00:00.000 UTC,0.635025,0.632461,0.632862,0.633211
2023-04-09 11:00:00.000 UTC,0.633032,0.630348,0.630652,0.632373
2023-04-09 10:00:00.000 UTC,0.632153,0.630606,0.632153,0.63076
2023-04-09 09:00:00.000 UTC,0.632634,0.629578,0.629578,0.632161
2023-04-09 08:00:00.000 UTC,0.632922,0.630212,0.632551,0.630522
2023-04-09 07:00:00.000 UTC,0.63313,0.631473,0.63313,0.632475
2023-04-09 06:00:00.000 UTC,0.638064,0.631665,0.638064,0.633126
2023-04-09 05:00:00.000 UTC,0.640318,0.638324,0.639952,0.638324
2023-04-09 04:00:00.000 UTC,0.641036,0.639777,0.640355,0.640571
2023-04-09 03:00:00.000 UTC,0.641381,0.63952,0.640371,0.641161
2023-04-09 02:00:00.000 UTC,0.641674,0.640902,0.641625,0.640992
2023-04-09 01:00:00.000 UTC,0.642568,0.640864,0.640864,0.64156
2023-04-09 00:00:00.000 UTC,0.64112,0.637591,0.638071,0.64092
2023-04-08 23:00:00.000 UTC,0.64037,0.637773,0.640094,0.637968
2023-04-08 22:00:00.000 UTC,0.639455,0.636078,0.638653,0.638841
2023-04-08 21:00:00.000 UTC,0.640573,0.638771,0.639228,0.638771
2023-04-08 20:00:00.000 UTC,0.641297,0.639427,0.639427,0.639914
2023-04-08 19:00:00.000 UTC,0.640285,0.638376,0.639227,0.639934
2023-04-08 18:00:00.000 UTC,0.644321,0.638137,0.641098,0.638137
2023-04-08 17:00:00.000 UTC,0.64547,0.641043,0.643978,0.641043
2023-04-08 16:00:00.000 UTC,0.645336,0.643352,0.644904,0.64374
2023-04-08 15:00:00.000 UTC,0.645766,0.644117,0.645701,0.644392
2023-04-08 14:00:00.000 UTC,0.648285,0.645085,0.648285,0.645085
2023-04-08 13:00:00.000 UTC,0.64753,0.644871,0.645373,0.646864
2023-04-08 12:00:00.000 UTC,0.647766,0.644904,0.646875,0.64496
2023-04-08 11:00:00.000 UTC,0.647565,0.646064,0.64692,0.646952
2023-04-08 10:00:00.000 UTC,0.647311,0.646389,0.64701,0.646843
2023-04-08 09:00:00.000 UTC,0.648734,0.64789,0.648489,0.648492
2023-04-08 08:00:00.000 UTC,0.652303,0.647592,0.650527,0.647592
2023-04-08 07:00:00.000 UTC,0.652109,0.650583,0.651093,0.651291
2023-04-08 06:00:00.000 UTC,0.653078,0.650531,0.650861,0.651243
2023-04-08 05:00:00.000 UTC,0.650567,0.64725,0.64725,0.650567
2023-04-08 04:00:00.000 UTC,0.64859,0.6467,0.647862,0.647058
2023-04-08 03:00:00.000 UTC,0.648522,0.645449,0.645747,0.648522
2023-04-08 02:00:00.000 UTC,0.648282,0.644628,0.644862,0.646024
2023-04-08 01:00:00.000 UTC,0.644733,0.641124,0.644387,0.644733
2023-04-08 00:00:00.000 UTC,0.65596,0.644685,0.65596,0.644685
2023-04-07 23:00:00.000 UTC,0.658304,0.654649,0.654649,0.657171
2023-04-07 22:00:00.000 UTC,0.655062,0.651175,0.654608,0.654631
2023-04-07 21:00:00.000 UTC,0.656205,0.651571,0.651624,0.656205
2023-04-07 20:00:00.000 UTC,0.656272,0.651766,0.656272,0.651766
2023-04-07 19:00:00.000 UTC,0.654713,0.65029,0.652969,0.654713
2023-04-07 18:00:00.000 UTC,0.657463,0.652478,0.657463,0.652478
2023-04-07 17:00:00.000 UTC,0.661003,0.654824,0.654824,0.657299
2023-04-07 16:00:00.000 UTC,0.659332,0.651966,0.657225,0.653391
2023-04-07 15:00:00.000 UTC,0.653661,0.644831,0.645869,0.653661
2023-04-07 14:00:00.000 UTC,0.647525,0.641587,0.643464,0.646275
2023-04-07 13:00:00.000 UTC,0.646942,0.638263,0.64007,0.642156
2023-04-07 12:00:00.000 UTC,0.639584,0.634401,0.635379,0.639389
2023-04-07 11:00:00.000 UTC,0.641411,0.63453,0.641411,0.635456
2023-04-07 10:00:00.000 UTC,0.642116,0.639794,0.641737,0.641107
2023-04-07 09:00:00.000 UTC,0.643136,0.636302,0.636807,0.641266
2023-04-07 08:00:00.000 UTC,0.639803,0.633216,0.633682,0.636657
2023-04-07 07:00:00.000 UTC,0.644123,0.634255,0.643719,0.634255
2023-04-07 06:00:00.000 UTC,0.648912,0.643178,0.648912,0.644822
2023-04-07 05:00:00.000 UTC,0.656113,0.649208,0.649208,0.651005
2023-04-07 04:00:00.000 UTC,0.658807,0.634059,0.634649,0.651112
2023-04-07 03:00:00.000 UTC,0.636249,0.633268,0.635287,0.634731
2023-04-07 02:00:00.000 UTC,0.639557,0.632847,0.638679,0.635696
2023-04-07 01:00:00.000 UTC,0.641336,0.638873,0.640545,0.639545
2023-04-07 00:00:00.000 UTC,0.640697,0.63569,0.640152,0.640697
2023-04-06 23:00:00.000 UTC,0.639754,0.63741,0.637759,0.639754
2023-04-06 22:00:00.000 UTC,0.637248,0.634007,0.635895,0.637248
2023-04-06 21:00:00.000 UTC,0.637537,0.634668,0.636084,0.636155
2023-04-06 20:00:00.000 UTC,0.641814,0.636553,0.639716,0.636553
2023-04-06 19:00:00.000 UTC,0.640132,0.637046,0.637753,0.639698
2023-04-06 18:00:00.000 UTC,0.641647,0.638405,0.641199,0.639398
2023-04-06 17:00:00.000 UTC,0.642239,0.640646,0.641548,0.640736
2023-04-06 16:00:00.000 UTC,0.64462,0.642338,0.642338,0.643091
2023-04-06 15:00:00.000 UTC,0.642307,0.636103,0.636103,0.642042
2023-04-06 14:00:00.000 UTC,0.637448,0.635441,0.635441,0.637147
2023-04-06 13:00:00.000 UTC,0.639284,0.632378,0.635929,0.63394
2023-04-06 12:00:00.000 UTC,0.63934,0.635193,0.637065,0.635316
2023-04-06 11:00:00.000 UTC,0.637395,0.632427,0.632427,0.637395
2023-04-06 10:00:00.000 UTC,0.637701,0.632178,0.637701,0.632479
2023-04-06 09:00:00.000 UTC,0.641653,0.63878,0.640199,0.63878
2023-04-06 08:00:00.000 UTC,0.641337,0.638284,0.639217,0.640079
2023-04-06 07:00:00.000 UTC,0.645735,0.638625,0.64496,0.640036
2023-04-06 06:00:00.000 UTC,0.64474,0.640373,0.643731,0.644565
2023-04-06 05:00:00.000 UTC,0.647678,0.642236,0.645786,0.643176
2023-04-06 04:00:00.000 UTC,0.64813,0.645274,0.64813,0.646268
2023-04-06 03:00:00.000 UTC,0.648377,0.645728,0.647036,0.646618
2023-04-06 02:00:00.000 UTC,0.650458,0.646786,0.649638,0.646786
2023-04-06 01:00:00.000 UTC,0.660883,0.640275,0.660883,0.647469
2023-04-06 00:00:00.000 UTC,0.672876,0.652948,0.659237,0.656663
2023-04-05 23:00:00.000 UTC,0.657803,0.652675,0.654885,0.657803
2023-04-05 22:00:00.000 UTC,0.654843,0.645167,0.645967,0.654023
2023-04-05 21:00:00.000 UTC,0.645848,0.643065,0.643065,0.644383
2023-04-05 20:00:00.000 UTC,0.644152,0.641177,0.641177,0.644014
2023-04-05 19:00:00.000 UTC,0.642755,0.635005,0.635923,0.642415
2023-04-05 18:00:00.000 UTC,0.639512,0.634627,0.639463,0.634627
2023-04-05 17:00:00.000 UTC,0.640966,0.635541,0.635541,0.640252
2023-04-05 16:00:00.000 UTC,0.635725,0.631763,0.635725,0.634322
2023-04-05 15:00:00.000 UTC,0.636949,0.62966,0.636949,0.636047
2023-04-05 14:00:00.000 UTC,0.643754,0.636813,0.643754,0.638034
2023-04-05 13:00:00.000 UTC,0.64719,0.641398,0.64719,0.643325
2023-04-05 12:00:00.000 UTC,0.650471,0.642146,0.649159,0.646217
2023-04-05 11:00:00.000 UTC,0.649832,0.648068,0.648631,0.648569
2023-04-05 10:00:00.000 UTC,0.648946,0.646172,0.646172,0.648946
2023-04-05 09:00:00.000 UTC,0.649095,0.645122,0.649095,0.645995
2023-04-05 08:00:00.000 UTC,0.650674,0.645924,0.648275,0.648634
2023-04-05 07:00:00.000 UTC,0.647749,0.643325,0.643325,0.6464
2023-04-05 06:00:00.000 UTC,0.645856,0.642181,0.645024,0.643547
2023-04-05 05:00:00.000 UTC,0.645707,0.643199,0.643878,0.645707
2023-04-05 04:00:00.000 UTC,0.646989,0.643677,0.64624,0.643759
2023-04-05 03:00:00.000 UTC,0.646234,0.641428,0.642214,0.646234
2023-04-05 02:00:00.000 UTC,0.644812,0.641412,0.641412,0.64219
2023-04-05 01:00:00.000 UTC,0.644345,0.640993,0.64208,0.641439
2023-04-05 00:00:00.000 UTC,0.640913,0.633551,0.636299,0.639828
2023-04-04 23:00:00.000 UTC,0.635817,0.633721,0.635344,0.635381
2023-04-04 22:00:00.000 UTC,0.638488,0.634553,0.638256,0.635295
2023-04-04 21:00:00.000 UTC,0.640653,0.636067,0.639782,0.636827
2023-04-04 20:00:00.000 UTC,0.641365,0.636473,0.636763,0.641365
2023-04-04 19:00:00.000 UTC,0.63668,0.632913,0.632913,0.63668
2023-04-04 18:00:00.000 UTC,0.63632,0.634194,0.63632,0.634811
2023-04-04 17:00:00.000 UTC,0.638413,0.628285,0.628285,0.638413
2023-04-04 16:00:00.000 UTC,0.629056,0.626027,0.628051,0.627762
2023-04-04 15:00:00.000 UTC,0.628944,0.623696,0.627895,0.628138
2023-04-04 14:00:00.000 UTC,0.631844,0.626605,0.626615,0.629317
2023-04-04 13:00:00.000 UTC,0.632198,0.627251,0.629178,0.627251
2023-04-04 12:00:00.000 UTC,0.632453,0.628527,0.631047,0.628527
2023-04-04 11:00:00.000 UTC,0.630591,0.623771,0.623771,0.630591
2023-04-04 10:00:00.000 UTC,0.625004,0.623148,0.623233,0.623148
2023-04-04 09:00:00.000 UTC,0.625017,0.62178,0.622323,0.622867
2023-04-04 08:00:00.000 UTC,0.62208,0.618968,0.619798,0.621342
2023-04-04 07:00:00.000 UTC,0.62139,0.619069,0.620741,0.620226
2023-04-04 06:00:00.000 UTC,0.622131,0.615467,0.615467,0.621098
2023-04-04 05:00:00.000 UTC,0.616095,0.613853,0.614069,0.615341
2023-04-04 04:00:00.000 UTC,0.617474,0.612668,0.617474,0.613632
2023-04-04 03:00:00.000 UTC,0.619199,0.6174,0.618532,0.6174
2023-04-04 02:00:00.000 UTC,0.620583,0.617377,0.617377,0.620103
2023-04-04 01:00:00.000 UTC,0.619674,0.615046,0.615923,0.617762
2023-04-04 00:00:00.000 UTC,0.623646,0.616151,0.622982,0.616151
2023-04-03 23:00:00.000 UTC,0.627912,0.622141,0.622141,0.622353
2023-04-03 22:00:00.000 UTC,0.622883,0.611332,0.611332,0.621796
2023-04-03 21:00:00.000 UTC,0.611518,0.601186,0.605317,0.611518
2023-04-03 20:00:00.000 UTC,0.625734,0.60485,0.625734,0.606911
2023-04-03 19:00:00.000 UTC,0.630826,0.624823,0.627547,0.624823
2023-04-03 18:00:00.000 UTC,0.627056,0.612322,0.612844,0.62596
2023-04-03 17:00:00.000 UTC,0.612732,0.607909,0.608629,0.611336
2023-04-03 16:00:00.000 UTC,0.613446,0.609167,0.611831,0.609247
2023-04-03 15:00:00.000 UTC,0.612191,0.609056,0.61048,0.6103
2023-04-03 14:00:00.000 UTC,0.619747,0.611834,0.619055,0.612528
2023-04-03 13:00:00.000 UTC,0.622269,0.615377,0.615377,0.620909
2023-04-03 12:00:00.000 UTC,0.618855,0.613381,0.618855,0.61601
2023-04-03 11:00:00.000 UTC,0.620249,0.617856,0.620249,0.618392
2023-04-03 10:00:00.000 UTC,0.623115,0.619676,0.622096,0.621774
2023-04-03 09:00:00.000 UTC,0.625734,0.621894,0.623243,0.621996
2023-04-03 08:00:00.000 UTC,0.623476,0.612071,0.612071,0.623476
2023-04-03 07:00:00.000 UTC,0.611416,0.608391,0.608484,0.611107
2023-04-03 06:00:00.000 UTC,0.607419,0.606095,0.606204,0.607419
2023-04-03 05:00:00.000 UTC,0.608502,0.6069,0.607844,0.6069
2023-04-03 04:00:00.000 UTC,0.60833,0.606129,0.60833,0.607609
2023-04-03 03:00:00.000 UTC,0.609067,0.606184,0.60651,0.608975
2023-04-03 02:00:00.000 UTC,0.607786,0.605235,0.605235,0.606859
2023-04-03 01:00:00.000 UTC,0.621,0.604323,0.619435,0.605649
2023-04-03 00:00:00.000 UTC,0.62341,0.614385,0.617271,0.620615
2023-04-02 23:00:00.000 UTC,0.617063,0.613626,0.614811,0.617012
2023-04-02 22:00:00.000 UTC,0.61479,0.60904,0.613473,0.61479
2023-04-02 21:00:00.000 UTC,0.61621,0.612869,0.615685,0.613064
2023-04-02 20:00:00.000 UTC,0.615117,0.61147,0.61147,0.615117
2023-04-02 19:00:00.000 UTC,0.619099,0.610708,0.619099,0.612993
2023-04-02 18:00:00.000 UTC,0.622925,0.619066,0.621969,0.619066
2023-04-02 17:00:00.000 UTC,0.623681,0.618286,0.618286,0.622402
2023-04-02 16:00:00.000 UTC,0.619755,0.616046,0.619755,0.618355
2023-04-02 15:00:00.000 UTC,0.627114,0.615679,0.627114,0.619164
2023-04-02 14:00:00.000 UTC,0.630128,0.627578,0.628744,0.628036
2023-04-02 13:00:00.000 UTC,0.6321,0.627306,0.631982,0.628958
2023-04-02 12:00:00.000 UTC,0.637085,0.631309,0.636557,0.63171
2023-04-02 11:00:00.000 UTC,0.638666,0.636482,0.638428,0.63686
2023-04-02 10:00:00.000 UTC,0.642041,0.638237,0.638237,0.639735
2023-04-02 09:00:00.000 UTC,0.638982,0.635271,0.636408,0.638982
2023-04-02 08:00:00.000 UTC,0.643721,0.636336,0.636431,0.636564
2023-04-02 07:00:00.000 UTC,0.638336,0.63346,0.63346,0.635875
2023-04-02 06:00:00.000 UTC,0.633219,0.630816,0.632401,0.633057
2023-04-02 05:00:00.000 UTC,0.632333,0.630468,0.631212,0.63195
2023-04-02 04:00:00.000 UTC,0.633857,0.631403,0.633275,0.632731
2023-04-02 03:00:00.000 UTC,0.633434,0.630489,0.630489,0.633434
2023-04-02 02:00:00.000 UTC,0.631965,0.629754,0.631221,0.630735
2023-04-02 01:00:00.000 UTC,0.633291,0.631193,0.631262,0.632234
2023-04-02 00:00:00.000 UTC,0.639345,0.631862,0.636207,0.631862
2023-04-01 23:00:00.000 UTC,0.637859,0.633913,0.633913,0.636457
2023-04-01 22:00:00.000 UTC,0.633706,0.631377,0.631377,0.633706
2023-04-01 21:00:00.000 UTC,0.632592,0.630488,0.630983,0.630686
2023-04-01 20:00:00.000 UTC,0.631801,0.627155,0.627155,0.63072
2023-04-01 19:00:00.000 UTC,0.628149,0.626137,0.626137,0.626726
2023-04-01 18:00:00.000 UTC,0.625811,0.623859,0.624868,0.625811
2023-04-01 17:00:00.000 UTC,0.625633,0.623635,0.623635,0.624679
2023-04-01 16:00:00.000 UTC,0.628278,0.624639,0.625623,0.624639
2023-04-01 15:00:00.000 UTC,0.625772,0.623038,0.623038,0.625323
2023-04-01 14:00:00.000 UTC,0.626212,0.622492,0.626212,0.623428
2023-04-01 13:00:00.000 UTC,0.62814,0.626243,0.627176,0.626618
2023-04-01 12:00:00.000 UTC,0.630066,0.626425,0.627519,0.628495
2023-04-01 11:00:00.000 UTC,0.629578,0.627158,0.62729,0.627588
2023-04-01 10:00:00.000 UTC,0.626761,0.623656,0.625394,0.626761
2023-04-01 09:00:00.000 UTC,0.62541,0.62297,0.62297,0.625291
2023-04-01 08:00:00.000 UTC,0.624349,0.621715,0.623025,0.623265
2023-04-01 07:00:00.000 UTC,0.624949,0.623004,0.624949,0.623597
2023-04-01 06:00:00.000 UTC,0.628642,0.621931,0.628642,0.624587
2023-04-01 05:00:00.000 UTC,0.631925,0.628246,0.63114,0.628246
2023-04-01 04:00:00.000 UTC,0.633149,0.629509,0.629509,0.631793
2023-04-01 03:00:00.000 UTC,0.63184,0.629378,0.630439,0.630141
2023-04-01 02:00:00.000 UTC,0.633864,0.62937,0.632568,0.63097
2023-04-01 01:00:00.000 UTC,0.630127,0.626639,0.627652,0.630127
2023-04-01 00:00:00.000 UTC,0.632544,0.627326,0.629533,0.627326
2023-03-31 23:00:00.000 UTC,0.633865,0.628763,0.631782,0.628763
2023-03-31 22:00:00.000 UTC,0.632898,0.628986,0.630055,0.631504
2023-03-31 21:00:00.000 UTC,0.630286,0.627561,0.627695,0.629923
2023-03-31 20:00:00.000 UTC,0.628512,0.626003,0.626908,0.628281
2023-03-31 19:00:00.000 UTC,0.627262,0.624527,0.625117,0.626372
2023-03-31 18:00:00.000 UTC,0.62613,0.624194,0.625795,0.625494
2023-03-31 17:00:00.000 UTC,0.629354,0.624772,0.628087,0.624772
2023-03-31 16:00:00.000 UTC,0.629191,0.625884,0.627695,0.627642
2023-03-31 15:00:00.000 UTC,0.632036,0.626648,0.630388,0.626956
2023-03-31 14:00:00.000 UTC,0.63174,0.624313,0.624313,0.630994
2023-03-31 13:00:00.000 UTC,0.62503,0.617708,0.617708,0.624796
2023-03-31 12:00:00.000 UTC,0.618036,0.611472,0.611744,0.618036
2023-03-31 11:00:00.000 UTC,0.612938,0.610517,0.610811,0.612177
2023-03-31 10:00:00.000 UTC,0.613086,0.609005,0.609005,0.611354
2023-03-31 09:00:00.000 UTC,0.611174,0.608221,0.609739,0.608221
2023-03-31 08:00:00.000 UTC,0.611333,0.609626,0.610292,0.60996
2023-03-31 07:00:00.000 UTC,0.615676,0.607496,0.615185,0.609449
2023-03-31 06:00:00.000 UTC,0.616516,0.614599,0.615453,0.615455
2023-03-31 05:00:00.000 UTC,0.620051,0.616471,0.619204,0.616471
2023-03-31 04:00:00.000 UTC,0.619725,0.616839,0.618483,0.619725
2023-03-31 03:00:00.000 UTC,0.619288,0.61697,0.61697,0.618142
2023-03-31 02:00:00.000 UTC,0.619005,0.616289,0.618428,0.617033
2023-03-31 01:00:00.000 UTC,0.622227,0.617455,0.618551,0.617455
2023-03-31 00:00:00.000 UTC,0.620338,0.614345,0.618923,0.618433
2023-03-30 23:00:00.000 UTC,0.619518,0.61428,0.61428,0.619357
2023-03-30 22:00:00.000 UTC,0.619706,0.614783,0.616715,0.614783
2023-03-30 21:00:00.000 UTC,0.61807,0.615666,0.617924,0.616466
2023-03-30 20:00:00.000 UTC,0.618228,0.61366,0.614907,0.617973
2023-03-30 19:00:00.000 UTC,0.615739,0.612418,0.612418,0.614906
2023-03-30 18:00:00.000 UTC,0.612191,0.609192,0.610967,0.612191
2023-03-30 17:00:00.000 UTC,0.617426,0.611823,0.615384,0.611823
2023-03-30 16:00:00.000 UTC,0.615603,0.611778,0.615603,0.615338
2023-03-30 15:00:00.000 UTC,0.620674,0.615553,0.619807,0.615553
2023-03-30 14:00:00.000 UTC,0.620793,0.618598,0.620793,0.620519
2023-03-30 13:00:00.000 UTC,0.624513,0.620792,0.624014,0.62177
2023-03-30 12:00:00.000 UTC,0.626607,0.622502,0.626607,0.624853
2023-03-30 11:00:00.000 UTC,0.62716,0.62446,0.62446,0.626547
2023-03-30 10:00:00.000 UTC,0.62369,0.620399,0.621353,0.62369
2023-03-30 09:00:00.000 UTC,0.624098,0.617972,0.624098,0.619693
2023-03-30 08:00:00.000 UTC,0.628707,0.623474,0.628448,0.625095
2023-03-30 07:00:00.000 UTC,0.628508,0.624157,0.624527,0.628508
2023-03-30 06:00:00.000 UTC,0.630146,0.624468,0.630146,0.624501
2023-03-30 05:00:00.000 UTC,0.632425,0.626928,0.632425,0.628864
2023-03-30 04:00:00.000 UTC,0.633234,0.63133,0.63133,0.632756
2023-03-30 03:00:00.000 UTC,0.64289,0.626882,0.64289,0.632423
2023-03-30 02:00:00.000 UTC,0.647497,0.631708,0.632066,0.642904
2023-03-30 01:00:00.000 UTC,0.633821,0.628868,0.633637,0.63284
2023-03-30 00:00:00.000 UTC,0.640978,0.631371,0.640088,0.631371
2023-03-29 23:00:00.000 UTC,0.64092,0.639159,0.639665,0.639634
2023-03-29 22:00:00.000 UTC,0.642111,0.637441,0.642111,0.640083
2023-03-29 21:00:00.000 UTC,0.643012,0.640991,0.642253,0.642825
2023-03-29 20:00:00.000 UTC,0.64578,0.642257,0.643446,0.642435
2023-03-29 19:00:00.000 UTC,0.644941,0.640824,0.640936,0.644941
2023-03-29 18:00:00.000 UTC,0.640989,0.637674,0.640047,0.640318
2023-03-29 17:00:00.000 UTC,0.640264,0.633996,0.633996,0.639653
2023-03-29 16:00:00.000 UTC,0.63766,0.635177,0.63766,0.636865
2023-03-29 15:00:00.000 UTC,0.637625,0.63115,0.632978,0.637625
2023-03-29 14:00:00.000 UTC,0.641762,0.632571,0.639906,0.632779
2023-03-29 13:00:00.000 UTC,0.642802,0.637297,0.640483,0.640935
2023-03-29 12:00:00.000 UTC,0.64202,0.637584,0.640708,0.639033
2023-03-29 11:00:00.000 UTC,0.641236,0.638539,0.641236,0.639682
2023-03-29 10:00:00.000 UTC,0.644001,0.641274,0.642316,0.642847
2023-03-29 09:00:00.000 UTC,0.652767,0.641605,0.647496,0.641605
2023-03-29 08:00:00.000 UTC,0.646887,0.63037,0.631561,0.646887
2023-03-29 07:00:00.000 UTC,0.633335,0.629593,0.630316,0.631908
2023-03-29 06:00:00.000 UTC,0.633675,0.623073,0.623846,0.631528
2023-03-29 05:00:00.000 UTC,0.627939,0.621527,0.621527,0.624103
2023-03-29 04:00:00.000 UTC,0.619943,0.611239,0.611582,0.619943
2023-03-29 03:00:00.000 UTC,0.614576,0.611028,0.613651,0.611028
2023-03-29 02:00:00.000 UTC,0.614016,0.612028,0.6129,0.613704
2023-03-29 01:00:00.000 UTC,0.61586,0.61103,0.61103,0.611938
2023-03-29 00:00:00.000 UTC,0.614127,0.611119,0.614127,0.611121
2023-03-28 23:00:00.000 UTC,0.615808,0.611757,0.611757,0.615299
2023-03-28 22:00:00.000 UTC,0.613215,0.610754,0.611928,0.611032
2023-03-28 21:00:00.000 UTC,0.6156,0.610512,0.615077,0.611612
2023-03-28 20:00:00.000 UTC,0.618067,0.615034,0.616394,0.615189
2023-03-28 19:00:00.000 UTC,0.616757,0.611685,0.613679,0.616757
2023-03-28 18:00:00.000 UTC,0.612644,0.601815,0.603003,0.612644
2023-03-28 17:00:00.000 UTC,0.604528,0.602178,0.603596,0.603586
2023-03-28 16:00:00.000 UTC,0.604701,0.600008,0.604701,0.602691
2023-03-28 15:00:00.000 UTC,0.606008,0.602039,0.603287,0.604047
2023-03-28 14:00:00.000 UTC,0.604714,0.601664,0.601664,0.604511
2023-03-28 13:00:00.000 UTC,0.602587,0.597627,0.601477,0.602587
2023-03-28 12:00:00.000 UTC,0.606427,0.601291,0.606377,0.601374
2023-03-28 11:00:00.000 UTC,0.60582,0.594643,0.594643,0.60582
2023-03-28 10:00:00.000 UTC,0.598025,0.592823,0.595975,0.592823
2023-03-28 09:00:00.000 UTC,0.599961,0.595337,0.599961,0.596249
2023-03-28 08:00:00.000 UTC,0.600205,0.597182,0.598288,0.600205
2023-03-28 07:00:00.000 UTC,0.602935,0.600286,0.602935,0.600286
2023-03-28 06:00:00.000 UTC,0.604426,0.600835,0.600835,0.602851
2023-03-28 05:00:00.000 UTC,0.606561,0.598764,0.606561,0.598764
2023-03-28 04:00:00.000 UTC,0.605575,0.595541,0.595541,0.604532
2023-03-28 03:00:00.000 UTC,0.596213,0.594731,0.594748,0.595676
2023-03-28 02:00:00.000 UTC,0.597378,0.59263,0.597378,0.594205
2023-03-28 01:00:00.000 UTC,0.600085,0.589431,0.590996,0.596437
2023-03-28 00:00:00.000 UTC,0.596207,0.592836,0.596052,0.592918
2023-03-27 23:00:00.000 UTC,0.596155,0.592462,0.592742,0.596155
2023-03-27 22:00:00.000 UTC,0.593658,0.591324,0.591684,0.592526
2023-03-27 21:00:00.000 UTC,0.591168,0.585111,0.58518,0.591168
2023-03-27 20:00:00.000 UTC,0.586967,0.582253,0.583673,0.585266
2023-03-27 19:00:00.000 UTC,0.590978,0.583373,0.590007,0.586209
2023-03-27 18:00:00.000 UTC,0.593177,0.588074,0.588074,0.590491
2023-03-27 17:00:00.000 UTC,0.593869,0.588502,0.592155,0.588502
2023-03-27 16:00:00.000 UTC,0.599793,0.592759,0.594466,0.592759
2023-03-27 15:00:00.000 UTC,0.602103,0.585873,0.602103,0.594866
2023-03-27 14:00:00.000 UTC,0.613938,0.60222,0.613938,0.604124
2023-03-27 13:00:00.000 UTC,0.616096,0.612873,0.613763,0.614571
2023-03-27 12:00:00.000 UTC,0.619289,0.613228,0.619009,0.613228
2023-03-27 11:00:00.000 UTC,0.618705,0.615709,0.615996,0.617787
2023-03-27 10:00:00.000 UTC,0.616001,0.612801,0.613718,0.615749
2023-03-27 09:00:00.000 UTC,0.614582,0.612181,0.614335,0.612624
2023-03-27 08:00:00.000 UTC,0.616188,0.613258,0.615515,0.614701
2023-03-27 07:00:00.000 UTC,0.620059,0.615057,0.620059,0.615057
2023-03-27 06:00:00.000 UTC,0.621318,0.617512,0.621318,0.619702
2023-03-27 05:00:00.000 UTC,0.627595,0.621537,0.626719,0.621537
2023-03-27 04:00:00.000 UTC,0.627224,0.625791,0.625791,0.626614
2023-03-27 03:00:00.000 UTC,0.62634,0.62468,0.624965,0.62591
2023-03-27 02:00:00.000 UTC,0.62591,0.623647,0.62591,0.624498
2023-03-27 01:00:00.000 UTC,0.632762,0.625669,0.632357,0.626419
2023-03-27 00:00:00.000 UTC,0.636019,0.632122,0.633731,0.632747
2023-03-26 23:00:00.000 UTC,0.635921,0.633463,0.633463,0.633609
2023-03-26 22:00:00.000 UTC,0.635355,0.630762,0.630762,0.632866
2023-03-26 21:00:00.000 UTC,0.631559,0.629866,0.630313,0.630036
2023-03-26 20:00:00.000 UTC,0.633924,0.627845,0.632867,0.628997
2023-03-26 19:00:00.000 UTC,0.633546,0.632169,0.63297,0.633327
2023-03-26 18:00:00.000 UTC,0.634407,0.631058,0.631058,0.632503
2023-03-26 17:00:00.000 UTC,0.630781,0.626843,0.627323,0.630781
2023-03-26 16:00:00.000 UTC,0.633106,0.629064,0.632861,0.629064
2023-03-26 15:00:00.000 UTC,0.635409,0.630831,0.63306,0.631793
2023-03-26 14:00:00.000 UTC,0.640418,0.632622,0.640418,0.632622
2023-03-26 13:00:00.000 UTC,0.639638,0.63423,0.63442,0.639638
2023-03-26 12:00:00.000 UTC,0.634702,0.632673,0.634424,0.634702
2023-03-26 11:00:00.000 UTC,0.633585,0.631107,0.631226,0.633179
2023-03-26 10:00:00.000 UTC,0.63183,0.629472,0.631622,0.63183
2023-03-26 09:00:00.000 UTC,0.633981,0.630752,0.632622,0.630886
2023-03-26 08:00:00.000 UTC,0.632662,0.625162,0.627179,0.632662
2023-03-26 07:00:00.000 UTC,0.629738,0.626309,0.628907,0.626309
2023-03-26 06:00:00.000 UTC,0.629902,0.62805,0.62943,0.629599
2023-03-26 05:00:00.000 UTC,0.62921,0.625452,0.629085,0.62921
2023-03-26 04:00:00.000 UTC,0.629078,0.6277,0.628992,0.629078
2023-03-26 03:00:00.000 UTC,0.630518,0.626945,0.630497,0.628627
2023-03-26 02:00:00.000 UTC,0.630188,0.628203,0.628203,0.630188
2023-03-26 01:00:00.000 UTC,0.630195,0.625745,0.628257,0.628934
2023-03-26 00:00:00.000 UTC,0.6286,0.619385,0.623822,0.6286
2023-03-25 23:00:00.000 UTC,0.624403,0.621391,0.622561,0.624403
2023-03-25 22:00:00.000 UTC,0.624322,0.619708,0.619708,0.622066
2023-03-25 21:00:00.000 UTC,0.622189,0.619704,0.620871,0.620351
2023-03-25 20:00:00.000 UTC,0.622817,0.616013,0.616013,0.621393
2023-03-25 19:00:00.000 UTC,0.625906,0.614833,0.625906,0.614833
2023-03-25 18:00:00.000 UTC,0.629687,0.625952,0.629687,0.625952
2023-03-25 17:00:00.000 UTC,0.636069,0.629729,0.63559,0.632069
2023-03-25 16:00:00.000 UTC,0.640877,0.634549,0.640877,0.634549
2023-03-25 15:00:00.000 UTC,0.641837,0.633612,0.634479,0.641837
2023-03-25 14:00:00.000 UTC,0.639966,0.635137,0.63817,0.635137
2023-03-25 13:00:00.000 UTC,0.637684,0.633113,0.634724,0.637563
2023-03-25 12:00:00.000 UTC,0.636641,0.632253,0.636309,0.634008
2023-03-25 11:00:00.000 UTC,0.637737,0.63342,0.634249,0.635502
2023-03-25 10:00:00.000 UTC,0.635273,0.631364,0.633351,0.634811
2023-03-25 09:00:00.000 UTC,0.632994,0.629319,0.632231,0.632145
2023-03-25 08:00:00.000 UTC,0.637239,0.63055,0.637239,0.63292
2023-03-25 07:00:00.000 UTC,0.641099,0.635773,0.63727,0.638424
2023-03-25 06:00:00.000 UTC,0.63888,0.633947,0.638269,0.635824
2023-03-25 05:00:00.000 UTC,0.643789,0.635613,0.641905,0.635922
2023-03-25 04:00:00.000 UTC,0.643791,0.638764,0.639337,0.64161
2023-03-25 03:00:00.000 UTC,0.636445,0.635074,0.635535,0.636263
2023-03-25 02:00:00.000 UTC,0.637489,0.634334,0.634334,0.635893
2023-03-25 01:00:00.000 UTC,0.636158,0.632688,0.635821,0.633088
2023-03-25 00:00:00.000 UTC,0.634332,0.631196,0.631196,0.63405
2023-03-24 23:00:00.000 UTC,0.633582,0.630353,0.631595,0.630353
2023-03-24 22:00:00.000 UTC,0.633183,0.631726,0.632088,0.632243
2023-03-24 21:00:00.000 UTC,0.630609,0.625135,0.630202,0.630609
2023-03-24 20:00:00.000 UTC,0.637044,0.629504,0.63512,0.629963
2023-03-24 19:00:00.000 UTC,0.63485,0.629257,0.629257,0.634412
2023-03-24 18:00:00.000 UTC,0.629092,0.62404,0.62404,0.628434
2023-03-24 17:00:00.000 UTC,0.635631,0.622727,0.635415,0.622727
2023-03-24 16:00:00.000 UTC,0.640582,0.634865,0.640582,0.635632
2023-03-24 15:00:00.000 UTC,0.642827,0.63539,0.642827,0.639582
2023-03-24 14:00:00.000 UTC,0.647801,0.641448,0.647801,0.642786
2023-03-24 13:00:00.000 UTC,0.649787,0.645491,0.649787,0.646556
2023-03-24 12:00:00.000 UTC,0.648974,0.640746,0.640746,0.648974
2023-03-24 11:00:00.000 UTC,0.648099,0.640614,0.645349,0.640765
2023-03-24 10:00:00.000 UTC,0.647841,0.644202,0.647266,0.645516
2023-03-24 09:00:00.000 UTC,0.652728,0.647496,0.649133,0.64798
2023-03-24 08:00:00.000 UTC,0.661937,0.649069,0.660942,0.649069
2023-03-24 07:00:00.000 UTC,0.661898,0.65853,0.659334,0.661221
2023-03-24 06:00:00.000 UTC,0.660274,0.658538,0.658538,0.659644
2023-03-24 05:00:00.000 UTC,0.659675,0.654749,0.654749,0.65869
2023-03-24 04:00:00.000 UTC,0.658941,0.655274,0.657291,0.65613
2023-03-24 03:00:00.000 UTC,0.659163,0.657007,0.659024,0.657007
2023-03-24 02:00:00.000 UTC,0.663,0.658354,0.661116,0.658354
2023-03-24 01:00:00.000 UTC,0.663322,0.657146,0.659491,0.661664
2023-03-24 00:00:00.000 UTC,0.66418,0.658939,0.662418,0.658939
2023-03-23 23:00:00.000 UTC,0.66494,0.658323,0.658323,0.66311
2023-03-23 22:00:00.000 UTC,0.658776,0.657093,0.658776,0.65739
2023-03-23 21:00:00.000 UTC,0.66004,0.655076,0.66004,0.65824
2023-03-23 20:00:00.000 UTC,0.65946,0.65648,0.65946,0.658762
2023-03-23 19:00:00.000 UTC,0.659109,0.652381,0.654112,0.659109
2023-03-23 18:00:00.000 UTC,0.663514,0.652361,0.663514,0.652361
2023-03-23 17:00:00.000 UTC,0.673175,0.663002,0.672192,0.663002
2023-03-23 16:00:00.000 UTC,0.672094,0.669309,0.669939,0.671381
2023-03-23 15:00:00.000 UTC,0.672412,0.651779,0.651779,0.671952
2023-03-23 14:00:00.000 UTC,0.648558,0.639301,0.640802,0.648558
2023-03-23 13:00:00.000 UTC,0.645613,0.639368,0.645613,0.640486
2023-03-23 12:00:00.000 UTC,0.650418,0.645374,0.650418,0.645864
2023-03-23 11:00:00.000 UTC,0.654688,0.64723,0.654688,0.649624
2023-03-23 10:00:00.000 UTC,0.654419,0.650039,0.650469,0.652945
2023-03-23 09:00:00.000 UTC,0.650718,0.647209,0.648605,0.650718
2023-03-23 08:00:00.000 UTC,0.652354,0.647008,0.649304,0.648566
2023-03-23 07:00:00.000 UTC,0.648764,0.64607,0.647326,0.647465
2023-03-23 06:00:00.000 UTC,0.650358,0.64672,0.64672,0.648127
2023-03-23 05:00:00.000 UTC,0.646606,0.637643,0.638088,0.646606
2023-03-23 04:00:00.000 UTC,0.638853,0.63396,0.63396,0.637066
2023-03-23 03:00:00.000 UTC,0.638966,0.634923,0.636921,0.635049
2023-03-23 02:00:00.000 UTC,0.63768,0.630487,0.630487,0.63768
2023-03-23 01:00:00.000 UTC,0.636981,0.631112,0.636215,0.631112
2023-03-23 00:00:00.000 UTC,0.643424,0.636256,0.636256,0.637601
2023-03-22 23:00:00.000 UTC,0.637772,0.632647,0.632647,0.636047
2023-03-22 22:00:00.000 UTC,0.635373,0.630622,0.634386,0.632168
2023-03-22 21:00:00.000 UTC,0.644619,0.633258,0.64072,0.633258
2023-03-22 20:00:00.000 UTC,0.641929,0.62909,0.62909,0.641929
2023-03-22 19:00:00.000 UTC,0.665813,0.626766,0.665813,0.626766
2023-03-22 18:00:00.000 UTC,0.674648,0.658135,0.658135,0.674648
2023-03-22 17:00:00.000 UTC,0.660255,0.65091,0.660255,0.656043
2023-03-22 16:00:00.000 UTC,0.663618,0.659317,0.663463,0.660855
2023-03-22 15:00:00.000 UTC,0.674625,0.662738,0.663688,0.665067
2023-03-22 14:00:00.000 UTC,0.665766,0.65758,0.65758,0.664685
2023-03-22 13:00:00.000 UTC,0.660178,0.654425,0.65644,0.658235
2023-03-22 12:00:00.000 UTC,0.659293,0.652021,0.652101,0.65659
2023-03-22 11:00:00.000 UTC,0.659574,0.650581,0.656223,0.650581
2023-03-22 10:00:00.000 UTC,0.661111,0.651393,0.651393,0.656112
2023-03-22 09:00:00.000 UTC,0.659428,0.651994,0.656688,0.651994
2023-03-22 08:00:00.000 UTC,0.663627,0.656167,0.659215,0.658859
2023-03-22 07:00:00.000 UTC,0.669429,0.657099,0.663601,0.658651
2023-03-22 06:00:00.000 UTC,0.666278,0.661628,0.665276,0.662346
2023-03-22 05:00:00.000 UTC,0.66981,0.664014,0.666403,0.664386
2023-03-22 04:00:00.000 UTC,0.667071,0.662303,0.665981,0.665453
2023-03-22 03:00:00.000 UTC,0.669122,0.66355,0.66355,0.667175
2023-03-22 02:00:00.000 UTC,0.668259,0.661979,0.664939,0.667781
2023-03-22 01:00:00.000 UTC,0.666632,0.65975,0.663488,0.666632
2023-03-22 00:00:00.000 UTC,0.679224,0.661979,0.674741,0.662675
2023-03-21 23:00:00.000 UTC,0.679352,0.67093,0.676948,0.679352
2023-03-21 22:00:00.000 UTC,0.677185,0.667536,0.671381,0.670964
2023-03-21 21:00:00.000 UTC,0.677919,0.670847,0.675138,0.67516
2023-03-21 20:00:00.000 UTC,0.676273,0.666633,0.66839,0.671112
2023-03-21 19:00:00.000 UTC,0.669348,0.660908,0.661461,0.669348
2023-03-21 18:00:00.000 UTC,0.673539,0.658304,0.673359,0.658304
2023-03-21 17:00:00.000 UTC,0.690138,0.672862,0.690138,0.672862
2023-03-21 16:00:00.000 UTC,0.686971,0.673849,0.67432,0.686971
2023-03-21 15:00:00.000 UTC,0.675732,0.668095,0.668095,0.675732
2023-03-21 14:00:00.000 UTC,0.673262,0.665413,0.670976,0.668296
2023-03-21 13:00:00.000 UTC,0.676528,0.66726,0.668664,0.669613
2023-03-21 12:00:00.000 UTC,0.668405,0.651526,0.65265,0.668405
2023-03-21 11:00:00.000 UTC,0.653377,0.648453,0.651956,0.653377
2023-03-21 10:00:00.000 UTC,0.653777,0.641842,0.641842,0.648121
2023-03-21 09:00:00.000 UTC,0.644925,0.63607,0.636771,0.642368
2023-03-21 08:00:00.000 UTC,0.640653,0.63428,0.639034,0.636944
2023-03-21 07:00:00.000 UTC,0.649109,0.635204,0.648692,0.638957
2023-03-21 06:00:00.000 UTC,0.652979,0.649577,0.650001,0.650902
2023-03-21 05:00:00.000 UTC,0.658617,0.648465,0.658617,0.648567
2023-03-21 04:00:00.000 UTC,0.659991,0.65611,0.65611,0.657319
2023-03-21 03:00:00.000 UTC,0.659813,0.655738,0.657527,0.655738
2023-03-21 02:00:00.000 UTC,0.665788,0.654141,0.665788,0.657198
2023-03-21 01:00:00.000 UTC,0.66714,0.659874,0.666828,0.666281
2023-03-21 00:00:00.000 UTC,0.671966,0.660062,0.660222,0.669397
2023-03-20 23:00:00.000 UTC,0.668754,0.658312,0.665499,0.658312
2023-03-20 22:00:00.000 UTC,0.669571,0.664662,0.666685,0.666253
2023-03-20 21:00:00.000 UTC,0.66831,0.661748,0.661748,0.66831
2023-03-20 20:00:00.000 UTC,0.663893,0.652233,0.652233,0.663893
2023-03-20 19:00:00.000 UTC,0.662528,0.647479,0.662528,0.651166
2023-03-20 18:00:00.000 UTC,0.663681,0.657179,0.662332,0.662238
2023-03-20 17:00:00.000 UTC,0.671888,0.667241,0.667706,0.668253
2023-03-20 16:00:00.000 UTC,0.683426,0.670766,0.681536,0.670766
2023-03-20 15:00:00.000 UTC,0.683134,0.679333,0.682682,0.683134
2023-03-20 14:00:00.000 UTC,0.683063,0.676503,0.677271,0.681722
2023-03-20 13:00:00.000 UTC,0.687775,0.675935,0.687775,0.677655
2023-03-20 12:00:00.000 UTC,0.688516,0.683162,0.685996,0.688516
2023-03-20 11:00:00.000 UTC,0.693021,0.683496,0.683496,0.689554
2023-03-20 10:00:00.000 UTC,0.688074,0.681521,0.687873,0.682161
2023-03-20 09:00:00.000 UTC,0.693418,0.685769,0.692162,0.685769
2023-03-20 08:00:00.000 UTC,0.697749,0.689193,0.697749,0.695703
2023-03-20 07:00:00.000 UTC,0.700104,0.677163,0.677163,0.700104
2023-03-20 06:00:00.000 UTC,0.683723,0.672954,0.676249,0.678091
2023-03-20 05:00:00.000 UTC,0.678653,0.673267,0.673267,0.676112
2023-03-20 04:00:00.000 UTC,0.675271,0.667158,0.671229,0.673423
2023-03-20 03:00:00.000 UTC,0.689463,0.671499,0.689463,0.671499
2023-03-20 02:00:00.000 UTC,0.703617,0.684518,0.699071,0.687296
2023-03-20 01:00:00.000 UTC,0.71139,0.690096,0.690096,0.700716
2023-03-20 00:00:00.000 UTC,0.696944,0.683411,0.684224,0.689238
2023-03-19 23:00:00.000 UTC,0.699263,0.685043,0.692986,0.685043
2023-03-19 22:00:00.000 UTC,0.692745,0.687827,0.688624,0.692581
2023-03-19 21:00:00.000 UTC,0.698755,0.692307,0.692307,0.692765
2023-03-19 20:00:00.000 UTC,0.705052,0.691068,0.702529,0.691379
2023-03-19 19:00:00.000 UTC,0.708193,0.701254,0.701829,0.702427
2023-03-19 18:00:00.000 UTC,0.70159,0.695228,0.695228,0.700462
2023-03-19 17:00:00.000 UTC,0.698951,0.694603,0.697658,0.695392
2023-03-19 16:00:00.000 UTC,0.700342,0.687412,0.687874,0.700154
2023-03-19 15:00:00.000 UTC,0.690419,0.685168,0.685549,0.688195
2023-03-19 14:00:00.000 UTC,0.687569,0.684738,0.68484,0.684738
2023-03-19 13:00:00.000 UTC,0.685906,0.680491,0.684879,0.683759
2023-03-19 12:00:00.000 UTC,0.687932,0.683624,0.684988,0.683624
2023-03-19 11:00:00.000 UTC,0.685243,0.673648,0.678259,0.685243
2023-03-19 10:00:00.000 UTC,0.686578,0.677751,0.686578,0.677751
2023-03-19 09:00:00.000 UTC,0.687754,0.682563,0.682992,0.687754
2023-03-19 08:00:00.000 UTC,0.688054,0.682045,0.686138,0.686549
2023-03-19 07:00:00.000 UTC,0.686454,0.678339,0.685728,0.684738
2023-03-19 06:00:00.000 UTC,0.693359,0.685388,0.692106,0.685388
2023-03-19 05:00:00.000 UTC,0.698225,0.688184,0.697732,0.692786
2023-03-19 04:00:00.000 UTC,0.703154,0.693178,0.700495,0.696459
2023-03-19 03:00:00.000 UTC,0.700387,0.69078,0.69078,0.700387
2023-03-19 02:00:00.000 UTC,0.695513,0.689648,0.692522,0.689648
2023-03-19 01:00:00.000 UTC,0.705152,0.685523,0.686242,0.695493
2023-03-19 00:00:00.000 UTC,0.68875,0.672759,0.674186,0.687835
2023-03-18 23:00:00.000 UTC,0.6812,0.668245,0.6812,0.668245
2023-03-18 22:00:00.000 UTC,0.693632,0.683696,0.690014,0.683696
2023-03-18 21:00:00.000 UTC,0.69573,0.69039,0.693969,0.691
2023-03-18 20:00:00.000 UTC,0.696733,0.690777,0.691939,0.695376
2023-03-18 19:00:00.000 UTC,0.695435,0.691888,0.695289,0.691888
2023-03-18 18:00:00.000 UTC,0.695493,0.688395,0.691301,0.694144
2023-03-18 17:00:00.000 UTC,0.69481,0.685517,0.69481,0.689087
2023-03-18 16:00:00.000 UTC,0.698769,0.680843,0.68854,0.697556
2023-03-18 15:00:00.000 UTC,0.702426,0.681884,0.702426,0.689382
2023-03-18 14:00:00.000 UTC,0.708269,0.701485,0.704427,0.702524
2023-03-18 13:00:00.000 UTC,0.712784,0.699989,0.712784,0.70382
2023-03-18 12:00:00.000 UTC,0.71845,0.700449,0.707269,0.712047
2023-03-18 11:00:00.000 UTC,0.709694,0.704027,0.709694,0.706293
2023-03-18 10:00:00.000 UTC,0.708322,0.699551,0.699761,0.708322
2023-03-18 09:00:00.000 UTC,0.701528,0.694964,0.701528,0.70035
2023-03-18 08:00:00.000 UTC,0.712776,0.698478,0.712776,0.702541
2023-03-18 07:00:00.000 UTC,0.713732,0.71021,0.713732,0.710417
2023-03-18 06:00:00.000 UTC,0.717218,0.711888,0.717218,0.711984
2023-03-18 05:00:00.000 UTC,0.714555,0.707052,0.708296,0.714087
2023-03-18 04:00:00.000 UTC,0.727601,0.70923,0.727601,0.70923
2023-03-18 03:00:00.000 UTC,0.731844,0.691904,0.695025,0.731024
2023-03-18 02:00:00.000 UTC,0.700808,0.68065,0.686428,0.696522
2023-03-18 01:00:00.000 UTC,0.694918,0.681717,0.689091,0.684761
2023-03-18 00:00:00.000 UTC,0.693711,0.68046,0.681871,0.688756
2023-03-17 23:00:00.000 UTC,0.686156,0.678774,0.68039,0.682463
2023-03-17 22:00:00.000 UTC,0.684462,0.641104,0.64139,0.684462
2023-03-17 21:00:00.000 UTC,0.64332,0.626657,0.626657,0.639687
2023-03-17 20:00:00.000 UTC,0.632915,0.624806,0.632915,0.625597
2023-03-17 19:00:00.000 UTC,0.632602,0.623854,0.623854,0.632602
2023-03-17 18:00:00.000 UTC,0.622367,0.617543,0.621313,0.622367
2023-03-17 17:00:00.000 UTC,0.621283,0.615715,0.615715,0.621278
2023-03-17 16:00:00.000 UTC,0.617061,0.613187,0.6152,0.614662
2023-03-17 15:00:00.000 UTC,0.617018,0.611409,0.611409,0.615319
2023-03-17 14:00:00.000 UTC,0.627525,0.610356,0.622678,0.610356
2023-03-17 13:00:00.000 UTC,0.628409,0.622829,0.627759,0.622829
2023-03-17 12:00:00.000 UTC,0.634068,0.624395,0.634068,0.628451
2023-03-17 11:00:00.000 UTC,0.634119,0.627685,0.629348,0.634119
2023-03-17 10:00:00.000 UTC,0.630596,0.622101,0.622101,0.630596
2023-03-17 09:00:00.000 UTC,0.619684,0.615576,0.615576,0.619684
2023-03-17 08:00:00.000 UTC,0.619979,0.615571,0.618572,0.615863
2023-03-17 07:00:00.000 UTC,0.62135,0.615836,0.62135,0.617736
2023-03-17 06:00:00.000 UTC,0.620461,0.610397,0.610559,0.620461
2023-03-17 05:00:00.000 UTC,0.612443,0.608589,0.612443,0.610211
2023-03-17 04:00:00.000 UTC,0.612769,0.610749,0.612292,0.612597
2023-03-17 03:00:00.000 UTC,0.611415,0.607367,0.607367,0.611415
2023-03-17 02:00:00.000 UTC,0.614493,0.606829,0.607115,0.607974
2023-03-17 01:00:00.000 UTC,0.606036,0.59062,0.590826,0.606036
2023-03-17 00:00:00.000 UTC,0.599178,0.590439,0.598652,0.590439
2023-03-16 23:00:00.000 UTC,0.600472,0.595914,0.595914,0.600056
2023-03-16 22:00:00.000 UTC,0.598989,0.594368,0.594368,0.595934
2023-03-16 21:00:00.000 UTC,0.596612,0.588109,0.588109,0.596612
2023-03-16 20:00:00.000 UTC,0.598695,0.589344,0.598695,0.589344
2023-03-16 19:00:00.000 UTC,0.600568,0.591821,0.591821,0.598056
2023-03-16 18:00:00.000 UTC,0.591546,0.587775,0.590257,0.587775
2023-03-16 17:00:00.000 UTC,0.59435,0.589772,0.59435,0.590557
2023-03-16 16:00:00.000 UTC,0.596991,0.592625,0.596991,0.594522
2023-03-16 15:00:00.000 UTC,0.597322,0.590597,0.597322,0.597298
2023-03-16 14:00:00.000 UTC,0.600215,0.588867,0.595129,0.596398
2023-03-16 13:00:00.000 UTC,0.593184,0.582613,0.587827,0.593184
2023-03-16 12:00:00.000 UTC,0.59777,0.585866,0.59777,0.586914
2023-03-16 11:00:00.000 UTC,0.601027,0.594349,0.601027,0.599147
2023-03-16 10:00:00.000 UTC,0.598594,0.592504,0.593586,0.596025
2023-03-16 09:00:00.000 UTC,0.595339,0.586128,0.593253,0.593279
2023-03-16 08:00:00.000 UTC,0.593531,0.590866,0.592812,0.592446
2023-03-16 07:00:00.000 UTC,0.597925,0.59037,0.59037,0.594676
2023-03-16 06:00:00.000 UTC,0.594347,0.587123,0.591519,0.587123
2023-03-16 05:00:00.000 UTC,0.593539,0.581705,0.585802,0.588905
2023-03-16 04:00:00.000 UTC,0.587618,0.581389,0.587333,0.581389
2023-03-16 03:00:00.000 UTC,0.596727,0.585569,0.593062,0.586679
2023-03-16 02:00:00.000 UTC,0.592695,0.583997,0.583997,0.592695
2023-03-16 01:00:00.000 UTC,0.584905,0.578713,0.580393,0.584905
2023-03-16 00:00:00.000 UTC,0.592533,0.584264,0.58685,0.584264
2023-03-15 23:00:00.000 UTC,0.58989,0.585871,0.586877,0.585871
2023-03-15 22:00:00.000 UTC,0.592993,0.5858,0.588829,0.586824
2023-03-15 21:00:00.000 UTC,0.58992,0.582968,0.583393,0.589797
2023-03-15 20:00:00.000 UTC,0.585038,0.575978,0.576792,0.58343
2023-03-15 19:00:00.000 UTC,0.586893,0.574647,0.58547,0.574647
2023-03-15 18:00:00.000 UTC,0.583999,0.575206,0.580897,0.583469
2023-03-15 17:00:00.000 UTC,0.581043,0.575099,0.575099,0.580479
2023-03-15 16:00:00.000 UTC,0.601074,0.577756,0.601074,0.577756
2023-03-15 15:00:00.000 UTC,0.618865,0.598164,0.618865,0.598164
2023-03-15 14:00:00.000 UTC,0.626808,0.61076,0.624031,0.615936
2023-03-15 13:00:00.000 UTC,0.635764,0.626147,0.629295,0.626147
2023-03-15 12:00:00.000 UTC,0.636701,0.623795,0.631283,0.628554
2023-03-15 11:00:00.000 UTC,0.632932,0.620754,0.632932,0.626688
2023-03-15 10:00:00.000 UTC,0.6402,0.633001,0.640037,0.633889
2023-03-15 09:00:00.000 UTC,0.64798,0.638882,0.64798,0.640389
2023-03-15 08:00:00.000 UTC,0.653475,0.647702,0.650641,0.648507
2023-03-15 07:00:00.000 UTC,0.648568,0.645127,0.646156,0.647587
2023-03-15 06:00:00.000 UTC,0.647599,0.643025,0.647074,0.646208
2023-03-15 05:00:00.000 UTC,0.652784,0.64611,0.649399,0.64611
2023-03-15 04:00:00.000 UTC,0.649254,0.646209,0.646209,0.649254
2023-03-15 03:00:00.000 UTC,0.651702,0.644922,0.649313,0.645217
2023-03-15 02:00:00.000 UTC,0.650965,0.647557,0.650675,0.650565
2023-03-15 01:00:00.000 UTC,0.656507,0.645528,0.645528,0.651958
2023-03-15 00:00:00.000 UTC,0.647985,0.637263,0.64766,0.641192
2023-03-14 23:00:00.000 UTC,0.649569,0.643437,0.644016,0.647522
2023-03-14 22:00:00.000 UTC,0.642518,0.637079,0.640473,0.642116
2023-03-14 21:00:00.000 UTC,0.642175,0.628459,0.642175,0.635566
2023-03-14 20:00:00.000 UTC,0.649455,0.640285,0.647754,0.643334
2023-03-14 19:00:00.000 UTC,0.653554,0.638869,0.647602,0.643446
2023-03-14 18:00:00.000 UTC,0.658989,0.647869,0.658989,0.647869
2023-03-14 17:00:00.000 UTC,0.660617,0.653921,0.659935,0.657839
2023-03-14 16:00:00.000 UTC,0.663199,0.653135,0.662898,0.658122
2023-03-14 15:00:00.000 UTC,0.666279,0.659323,0.659787,0.661949
2023-03-14 14:00:00.000 UTC,0.660128,0.643774,0.645913,0.660128
2023-03-14 13:00:00.000 UTC,0.65046,0.641338,0.642381,0.64291
2023-03-14 12:00:00.000 UTC,0.644249,0.609979,0.611455,0.644249
2023-03-14 11:00:00.000 UTC,0.611845,0.608404,0.611845,0.610941
2023-03-14 10:00:00.000 UTC,0.61082,0.605629,0.607072,0.610016
2023-03-14 09:00:00.000 UTC,0.606412,0.601785,0.605339,0.606026
2023-03-14 08:00:00.000 UTC,0.609552,0.599447,0.609552,0.605427
2023-03-14 07:00:00.000 UTC,0.618684,0.609057,0.616945,0.609057
2023-03-14 06:00:00.000 UTC,0.621146,0.616714,0.618687,0.616714
2023-03-14 05:00:00.000 UTC,0.625019,0.617364,0.621962,0.617364
2023-03-14 04:00:00.000 UTC,0.62271,0.620248,0.621895,0.621596
2023-03-14 03:00:00.000 UTC,0.622354,0.617434,0.617434,0.621918
2023-03-14 02:00:00.000 UTC,0.620669,0.616666,0.616666,0.616933
2023-03-14 01:00:00.000 UTC,0.618462,0.612758,0.614916,0.617288
2023-03-14 00:00:00.000 UTC,0.621938,0.617569,0.621938,0.617569
2023-03-13 23:00:00.000 UTC,0.626611,0.614211,0.626611,0.619835
2023-03-13 22:00:00.000 UTC,0.629319,0.620209,0.620209,0.623985
2023-03-13 21:00:00.000 UTC,0.621802,0.619366,0.619775,0.62001
2023-03-13 20:00:00.000 UTC,0.619673,0.615327,0.61609,0.617653
2023-03-13 19:00:00.000 UTC,0.621712,0.616727,0.616727,0.616775
2023-03-13 18:00:00.000 UTC,0.617465,0.612611,0.614164,0.616758
2023-03-13 17:00:00.000 UTC,0.613441,0.607867,0.612742,0.61325
2023-03-13 16:00:00.000 UTC,0.619335,0.609039,0.611112,0.614292
2023-03-13 15:00:00.000 UTC,0.620394,0.606425,0.606425,0.611613
2023-03-13 14:00:00.000 UTC,0.608183,0.579708,0.579708,0.603043
2023-03-13 13:00:00.000 UTC,0.581893,0.571224,0.571224,0.57932
2023-03-13 12:00:00.000 UTC,0.576278,0.567042,0.576278,0.568357
2023-03-13 11:00:00.000 UTC,0.578947,0.573208,0.578357,0.575315
2023-03-13 10:00:00.000 UTC,0.578377,0.571562,0.571701,0.574747
2023-03-13 09:00:00.000 UTC,0.586323,0.572226,0.584267,0.574773
2023-03-13 08:00:00.000 UTC,0.595307,0.584407,0.593669,0.584407
2023-03-13 07:00:00.000 UTC,0.597088,0.593135,0.594156,0.594658
2023-03-13 06:00:00.000 UTC,0.595128,0.592827,0.595128,0.594071
2023-03-13 05:00:00.000 UTC,0.595607,0.59307,0.593165,0.594886
2023-03-13 04:00:00.000 UTC,0.593924,0.58818,0.58818,0.593167
2023-03-13 03:00:00.000 UTC,0.592044,0.586737,0.591791,0.588064
2023-03-13 02:00:00.000 UTC,0.606233,0.590592,0.606233,0.592279
2023-03-13 01:00:00.000 UTC,0.607041,0.603451,0.604726,0.606397
2023-03-13 00:00:00.000 UTC,0.609286,0.58744,0.589098,0.605991
2023-03-12 23:00:00.000 UTC,0.586866,0.574218,0.574218,0.586866
2023-03-12 22:00:00.000 UTC,0.580525,0.552118,0.554939,0.573561
2023-03-12 21:00:00.000 UTC,0.553591,0.550535,0.553591,0.5534
2023-03-12 20:00:00.000 UTC,0.553188,0.540206,0.540206,0.551845
2023-03-12 19:00:00.000 UTC,0.550387,0.540422,0.547178,0.540422
2023-03-12 18:00:00.000 UTC,0.549162,0.535165,0.535165,0.549162
2023-03-12 17:00:00.000 UTC,0.535144,0.520594,0.522096,0.535144
2023-03-12 16:00:00.000 UTC,0.522632,0.519198,0.520179,0.522632
2023-03-12 15:00:00.000 UTC,0.52186,0.518638,0.521039,0.520083
2023-03-12 14:00:00.000 UTC,0.525436,0.523197,0.525436,0.523532
2023-03-12 13:00:00.000 UTC,0.528449,0.524515,0.524515,0.525821
2023-03-12 12:00:00.000 UTC,0.529632,0.524017,0.529632,0.525759
2023-03-12 11:00:00.000 UTC,0.530328,0.5274,0.529606,0.529738
2023-03-12 10:00:00.000 UTC,0.529702,0.524381,0.525201,0.528132
2023-03-12 09:00:00.000 UTC,0.52907,0.527147,0.52907,0.527666
2023-03-12 08:00:00.000 UTC,0.52819,0.526057,0.52819,0.527904
2023-03-12 07:00:00.000 UTC,0.53028,0.52534,0.529442,0.527459
2023-03-12 06:00:00.000 UTC,0.53092,0.52789,0.528311,0.52821
2023-03-12 05:00:00.000 UTC,0.533477,0.528335,0.528335,0.530617
2023-03-12 04:00:00.000 UTC,0.528628,0.526687,0.527736,0.5283
2023-03-12 03:00:00.000 UTC,0.530051,0.527256,0.527957,0.528218
2023-03-12 02:00:00.000 UTC,0.527655,0.525066,0.526479,0.527655
2023-03-12 01:00:00.000 UTC,0.529723,0.524997,0.527096,0.526903
2023-03-12 00:00:00.000 UTC,0.530815,0.525254,0.530598,0.526299
2023-03-11 23:00:00.000 UTC,0.530419,0.524553,0.524553,0.530419
2023-03-11 22:00:00.000 UTC,0.528198,0.524617,0.525991,0.524943
2023-03-11 21:00:00.000 UTC,0.529755,0.524593,0.529755,0.524593
2023-03-11 20:00:00.000 UTC,0.529795,0.524305,0.524305,0.529243
2023-03-11 19:00:00.000 UTC,0.525724,0.522943,0.524762,0.525024
2023-03-11 18:00:00.000 UTC,0.525619,0.523951,0.523951,0.525025
2023-03-11 17:00:00.000 UTC,0.524002,0.518876,0.518876,0.523216
2023-03-11 16:00:00.000 UTC,0.519179,0.513163,0.514994,0.518863
2023-03-11 15:00:00.000 UTC,0.51746,0.514788,0.517234,0.514788
2023-03-11 14:00:00.000 UTC,0.521266,0.517767,0.518085,0.518241
2023-03-11 13:00:00.000 UTC,0.520069,0.517086,0.517086,0.518951
2023-03-11 12:00:00.000 UTC,0.521634,0.517228,0.518352,0.517228
2023-03-11 11:00:00.000 UTC,0.520716,0.517324,0.519323,0.517498
2023-03-11 10:00:00.000 UTC,0.523725,0.519916,0.523182,0.519916
2023-03-11 09:00:00.000 UTC,0.525416,0.520813,0.521703,0.522808
2023-03-11 08:00:00.000 UTC,0.523912,0.51795,0.52021,0.523313
2023-03-11 07:00:00.000 UTC,0.537177,0.51913,0.537177,0.522001
2023-03-11 06:00:00.000 UTC,0.540205,0.536341,0.540205,0.536359
2023-03-11 05:00:00.000 UTC,0.539517,0.535711,0.536436,0.539237
2023-03-11 04:00:00.000 UTC,0.54285,0.536539,0.54285,0.536539
2023-03-11 03:00:00.000 UTC,0.547051,0.542834,0.547051,0.543679
2023-03-11 02:00:00.000 UTC,0.55274,0.546885,0.551187,0.547248
2023-03-11 01:00:00.000 UTC,0.551963,0.54213,0.54213,0.551746
2023-03-11 00:00:00.000 UTC,0.543254,0.537835,0.538741,0.543254
2023-03-10 23:00:00.000 UTC,0.54014,0.53802,0.538588,0.53802
2023-03-10 22:00:00.000 UTC,0.53916,0.532366,0.532366,0.53916
2023-03-10 21:00:00.000 UTC,0.532644,0.527602,0.532644,0.529763
2023-03-10 20:00:00.000 UTC,0.535535,0.532423,0.534117,0.532819
2023-03-10 19:00:00.000 UTC,0.534237,0.527969,0.527969,0.534237
2023-03-10 18:00:00.000 UTC,0.532366,0.528898,0.530222,0.529688
2023-03-10 17:00:00.000 UTC,0.533044,0.526981,0.531296,0.531191
2023-03-10 16:00:00.000 UTC,0.537879,0.52906,0.531477,0.5324
2023-03-10 15:00:00.000 UTC,0.531787,0.523899,0.523899,0.531787
2023-03-10 14:00:00.000 UTC,0.53446,0.52103,0.53446,0.522183
2023-03-10 13:00:00.000 UTC,0.536128,0.521193,0.523378,0.536128
2023-03-10 12:00:00.000 UTC,0.522557,0.517543,0.518178,0.522557
2023-03-10 11:00:00.000 UTC,0.51795,0.509122,0.509122,0.51795
2023-03-10 10:00:00.000 UTC,0.519817,0.508968,0.518121,0.510794
2023-03-10 09:00:00.000 UTC,0.525948,0.518275,0.525616,0.520014
2023-03-10 08:00:00.000 UTC,0.529681,0.524342,0.529256,0.526049
2023-03-10 07:00:00.000 UTC,0.530522,0.523707,0.526529,0.529174
2023-03-10 06:00:00.000 UTC,0.533539,0.525969,0.533079,0.525969
2023-03-10 05:00:00.000 UTC,0.53312,0.530047,0.530997,0.53291
2023-03-10 04:00:00.000 UTC,0.533734,0.529823,0.532329,0.531187
2023-03-10 03:00:00.000 UTC,0.534981,0.53145,0.53145,0.532729
2023-03-10 02:00:00.000 UTC,0.53421,0.529795,0.532516,0.531132
2023-03-10 01:00:00.000 UTC,0.53242,0.523981,0.52554,0.53242
2023-03-10 00:00:00.000 UTC,0.535084,0.525605,0.534267,0.525605
2023-03-09 23:00:00.000 UTC,0.534904,0.528114,0.528367,0.534904
2023-03-09 22:00:00.000 UTC,0.533234,0.525143,0.525143,0.528627
2023-03-09 21:00:00.000 UTC,0.531888,0.526095,0.526726,0.526095
2023-03-09 20:00:00.000 UTC,0.554341,0.533467,0.554341,0.53503
2023-03-09 19:00:00.000 UTC,0.563034,0.552364,0.563034,0.552364
2023-03-09 18:00:00.000 UTC,0.574901,0.563009,0.57397,0.563009
2023-03-09 17:00:00.000 UTC,0.575561,0.572571,0.573704,0.573836
2023-03-09 16:00:00.000 UTC,0.582564,0.573879,0.582396,0.573879
2023-03-09 15:00:00.000 UTC,0.587716,0.582162,0.586162,0.583831
2023-03-09 14:00:00.000 UTC,0.590813,0.586543,0.58895,0.586543
2023-03-09 13:00:00.000 UTC,0.587235,0.575795,0.57636,0.587235
2023-03-09 12:00:00.000 UTC,0.580577,0.575868,0.580577,0.579428
2023-03-09 11:00:00.000 UTC,0.579221,0.574439,0.574439,0.579221
2023-03-09 10:00:00.000 UTC,0.576296,0.572325,0.573147,0.574737
2023-03-09 09:00:00.000 UTC,0.577357,0.571545,0.573162,0.574118
2023-03-09 08:00:00.000 UTC,0.574533,0.570485,0.571549,0.570547
2023-03-09 07:00:00.000 UTC,0.578813,0.571105,0.578813,0.571105
2023-03-09 06:00:00.000 UTC,0.576897,0.574113,0.576172,0.574989
2023-03-09 05:00:00.000 UTC,0.57971,0.574676,0.577517,0.576902
2023-03-09 04:00:00.000 UTC,0.578405,0.574463,0.578134,0.575497
2023-03-09 03:00:00.000 UTC,0.581684,0.577596,0.577726,0.577596
2023-03-09 02:00:00.000 UTC,0.579166,0.572789,0.572789,0.577866
2023-03-09 01:00:00.000 UTC,0.575139,0.571679,0.57267,0.573773
2023-03-09 00:00:00.000 UTC,0.574244,0.568599,0.56935,0.574244
2023-03-08 23:00:00.000 UTC,0.575674,0.566551,0.569179,0.569068
2023-03-08 22:00:00.000 UTC,0.580622,0.56545,0.580357,0.56759
2023-03-08 21:00:00.000 UTC,0.588044,0.577691,0.584337,0.579186
2023-03-08 20:00:00.000 UTC,0.586724,0.579074,0.58243,0.583866
2023-03-08 19:00:00.000 UTC,0.584987,0.577572,0.579008,0.583677
2023-03-08 18:00:00.000 UTC,0.585521,0.576428,0.583879,0.581291
2023-03-08 17:00:00.000 UTC,0.590574,0.586796,0.589177,0.58713
2023-03-08 16:00:00.000 UTC,0.592141,0.584652,0.589121,0.592141
2023-03-08 15:00:00.000 UTC,0.591688,0.578038,0.578038,0.591688
2023-03-08 14:00:00.000 UTC,0.585961,0.576091,0.585961,0.579144
2023-03-08 13:00:00.000 UTC,0.593338,0.583957,0.593338,0.583957
2023-03-08 12:00:00.000 UTC,0.599942,0.592847,0.596621,0.592847
2023-03-08 11:00:00.000 UTC,0.599184,0.595828,0.598972,0.596258
2023-03-08 10:00:00.000 UTC,0.598815,0.593671,0.595092,0.596416
2023-03-08 09:00:00.000 UTC,0.59551,0.59325,0.593983,0.594638
2023-03-08 08:00:00.000 UTC,0.595695,0.592146,0.592306,0.595695
2023-03-08 07:00:00.000 UTC,0.596392,0.593193,0.595989,0.593193
2023-03-08 06:00:00.000 UTC,0.596197,0.591864,0.591864,0.595947
2023-03-08 05:00:00.000 UTC,0.601169,0.592924,0.601169,0.593234
2023-03-08 04:00:00.000 UTC,0.602165,0.600309,0.600788,0.601425
2023-03-08 03:00:00.000 UTC,0.603524,0.598401,0.602989,0.600406
2023-03-08 02:00:00.000 UTC,0.60533,0.602621,0.604429,0.60366
2023-03-08 01:00:00.000 UTC,0.608641,0.604814,0.608641,0.604814
2023-03-08 00:00:00.000 UTC,0.613988,0.607089,0.609542,0.608107
2023-03-07 23:00:00.000 UTC,0.611994,0.604391,0.604391,0.611905
2023-03-07 22:00:00.000 UTC,0.604107,0.598268,0.599931,0.604107
2023-03-07 21:00:00.000 UTC,0.603113,0.599207,0.600768,0.600011
2023-03-07 20:00:00.000 UTC,0.60675,0.601268,0.60675,0.603692
2023-03-07 19:00:00.000 UTC,0.608228,0.605593,0.606706,0.606422
2023-03-07 18:00:00.000 UTC,0.612897,0.606416,0.612897,0.606431
2023-03-07 17:00:00.000 UTC,0.612892,0.604719,0.604825,0.611594
2023-03-07 16:00:00.000 UTC,0.610601,0.602496,0.608753,0.605406
2023-03-07 15:00:00.000 UTC,0.611632,0.593642,0.605659,0.60903
2023-03-07 14:00:00.000 UTC,0.607927,0.604371,0.607042,0.606051
2023-03-07 13:00:00.000 UTC,0.611743,0.609397,0.611225,0.609397
2023-03-07 12:00:00.000 UTC,0.611543,0.607955,0.607955,0.610988
2023-03-07 11:00:00.000 UTC,0.612661,0.609506,0.610806,0.609506
2023-03-07 10:00:00.000 UTC,0.616355,0.611684,0.612987,0.611684
2023-03-07 09:00:00.000 UTC,0.622337,0.612471,0.622337,0.613233
2023-03-07 08:00:00.000 UTC,0.623142,0.620874,0.622968,0.621777
2023-03-07 07:00:00.000 UTC,0.628505,0.622889,0.626461,0.623089
2023-03-07 06:00:00.000 UTC,0.628512,0.626746,0.628141,0.627315
2023-03-07 05:00:00.000 UTC,0.629356,0.626747,0.628524,0.62927
2023-03-07 04:00:00.000 UTC,0.629962,0.627179,0.629012,0.627708
2023-03-07 03:00:00.000 UTC,0.633289,0.629386,0.63291,0.629628
2023-03-07 02:00:00.000 UTC,0.634513,0.631398,0.63416,0.631398
2023-03-07 01:00:00.000 UTC,0.635083,0.628967,0.628967,0.634656
2023-03-07 00:00:00.000 UTC,0.633192,0.625326,0.629467,0.62678
2023-03-06 23:00:00.000 UTC,0.632745,0.629668,0.632111,0.629781
2023-03-06 22:00:00.000 UTC,0.630676,0.628519,0.628519,0.630079
2023-03-06 21:00:00.000 UTC,0.628008,0.623546,0.624569,0.627374
2023-03-06 20:00:00.000 UTC,0.628364,0.625367,0.628259,0.62539
2023-03-06 19:00:00.000 UTC,0.634291,0.627348,0.633139,0.62905
2023-03-06 18:00:00.000 UTC,0.635667,0.633552,0.635667,0.635032
2023-03-06 17:00:00.000 UTC,0.635927,0.633919,0.635581,0.635927
2023-03-06 16:00:00.000 UTC,0.637778,0.632682,0.637778,0.635555
2023-03-06 15:00:00.000 UTC,0.638664,0.629088,0.629088,0.638664
2023-03-06 14:00:00.000 UTC,0.629018,0.624951,0.626453,0.629018
2023-03-06 13:00:00.000 UTC,0.627982,0.622446,0.623082,0.6253
2023-03-06 12:00:00.000 UTC,0.624902,0.61949,0.62404,0.623249
2023-03-06 11:00:00.000 UTC,0.627202,0.622292,0.622589,0.62613
2023-03-06 10:00:00.000 UTC,0.626531,0.608427,0.608427,0.621833
2023-03-06 09:00:00.000 UTC,0.608804,0.606604,0.608695,0.606893
2023-03-06 08:00:00.000 UTC,0.609003,0.603636,0.60777,0.609003
2023-03-06 07:00:00.000 UTC,0.609774,0.606768,0.608193,0.607937
2023-03-06 06:00:00.000 UTC,0.608956,0.604417,0.604417,0.60751
2023-03-06 05:00:00.000 UTC,0.604957,0.601355,0.604957,0.60371
2023-03-06 04:00:00.000 UTC,0.609049,0.60452,0.608559,0.60452
2023-03-06 03:00:00.000 UTC,0.60899,0.605692,0.605885,0.608073
2023-03-06 02:00:00.000 UTC,0.604653,0.600325,0.603902,0.604653
2023-03-06 01:00:00.000 UTC,0.61351,0.603344,0.613453,0.603344
2023-03-06 00:00:00.000 UTC,0.616189,0.610005,0.615194,0.613228
2023-03-05 23:00:00.000 UTC,0.618173,0.61261,0.618173,0.615944
2023-03-05 22:00:00.000 UTC,0.623495,0.617711,0.623495,0.618595
2023-03-05 21:00:00.000 UTC,0.625213,0.619571,0.62417,0.622694
2023-03-05 20:00:00.000 UTC,0.625972,0.621777,0.621777,0.62421
2023-03-05 19:00:00.000 UTC,0.622033,0.619926,0.620686,0.621518
2023-03-05 18:00:00.000 UTC,0.621452,0.618792,0.620571,0.621452
2023-03-05 17:00:00.000 UTC,0.622484,0.62075,0.621932,0.62075
2023-03-05 16:00:00.000 UTC,0.622785,0.621392,0.622163,0.621508
2023-03-05 15:00:00.000 UTC,0.625238,0.621299,0.622047,0.622301
2023-03-05 14:00:00.000 UTC,0.625247,0.621976,0.625247,0.622221
2023-03-05 13:00:00.000 UTC,0.625267,0.62242,0.62242,0.625267
2023-03-05 12:00:00.000 UTC,0.622751,0.62087,0.621438,0.622142
2023-03-05 11:00:00.000 UTC,0.622388,0.620225,0.622388,0.621318
2023-03-05 10:00:00.000 UTC,0.623361,0.619866,0.620617,0.621507
2023-03-05 09:00:00.000 UTC,0.621351,0.615998,0.617245,0.620658
2023-03-05 08:00:00.000 UTC,0.622972,0.617384,0.62232,0.617384
2023-03-05 07:00:00.000 UTC,0.626414,0.622253,0.626414,0.622615
2023-03-05 06:00:00.000 UTC,0.627093,0.625787,0.626953,0.62621
2023-03-05 05:00:00.000 UTC,0.630674,0.627169,0.630674,0.627687
2023-03-05 04:00:00.000 UTC,0.631146,0.629011,0.629011,0.631146
2023-03-05 03:00:00.000 UTC,0.63013,0.625844,0.625844,0.629029
2023-03-05 02:00:00.000 UTC,0.637745,0.621867,0.637745,0.625212
2023-03-05 01:00:00.000 UTC,0.635964,0.621941,0.62211,0.634714
2023-03-05 00:00:00.000 UTC,0.622997,0.617895,0.622997,0.61847
2023-03-04 23:00:00.000 UTC,0.620893,0.615213,0.615213,0.620893
2023-03-04 22:00:00.000 UTC,0.617669,0.607313,0.607313,0.615159
2023-03-04 21:00:00.000 UTC,0.617653,0.605315,0.617653,0.606653
2023-03-04 20:00:00.000 UTC,0.622285,0.612127,0.621135,0.616898
2023-03-04 19:00:00.000 UTC,0.629392,0.61857,0.629218,0.620051
2023-03-04 18:00:00.000 UTC,0.631828,0.626408,0.630053,0.628668
2023-03-04 17:00:00.000 UTC,0.63261,0.629933,0.631103,0.629933
2023-03-04 16:00:00.000 UTC,0.632643,0.629626,0.630803,0.630767
2023-03-04 15:00:00.000 UTC,0.63337,0.631054,0.632643,0.631054
2023-03-04 14:00:00.000 UTC,0.636549,0.632255,0.636288,0.633484
2023-03-04 13:00:00.000 UTC,0.640577,0.636035,0.640577,0.636035
2023-03-04 12:00:00.000 UTC,0.639994,0.637601,0.6391,0.639994
2023-03-04 11:00:00.000 UTC,0.639508,0.637293,0.637293,0.638747
2023-03-04 10:00:00.000 UTC,0.642099,0.635103,0.640923,0.637823
2023-03-04 09:00:00.000 UTC,0.643671,0.640497,0.642525,0.640513
2023-03-04 08:00:00.000 UTC,0.644031,0.642768,0.643202,0.642804
2023-03-04 07:00:00.000 UTC,0.645993,0.643327,0.645484,0.643327
2023-03-04 06:00:00.000 UTC,0.647186,0.642464,0.642464,0.645944
2023-03-04 05:00:00.000 UTC,0.64821,0.640822,0.647153,0.643457
2023-03-04 04:00:00.000 UTC,0.646954,0.644786,0.644993,0.645818
2023-03-04 03:00:00.000 UTC,0.643853,0.641113,0.642189,0.643853
2023-03-04 02:00:00.000 UTC,0.645878,0.642992,0.644582,0.642992
2023-03-04 01:00:00.000 UTC,0.652709,0.645558,0.652709,0.645942
2023-03-04 00:00:00.000 UTC,0.656111,0.640587,0.64175,0.651875
2023-03-03 23:00:00.000 UTC,0.643609,0.640325,0.641178,0.640325
2023-03-03 22:00:00.000 UTC,0.638977,0.632917,0.633139,0.638977
2023-03-03 21:00:00.000 UTC,0.633337,0.631244,0.632825,0.632763
2023-03-03 20:00:00.000 UTC,0.635627,0.633191,0.634249,0.633627
2023-03-03 19:00:00.000 UTC,0.634893,0.631118,0.632737,0.634893
2023-03-03 18:00:00.000 UTC,0.637031,0.632273,0.637031,0.633217
2023-03-03 17:00:00.000 UTC,0.637562,0.635246,0.635246,0.637562
2023-03-03 16:00:00.000 UTC,0.63465,0.632918,0.633778,0.63465
2023-03-03 15:00:00.000 UTC,0.638504,0.633385,0.638504,0.633385
2023-03-03 14:00:00.000 UTC,0.64081,0.638112,0.638112,0.639534
2023-03-03 13:00:00.000 UTC,0.636897,0.633297,0.6352,0.636897
2023-03-03 12:00:00.000 UTC,0.638124,0.634795,0.636217,0.635129
2023-03-03 11:00:00.000 UTC,0.637447,0.635997,0.636213,0.636748
2023-03-03 10:00:00.000 UTC,0.639578,0.636091,0.638847,0.636091
2023-03-03 09:00:00.000 UTC,0.64148,0.63865,0.640199,0.639241
2023-03-03 08:00:00.000 UTC,0.640071,0.637663,0.638493,0.640071
2023-03-03 07:00:00.000 UTC,0.639294,0.635822,0.637086,0.638887
2023-03-03 06:00:00.000 UTC,0.640032,0.635956,0.635956,0.637192
2023-03-03 05:00:00.000 UTC,0.639846,0.636142,0.636872,0.636142
2023-03-03 04:00:00.000 UTC,0.63563,0.62971,0.62971,0.63563
2023-03-03 03:00:00.000 UTC,0.631379,0.625934,0.626017,0.629199
2023-03-03 02:00:00.000 UTC,0.626336,0.6225,0.6225,0.625538
2023-03-03 01:00:00.000 UTC,0.687316,0.621244,0.687316,0.624202
2023-03-03 00:00:00.000 UTC,0.691193,0.686659,0.689691,0.688679
2023-03-02 23:00:00.000 UTC,0.694799,0.689186,0.693616,0.689186
2023-03-02 22:00:00.000 UTC,0.693896,0.687059,0.687059,0.693684
2023-03-02 21:00:00.000 UTC,0.690098,0.685598,0.686096,0.690098
2023-03-02 20:00:00.000 UTC,0.690448,0.686447,0.6869,0.688745
2023-03-02 19:00:00.000 UTC,0.686422,0.683435,0.683435,0.685922
2023-03-02 18:00:00.000 UTC,0.682014,0.676022,0.676779,0.682014
2023-03-02 17:00:00.000 UTC,0.68074,0.673866,0.673866,0.676567
2023-03-02 16:00:00.000 UTC,0.681117,0.675035,0.678935,0.676122
2023-03-02 15:00:00.000 UTC,0.68162,0.6791,0.679959,0.6791
2023-03-02 14:00:00.000 UTC,0.682118,0.67732,0.680884,0.680732
2023-03-02 13:00:00.000 UTC,0.684925,0.681334,0.683814,0.681334
2023-03-02 12:00:00.000 UTC,0.688301,0.682917,0.687712,0.683494
2023-03-02 11:00:00.000 UTC,0.688536,0.686048,0.686493,0.688536
2023-03-02 10:00:00.000 UTC,0.688048,0.684927,0.686754,0.684927
2023-03-02 09:00:00.000 UTC,0.690166,0.688321,0.689583,0.688321
2023-03-02 08:00:00.000 UTC,0.689777,0.684459,0.687548,0.689777
2023-03-02 07:00:00.000 UTC,0.689661,0.686424,0.689056,0.687416
2023-03-02 06:00:00.000 UTC,0.691235,0.687615,0.690601,0.690827
2023-03-02 05:00:00.000 UTC,0.696323,0.690647,0.696123,0.690647
2023-03-02 04:00:00.000 UTC,0.695061,0.691905,0.691905,0.69498
2023-03-02 03:00:00.000 UTC,0.694959,0.691049,0.694885,0.693452
2023-03-02 02:00:00.000 UTC,0.698829,0.692967,0.695355,0.693382
2023-03-02 01:00:00.000 UTC,0.703344,0.695294,0.703344,0.698075
2023-03-02 00:00:00.000 UTC,0.708404,0.704298,0.706543,0.704298
2023-03-01 23:00:00.000 UTC,0.708172,0.700808,0.700808,0.708172
2023-03-01 22:00:00.000 UTC,0.702374,0.699259,0.699292,0.701023
2023-03-01 21:00:00.000 UTC,0.702639,0.694716,0.695208,0.700388
2023-03-01 20:00:00.000 UTC,0.696418,0.690742,0.690742,0.695521
2023-03-01 19:00:00.000 UTC,0.700507,0.691925,0.697767,0.691925
2023-03-01 18:00:00.000 UTC,0.702525,0.697022,0.700315,0.697022
2023-03-01 17:00:00.000 UTC,0.703075,0.698847,0.700781,0.7006
2023-03-01 16:00:00.000 UTC,0.704277,0.697198,0.704277,0.701841
2023-03-01 15:00:00.000 UTC,0.707303,0.703943,0.707303,0.703943
2023-03-01 14:00:00.000 UTC,0.710315,0.700124,0.702491,0.708732
2023-03-01 13:00:00.000 UTC,0.705808,0.699611,0.705542,0.702569
2023-03-01 12:00:00.000 UTC,0.709378,0.705734,0.707547,0.705908
2023-03-01 11:00:00.000 UTC,0.711233,0.706618,0.711233,0.706618
2023-03-01 10:00:00.000 UTC,0.709603,0.704656,0.708513,0.707722
2023-03-01 09:00:00.000 UTC,0.714278,0.709694,0.712008,0.710734
2023-03-01 08:00:00.000 UTC,0.711398,0.706064,0.706263,0.711398
2023-03-01 07:00:00.000 UTC,0.71005,0.707028,0.709952,0.707845
2023-03-01 06:00:00.000 UTC,0.711106,0.708722,0.70889,0.710014
2023-03-01 05:00:00.000 UTC,0.712122,0.707772,0.711094,0.709056
2023-03-01 04:00:00.000 UTC,0.708636,0.700632,0.701159,0.708636
2023-03-01 03:00:00.000 UTC,0.700885,0.693798,0.694142,0.700029
2023-03-01 02:00:00.000 UTC,0.691825,0.688833,0.689898,0.690353
2023-03-01 01:00:00.000 UTC,0.690001,0.680947,0.680947,0.690001
2023-03-01 00:00:00.000 UTC,0.688713,0.68203,0.683836,0.68203
2023-02-28 23:00:00.000 UTC,0.687524,0.683009,0.687122,0.684218
2023-02-28 22:00:00.000 UTC,0.688572,0.679908,0.679908,0.688572
2023-02-28 21:00:00.000 UTC,0.694959,0.677796,0.694959,0.679765
2023-02-28 20:00:00.000 UTC,0.697982,0.693534,0.697982,0.694401
2023-02-28 19:00:00.000 UTC,0.706385,0.697983,0.706385,0.699163
2023-02-28 18:00:00.000 UTC,0.710596,0.704937,0.710596,0.707055
2023-02-28 17:00:00.000 UTC,0.709623,0.704543,0.704847,0.709623
2023-02-28 16:00:00.000 UTC,0.711587,0.705546,0.707319,0.705546
2023-02-28 15:00:00.000 UTC,0.714635,0.701646,0.701646,0.70683
2023-02-28 14:00:00.000 UTC,0.705585,0.698539,0.700068,0.703446
2023-02-28 13:00:00.000 UTC,0.703634,0.699628,0.703634,0.70067
2023-02-28 12:00:00.000 UTC,0.704113,0.699757,0.699797,0.703855
2023-02-28 11:00:00.000 UTC,0.700712,0.697739,0.700237,0.700028
2023-02-28 10:00:00.000 UTC,0.701014,0.695129,0.696415,0.700557
2023-02-28 09:00:00.000 UTC,0.698424,0.695396,0.695868,0.696959
2023-02-28 08:00:00.000 UTC,0.6977,0.695466,0.6962,0.696872
2023-02-28 07:00:00.000 UTC,0.704733,0.698344,0.703856,0.698482
2023-02-28 06:00:00.000 UTC,0.704671,0.702996,0.703922,0.704276
2023-02-28 05:00:00.000 UTC,0.708035,0.704252,0.706168,0.705799
2023-02-28 04:00:00.000 UTC,0.711227,0.705066,0.710844,0.706255
2023-02-28 03:00:00.000 UTC,0.711594,0.706181,0.707451,0.710491
2023-02-28 02:00:00.000 UTC,0.709299,0.705586,0.709299,0.707047
2023-02-28 01:00:00.000 UTC,0.712335,0.706482,0.71032,0.708461
2023-02-28 00:00:00.000 UTC,0.714511,0.709987,0.714511,0.710341
2023-02-27 23:00:00.000 UTC,0.715473,0.712331,0.712792,0.713834
2023-02-27 22:00:00.000 UTC,0.712135,0.705979,0.707257,0.712135
2023-02-27 21:00:00.000 UTC,0.710038,0.701508,0.701508,0.710038
2023-02-27 20:00:00.000 UTC,0.701554,0.697561,0.701554,0.700666
2023-02-27 19:00:00.000 UTC,0.704135,0.698995,0.698995,0.700728
2023-02-27 18:00:00.000 UTC,0.710188,0.696877,0.709644,0.698061
2023-02-27 17:00:00.000 UTC,0.715349,0.709249,0.715349,0.711309
2023-02-27 16:00:00.000 UTC,0.722518,0.710775,0.721177,0.714675
2023-02-27 15:00:00.000 UTC,0.731021,0.718476,0.730529,0.722359
2023-02-27 14:00:00.000 UTC,0.731148,0.718069,0.718069,0.731148
2023-02-27 13:00:00.000 UTC,0.719736,0.70305,0.70305,0.719736
2023-02-27 12:00:00.000 UTC,0.707426,0.703471,0.707426,0.703471
2023-02-27 11:00:00.000 UTC,0.708748,0.701487,0.701487,0.707161
2023-02-27 10:00:00.000 UTC,0.705291,0.700565,0.70356,0.702749
2023-02-27 09:00:00.000 UTC,0.706072,0.701854,0.702177,0.704012
2023-02-27 08:00:00.000 UTC,0.709164,0.703231,0.708563,0.704678
2023-02-27 07:00:00.000 UTC,0.711387,0.70909,0.70909,0.710307
2023-02-27 06:00:00.000 UTC,0.710557,0.708638,0.708792,0.709811
2023-02-27 05:00:00.000 UTC,0.712878,0.709061,0.711716,0.709061
2023-02-27 04:00:00.000 UTC,0.715812,0.710738,0.715812,0.712184
2023-02-27 03:00:00.000 UTC,0.718782,0.714104,0.716204,0.715883
2023-02-27 02:00:00.000 UTC,0.717838,0.714121,0.716124,0.714907
2023-02-27 01:00:00.000 UTC,0.715535,0.712798,0.714612,0.715535
2023-02-27 00:00:00.000 UTC,0.721512,0.714521,0.721512,0.714843
2023-02-26 23:00:00.000 UTC,0.720331,0.716409,0.716409,0.718232
2023-02-26 22:00:00.000 UTC,0.722315,0.714508,0.722315,0.715234
2023-02-26 21:00:00.000 UTC,0.724029,0.721044,0.723585,0.722929
2023-02-26 20:00:00.000 UTC,0.725014,0.720531,0.721497,0.7236
2023-02-26 19:00:00.000 UTC,0.721991,0.717578,0.720396,0.721888
2023-02-26 18:00:00.000 UTC,0.72116,0.710728,0.713547,0.72116
2023-02-26 17:00:00.000 UTC,0.712523,0.706871,0.71087,0.712523
2023-02-26 16:00:00.000 UTC,0.712721,0.709495,0.71059,0.709515
2023-02-26 15:00:00.000 UTC,0.71238,0.70977,0.711805,0.7121
2023-02-26 14:00:00.000 UTC,0.716039,0.709841,0.710046,0.712929
2023-02-26 13:00:00.000 UTC,0.711284,0.708384,0.708501,0.710173
2023-02-26 12:00:00.000 UTC,0.715312,0.708729,0.715312,0.708729
2023-02-26 11:00:00.000 UTC,0.715159,0.711108,0.712014,0.713236
2023-02-26 10:00:00.000 UTC,0.716364,0.712056,0.715564,0.715056
2023-02-26 09:00:00.000 UTC,0.717062,0.709614,0.709614,0.715645
2023-02-26 08:00:00.000 UTC,0.712548,0.708504,0.712548,0.709767
2023-02-26 07:00:00.000 UTC,0.713842,0.709296,0.710673,0.713005
2023-02-26 06:00:00.000 UTC,0.71029,0.708321,0.709696,0.709685
2023-02-26 05:00:00.000 UTC,0.713374,0.709994,0.712083,0.710671
2023-02-26 04:00:00.000 UTC,0.715149,0.711215,0.714221,0.712642
2023-02-26 03:00:00.000 UTC,0.71817,0.714177,0.716462,0.714967
2023-02-26 02:00:00.000 UTC,0.715563,0.704646,0.708818,0.715563
2023-02-26 01:00:00.000 UTC,0.709184,0.704342,0.705071,0.708829
2023-02-26 00:00:00.000 UTC,0.710767,0.703425,0.710026,0.704731
2023-02-25 23:00:00.000 UTC,0.717493,0.701805,0.701805,0.710377
2023-02-25 22:00:00.000 UTC,0.701273,0.68478,0.68486,0.701273
2023-02-25 21:00:00.000 UTC,0.684321,0.677629,0.67953,0.683136
2023-02-25 20:00:00.000 UTC,0.690276,0.677335,0.690276,0.68021
2023-02-25 19:00:00.000 UTC,0.695616,0.685829,0.692738,0.689207
2023-02-25 18:00:00.000 UTC,0.706207,0.691728,0.706207,0.691728
2023-02-25 17:00:00.000 UTC,0.705382,0.702137,0.703286,0.70282
2023-02-25 16:00:00.000 UTC,0.709183,0.700877,0.703021,0.70436
2023-02-25 15:00:00.000 UTC,0.706211,0.70109,0.704467,0.70109
2023-02-25 14:00:00.000 UTC,0.706002,0.703255,0.703773,0.705629
2023-02-25 13:00:00.000 UTC,0.704896,0.702159,0.702524,0.70472
2023-02-25 12:00:00.000 UTC,0.707414,0.696199,0.707414,0.700356
2023-02-25 11:00:00.000 UTC,0.706928,0.703556,0.703556,0.706371
2023-02-25 10:00:00.000 UTC,0.710791,0.70468,0.710791,0.704952
2023-02-25 09:00:00.000 UTC,0.71296,0.709789,0.71296,0.7102
2023-02-25 08:00:00.000 UTC,0.714671,0.712116,0.71231,0.712393
2023-02-25 07:00:00.000 UTC,0.712078,0.709102,0.712078,0.711113
2023-02-25 06:00:00.000 UTC,0.7124,0.707303,0.707484,0.710637
2023-02-25 05:00:00.000 UTC,0.713831,0.705776,0.713831,0.707217
2023-02-25 04:00:00.000 UTC,0.714011,0.711499,0.712547,0.714011
2023-02-25 03:00:00.000 UTC,0.713691,0.711409,0.713041,0.713229
2023-02-25 02:00:00.000 UTC,0.722228,0.711437,0.720925,0.714288
2023-02-25 01:00:00.000 UTC,0.72372,0.718422,0.721092,0.722491
2023-02-25 00:00:00.000 UTC,0.72679,0.720436,0.723482,0.720436
2023-02-24 23:00:00.000 UTC,0.725097,0.715114,0.715114,0.72279
2023-02-24 22:00:00.000 UTC,0.716292,0.708109,0.711515,0.71389
2023-02-24 21:00:00.000 UTC,0.721521,0.711558,0.720024,0.712405
2023-02-24 20:00:00.000 UTC,0.727415,0.720279,0.720831,0.720279
2023-02-24 19:00:00.000 UTC,0.71878,0.711689,0.717872,0.718305
2023-02-24 18:00:00.000 UTC,0.718877,0.714205,0.716734,0.716791
2023-02-24 17:00:00.000 UTC,0.720325,0.713577,0.720169,0.713577
2023-02-24 16:00:00.000 UTC,0.729967,0.712694,0.729967,0.720224
2023-02-24 15:00:00.000 UTC,0.745516,0.72788,0.7452,0.730646
2023-02-24 14:00:00.000 UTC,0.746852,0.740083,0.744771,0.745537
2023-02-24 13:00:00.000 UTC,0.752954,0.745064,0.752954,0.745251
2023-02-24 12:00:00.000 UTC,0.757273,0.752035,0.754092,0.752117
2023-02-24 11:00:00.000 UTC,0.755975,0.753192,0.754712,0.754735
2023-02-24 10:00:00.000 UTC,0.755213,0.749072,0.754737,0.755156
2023-02-24 09:00:00.000 UTC,0.758479,0.755059,0.757385,0.755635
2023-02-24 08:00:00.000 UTC,0.757945,0.753892,0.756672,0.75632
2023-02-24 07:00:00.000 UTC,0.760177,0.756009,0.758014,0.758515
2023-02-24 06:00:00.000 UTC,0.757937,0.755071,0.755868,0.757937
2023-02-24 05:00:00.000 UTC,0.76032,0.755265,0.76032,0.756377
2023-02-24 04:00:00.000 UTC,0.762679,0.759576,0.759576,0.762679
2023-02-24 03:00:00.000 UTC,0.761197,0.757884,0.758386,0.761197
2023-02-24 02:00:00.000 UTC,0.763271,0.758512,0.760127,0.758512
2023-02-24 01:00:00.000 UTC,0.766193,0.760581,0.760791,0.760581
2023-02-24 00:00:00.000 UTC,0.768036,0.756343,0.767654,0.760431
2023-02-23 23:00:00.000 UTC,0.766185,0.759049,0.759049,0.766185
2023-02-23 22:00:00.000 UTC,0.757377,0.750956,0.755704,0.757377
2023-02-23 21:00:00.000 UTC,0.759817,0.754398,0.758421,0.754398
2023-02-23 20:00:00.000 UTC,0.761088,0.755613,0.755613,0.757695
2023-02-23 19:00:00.000 UTC,0.759551,0.752386,0.753004,0.755688
2023-02-23 18:00:00.000 UTC,0.753173,0.749788,0.751938,0.753019
2023-02-23 17:00:00.000 UTC,0.756359,0.75135,0.75135,0.752131
2023-02-23 16:00:00.000 UTC,0.756619,0.752048,0.755313,0.752048
2023-02-23 15:00:00.000 UTC,0.762046,0.755325,0.762046,0.755325
2023-02-23 14:00:00.000 UTC,0.766206,0.760944,0.7632,0.764109
2023-02-23 13:00:00.000 UTC,0.766982,0.758413,0.758413,0.760526
2023-02-23 12:00:00.000 UTC,0.759777,0.750034,0.75116,0.759777
2023-02-23 11:00:00.000 UTC,0.768325,0.747966,0.767783,0.750325
2023-02-23 10:00:00.000 UTC,0.77012,0.765953,0.766072,0.767527
2023-02-23 09:00:00.000 UTC,0.772125,0.765767,0.771078,0.765767
2023-02-23 08:00:00.000 UTC,0.775631,0.771403,0.772921,0.772414
2023-02-23 07:00:00.000 UTC,0.774258,0.770578,0.770578,0.773007
2023-02-23 06:00:00.000 UTC,0.774888,0.769539,0.772467,0.771517
2023-02-23 05:00:00.000 UTC,0.779862,0.773485,0.779561,0.773485
2023-02-23 04:00:00.000 UTC,0.779534,0.774789,0.776134,0.779534
2023-02-23 03:00:00.000 UTC,0.779495,0.775381,0.777073,0.775381
2023-02-23 02:00:00.000 UTC,0.780161,0.767081,0.767081,0.780161
2023-02-23 01:00:00.000 UTC,0.769349,0.766472,0.766912,0.766472
2023-02-23 00:00:00.000 UTC,0.776265,0.766958,0.770245,0.766958
2023-02-22 23:00:00.000 UTC,0.770887,0.764969,0.765015,0.768014
2023-02-22 22:00:00.000 UTC,0.764322,0.753696,0.753696,0.764322
2023-02-22 21:00:00.000 UTC,0.754737,0.749128,0.749128,0.754737
2023-02-22 20:00:00.000 UTC,0.751449,0.746748,0.75102,0.748922
2023-02-22 19:00:00.000 UTC,0.755255,0.747858,0.747858,0.753184
2023-02-22 18:00:00.000 UTC,0.747758,0.741152,0.741152,0.746834
2023-02-22 17:00:00.000 UTC,0.742081,0.738677,0.738677,0.740182
2023-02-22 16:00:00.000 UTC,0.741831,0.736722,0.740134,0.736722
2023-02-22 15:00:00.000 UTC,0.746776,0.736477,0.746776,0.739247
2023-02-22 14:00:00.000 UTC,0.753986,0.745783,0.753986,0.747577
2023-02-22 13:00:00.000 UTC,0.756214,0.749927,0.754336,0.755323
2023-02-22 12:00:00.000 UTC,0.758263,0.752146,0.752979,0.753912
2023-02-22 11:00:00.000 UTC,0.754972,0.749081,0.754456,0.75276
2023-02-22 10:00:00.000 UTC,0.756107,0.751256,0.751256,0.753602
2023-02-22 09:00:00.000 UTC,0.75443,0.743111,0.743111,0.753495
2023-02-22 08:00:00.000 UTC,0.758413,0.741975,0.758413,0.743354
2023-02-22 07:00:00.000 UTC,0.759272,0.752958,0.754848,0.758912
2023-02-22 06:00:00.000 UTC,0.765601,0.75737,0.764954,0.75775
2023-02-22 05:00:00.000 UTC,0.766205,0.760471,0.766091,0.764117
2023-02-22 04:00:00.000 UTC,0.770069,0.761311,0.770069,0.765304
2023-02-22 03:00:00.000 UTC,0.770313,0.762127,0.762127,0.770313
2023-02-22 02:00:00.000 UTC,0.76637,0.756871,0.76637,0.764762
2023-02-22 01:00:00.000 UTC,0.781782,0.767263,0.779568,0.767263
2023-02-22 00:00:00.000 UTC,0.786664,0.774995,0.782329,0.774995
2023-02-21 23:00:00.000 UTC,0.782238,0.777669,0.777669,0.78188
2023-02-21 22:00:00.000 UTC,0.776779,0.769795,0.770598,0.775388
2023-02-21 21:00:00.000 UTC,0.782356,0.771615,0.781456,0.771967
2023-02-21 20:00:00.000 UTC,0.790251,0.781117,0.790251,0.781117
2023-02-21 19:00:00.000 UTC,0.793582,0.788236,0.793405,0.789022
2023-02-21 18:00:00.000 UTC,0.795223,0.791213,0.793573,0.794174
2023-02-21 17:00:00.000 UTC,0.791222,0.782147,0.782147,0.791222
2023-02-21 16:00:00.000 UTC,0.787637,0.778177,0.787637,0.782493
2023-02-21 15:00:00.000 UTC,0.791433,0.784382,0.791433,0.78806
2023-02-21 14:00:00.000 UTC,0.796239,0.78448,0.78516,0.792992
2023-02-21 13:00:00.000 UTC,0.796625,0.789728,0.793495,0.789756
2023-02-21 12:00:00.000 UTC,0.795194,0.787836,0.787836,0.793802
2023-02-21 11:00:00.000 UTC,0.797969,0.78876,0.797479,0.78876
2023-02-21 10:00:00.000 UTC,0.804317,0.793004,0.804317,0.796376
2023-02-21 09:00:00.000 UTC,0.806198,0.798311,0.798311,0.803823
2023-02-21 08:00:00.000 UTC,0.83168,0.796364,0.827717,0.803271
2023-02-21 07:00:00.000 UTC,0.830655,0.8242,0.830655,0.829606
2023-02-21 06:00:00.000 UTC,0.831786,0.82466,0.82466,0.830247
2023-02-21 05:00:00.000 UTC,0.824265,0.818574,0.820392,0.824265
2023-02-21 04:00:00.000 UTC,0.826433,0.817399,0.825737,0.820392
2023-02-21 03:00:00.000 UTC,0.828521,0.819377,0.82351,0.823572
2023-02-21 02:00:00.000 UTC,0.833682,0.826551,0.828841,0.827872
2023-02-21 01:00:00.000 UTC,0.843711,0.828582,0.843711,0.832565
2023-02-21 00:00:00.000 UTC,0.843532,0.829516,0.82995,0.839439
2023-02-20 23:00:00.000 UTC,0.832751,0.826067,0.829395,0.828748
2023-02-20 22:00:00.000 UTC,0.834756,0.826023,0.834756,0.828558
2023-02-20 21:00:00.000 UTC,0.840499,0.834552,0.836943,0.834552
2023-02-20 20:00:00.000 UTC,0.846623,0.837137,0.842325,0.837137
2023-02-20 19:00:00.000 UTC,0.850542,0.842195,0.849431,0.842611
2023-02-20 18:00:00.000 UTC,0.851222,0.844693,0.848148,0.849442
2023-02-20 17:00:00.000 UTC,0.847043,0.835713,0.840732,0.847043
2023-02-20 16:00:00.000 UTC,0.848268,0.828801,0.848268,0.840273
2023-02-20 15:00:00.000 UTC,0.848724,0.841943,0.846536,0.84809
2023-02-20 14:00:00.000 UTC,0.859541,0.844793,0.851359,0.845937
2023-02-20 13:00:00.000 UTC,0.85128,0.830887,0.830887,0.85128
2023-02-20 12:00:00.000 UTC,0.846872,0.827725,0.846872,0.827915
2023-02-20 11:00:00.000 UTC,0.852659,0.844935,0.847275,0.84582
2023-02-20 10:00:00.000 UTC,0.867271,0.842363,0.867271,0.847568
2023-02-20 09:00:00.000 UTC,0.879751,0.792358,0.794234,0.879751
2023-02-20 08:00:00.000 UTC,0.805586,0.791332,0.801035,0.796203
2023-02-20 07:00:00.000 UTC,0.805802,0.79868,0.805802,0.798953
2023-02-20 06:00:00.000 UTC,0.80924,0.801484,0.808992,0.805456
2023-02-20 05:00:00.000 UTC,0.806264,0.800154,0.806264,0.805271
2023-02-20 04:00:00.000 UTC,0.806007,0.798506,0.802445,0.806007
2023-02-20 03:00:00.000 UTC,0.801806,0.785528,0.789229,0.801806
2023-02-20 02:00:00.000 UTC,0.788982,0.77568,0.778787,0.788982
2023-02-20 01:00:00.000 UTC,0.780548,0.761636,0.780548,0.779861
2023-02-20 00:00:00.000 UTC,0.795417,0.781712,0.784001,0.781712
2023-02-19 23:00:00.000 UTC,0.793076,0.782908,0.791039,0.782908
2023-02-19 22:00:00.000 UTC,0.788528,0.78254,0.784263,0.788528
2023-02-19 21:00:00.000 UTC,0.780045,0.773518,0.774222,0.780045
2023-02-19 20:00:00.000 UTC,0.777358,0.763153,0.777358,0.771915
2023-02-19 19:00:00.000 UTC,0.788132,0.781214,0.784025,0.781214
2023-02-19 18:00:00.000 UTC,0.783677,0.77373,0.77373,0.783677
2023-02-19 17:00:00.000 UTC,0.793708,0.774316,0.793708,0.774316
2023-02-19 16:00:00.000 UTC,0.821018,0.790882,0.808074,0.790882
2023-02-19 15:00:00.000 UTC,0.820535,0.802687,0.820535,0.812232
2023-02-19 14:00:00.000 UTC,0.827692,0.776846,0.779549,0.821656
2023-02-19 13:00:00.000 UTC,0.78038,0.776544,0.776544,0.779926
2023-02-19 12:00:00.000 UTC,0.778679,0.773516,0.773516,0.775692
2023-02-19 11:00:00.000 UTC,0.781266,0.772421,0.772421,0.773764
2023-02-19 10:00:00.000 UTC,0.771575,0.761584,0.76307,0.770531
2023-02-19 09:00:00.000 UTC,0.764268,0.761135,0.761178,0.763416
2023-02-19 08:00:00.000 UTC,0.765125,0.760989,0.764024,0.760989
2023-02-19 07:00:00.000 UTC,0.769683,0.763096,0.769551,0.763733
2023-02-19 06:00:00.000 UTC,0.771867,0.767839,0.770833,0.769047
2023-02-19 05:00:00.000 UTC,0.77158,0.766858,0.768119,0.769284
2023-02-19 04:00:00.000 UTC,0.767609,0.763224,0.764182,0.767609
2023-02-19 03:00:00.000 UTC,0.767867,0.763512,0.766925,0.763512
2023-02-19 02:00:00.000 UTC,0.76843,0.764395,0.767338,0.765943
2023-02-19 01:00:00.000 UTC,0.771728,0.763698,0.771728,0.764831
2023-02-19 00:00:00.000 UTC,0.772911,0.761833,0.761894,0.770055
2023-02-18 23:00:00.000 UTC,0.765423,0.762482,0.765207,0.763556
2023-02-18 22:00:00.000 UTC,0.766215,0.762434,0.762434,0.7646
2023-02-18 21:00:00.000 UTC,0.76162,0.755844,0.755844,0.76162
2023-02-18 20:00:00.000 UTC,0.758669,0.754863,0.758669,0.755653
2023-02-18 19:00:00.000 UTC,0.766774,0.756956,0.765638,0.759678
2023-02-18 18:00:00.000 UTC,0.769113,0.765208,0.766772,0.766258
2023-02-18 17:00:00.000 UTC,0.769364,0.763251,0.766002,0.766115
2023-02-18 16:00:00.000 UTC,0.769869,0.765907,0.766424,0.767508
2023-02-18 15:00:00.000 UTC,0.768436,0.762816,0.763835,0.767414
2023-02-18 14:00:00.000 UTC,0.764789,0.760226,0.764472,0.764764
2023-02-18 13:00:00.000 UTC,0.768317,0.764982,0.766682,0.765189
2023-02-18 12:00:00.000 UTC,0.766757,0.762231,0.764637,0.764477
2023-02-18 11:00:00.000 UTC,0.765314,0.753204,0.753204,0.76451
2023-02-18 10:00:00.000 UTC,0.77091,0.757506,0.77091,0.757506
2023-02-18 09:00:00.000 UTC,0.771608,0.765483,0.767217,0.771305
2023-02-18 08:00:00.000 UTC,0.768847,0.764565,0.768016,0.766846
2023-02-18 07:00:00.000 UTC,0.774539,0.766134,0.774539,0.768104
2023-02-18 06:00:00.000 UTC,0.777271,0.774304,0.774629,0.775975
2023-02-18 05:00:00.000 UTC,0.777906,0.774404,0.775624,0.774841
2023-02-18 04:00:00.000 UTC,0.781038,0.775721,0.778486,0.775721
2023-02-18 03:00:00.000 UTC,0.778175,0.77345,0.773472,0.778175
2023-02-18 02:00:00.000 UTC,0.782708,0.772008,0.779883,0.772008
2023-02-18 01:00:00.000 UTC,0.785081,0.773587,0.77418,0.777635
2023-02-18 00:00:00.000 UTC,0.780309,0.761438,0.761438,0.776726
2023-02-17 23:00:00.000 UTC,0.765639,0.761858,0.763681,0.762573
2023-02-17 22:00:00.000 UTC,0.763145,0.751585,0.763145,0.762901
2023-02-17 21:00:00.000 UTC,0.770242,0.766975,0.767572,0.766975
2023-02-17 20:00:00.000 UTC,0.772246,0.762163,0.762163,0.768856
2023-02-17 19:00:00.000 UTC,0.762452,0.754206,0.756939,0.761626
2023-02-17 18:00:00.000 UTC,0.758283,0.755286,0.755286,0.755909
2023-02-17 17:00:00.000 UTC,0.761358,0.751294,0.751294,0.754804
2023-02-17 16:00:00.000 UTC,0.758485,0.74495,0.756033,0.751241
2023-02-17 15:00:00.000 UTC,0.759248,0.754258,0.754258,0.756453
2023-02-17 14:00:00.000 UTC,0.765286,0.750264,0.753791,0.750264
2023-02-17 13:00:00.000 UTC,0.763489,0.753129,0.763489,0.753129
2023-02-17 12:00:00.000 UTC,0.763787,0.754779,0.756969,0.763787
2023-02-17 11:00:00.000 UTC,0.759112,0.752859,0.752859,0.758205
2023-02-17 10:00:00.000 UTC,0.75472,0.750411,0.752358,0.753746
2023-02-17 09:00:00.000 UTC,0.75519,0.752478,0.755138,0.753361
2023-02-17 08:00:00.000 UTC,0.754884,0.750913,0.751906,0.752481
2023-02-17 07:00:00.000 UTC,0.75737,0.750083,0.750083,0.752842
2023-02-17 06:00:00.000 UTC,0.750309,0.74748,0.748632,0.747962
2023-02-17 05:00:00.000 UTC,0.750882,0.746424,0.750575,0.748374
2023-02-17 04:00:00.000 UTC,0.759784,0.747636,0.755827,0.74848
2023-02-17 03:00:00.000 UTC,0.759287,0.75454,0.755844,0.756612
2023-02-17 02:00:00.000 UTC,0.761091,0.742528,0.742528,0.757241
2023-02-17 01:00:00.000 UTC,0.741691,0.738126,0.738126,0.741245
2023-02-17 00:00:00.000 UTC,0.741264,0.722474,0.722474,0.738413
2023-02-16 23:00:00.000 UTC,0.728815,0.72139,0.72139,0.722008
2023-02-16 22:00:00.000 UTC,0.760341,0.72506,0.757985,0.72506
2023-02-16 21:00:00.000 UTC,0.761136,0.753567,0.761136,0.757108
2023-02-16 20:00:00.000 UTC,0.778321,0.75737,0.778321,0.764115
2023-02-16 19:00:00.000 UTC,0.787924,0.778587,0.787404,0.778615
2023-02-16 18:00:00.000 UTC,0.78882,0.784814,0.788534,0.787009
2023-02-16 17:00:00.000 UTC,0.791341,0.779019,0.78803,0.788673
2023-02-16 16:00:00.000 UTC,0.798103,0.78346,0.79524,0.788752
2023-02-16 15:00:00.000 UTC,0.79455,0.777136,0.777136,0.793151
2023-02-16 14:00:00.000 UTC,0.77763,0.766166,0.770881,0.77763
2023-02-16 13:00:00.000 UTC,0.788335,0.773358,0.787069,0.773358
2023-02-16 12:00:00.000 UTC,0.788028,0.778189,0.786184,0.788028
2023-02-16 11:00:00.000 UTC,0.796222,0.784207,0.796222,0.785344
2023-02-16 10:00:00.000 UTC,0.805917,0.792764,0.792764,0.795605
2023-02-16 09:00:00.000 UTC,0.792297,0.78325,0.785292,0.788936
2023-02-16 08:00:00.000 UTC,0.801579,0.778091,0.782913,0.788542
2023-02-16 07:00:00.000 UTC,0.786084,0.774258,0.786084,0.78125
2023-02-16 06:00:00.000 UTC,0.79704,0.776429,0.776429,0.790928
2023-02-16 05:00:00.000 UTC,0.777946,0.774962,0.776911,0.776518
2023-02-16 04:00:00.000 UTC,0.787035,0.775635,0.787035,0.775635
2023-02-16 03:00:00.000 UTC,0.7827,0.775687,0.777886,0.7827
2023-02-16 02:00:00.000 UTC,0.777914,0.774156,0.777914,0.777841
2023-02-16 01:00:00.000 UTC,0.784848,0.759982,0.759982,0.777255
2023-02-16 00:00:00.000 UTC,0.773078,0.756843,0.762463,0.757612
2023-02-15 23:00:00.000 UTC,0.765001,0.750827,0.752916,0.765001
2023-02-15 22:00:00.000 UTC,0.755602,0.750354,0.752314,0.755602
2023-02-15 21:00:00.000 UTC,0.755003,0.748082,0.75241,0.751693
2023-02-15 20:00:00.000 UTC,0.759451,0.733598,0.733598,0.752584
2023-02-15 19:00:00.000 UTC,0.733716,0.718756,0.720412,0.733663
2023-02-15 18:00:00.000 UTC,0.720836,0.716903,0.718159,0.717562
2023-02-15 17:00:00.000 UTC,0.718951,0.716694,0.716694,0.718361
2023-02-15 16:00:00.000 UTC,0.719331,0.715999,0.717339,0.716939
2023-02-15 15:00:00.000 UTC,0.720159,0.713944,0.714541,0.718014
2023-02-15 14:00:00.000 UTC,0.721257,0.713118,0.717195,0.715527
2023-02-15 13:00:00.000 UTC,0.719398,0.716258,0.719102,0.717915
2023-02-15 12:00:00.000 UTC,0.722372,0.710334,0.712838,0.718431
2023-02-15 11:00:00.000 UTC,0.710278,0.704022,0.705897,0.709929
2023-02-15 10:00:00.000 UTC,0.707669,0.699348,0.700462,0.707669
2023-02-15 09:00:00.000 UTC,0.702326,0.697618,0.697618,0.701434
2023-02-15 08:00:00.000 UTC,0.700828,0.697135,0.699427,0.698982
2023-02-15 07:00:00.000 UTC,0.702423,0.698855,0.698855,0.698934
2023-02-15 06:00:00.000 UTC,0.704549,0.698971,0.70256,0.698971
2023-02-15 05:00:00.000 UTC,0.704351,0.701474,0.701719,0.702314
2023-02-15 04:00:00.000 UTC,0.703284,0.699072,0.700354,0.703284
2023-02-15 03:00:00.000 UTC,0.701862,0.696892,0.698045,0.699117
2023-02-15 02:00:00.000 UTC,0.701168,0.696876,0.700235,0.696961
2023-02-15 01:00:00.000 UTC,0.703582,0.699955,0.702926,0.701217
2023-02-15 00:00:00.000 UTC,0.713087,0.702034,0.713087,0.702954
2023-02-14 23:00:00.000 UTC,0.71481,0.710334,0.710959,0.712917
2023-02-14 22:00:00.000 UTC,0.713829,0.708707,0.710696,0.709238
2023-02-14 21:00:00.000 UTC,0.711658,0.708595,0.711658,0.710622
2023-02-14 20:00:00.000 UTC,0.715235,0.711756,0.715235,0.711756
2023-02-14 19:00:00.000 UTC,0.718498,0.714689,0.718498,0.715399
2023-02-14 18:00:00.000 UTC,0.721825,0.712353,0.712353,0.718417
2023-02-14 17:00:00.000 UTC,0.714554,0.707939,0.707939,0.710512
2023-02-14 16:00:00.000 UTC,0.708696,0.703644,0.70522,0.706087
2023-02-14 15:00:00.000 UTC,0.718223,0.700904,0.702634,0.701402
2023-02-14 14:00:00.000 UTC,0.693173,0.673982,0.683462,0.693173
2023-02-14 13:00:00.000 UTC,0.681699,0.675442,0.676681,0.681699
2023-02-14 12:00:00.000 UTC,0.678506,0.674035,0.675967,0.678506
2023-02-14 11:00:00.000 UTC,0.677942,0.674219,0.677496,0.674736
2023-02-14 10:00:00.000 UTC,0.679001,0.676739,0.678419,0.677263
2023-02-14 09:00:00.000 UTC,0.68074,0.665465,0.665465,0.68074
2023-02-14 08:00:00.000 UTC,0.671833,0.664337,0.671833,0.665865
2023-02-14 07:00:00.000 UTC,0.674739,0.672307,0.673324,0.672477
2023-02-14 06:00:00.000 UTC,0.672415,0.669382,0.669382,0.672405
2023-02-14 05:00:00.000 UTC,0.670352,0.666981,0.668538,0.668215
2023-02-14 04:00:00.000 UTC,0.672576,0.668231,0.669821,0.66939
2023-02-14 03:00:00.000 UTC,0.674998,0.669656,0.672537,0.671203
2023-02-14 02:00:00.000 UTC,0.67568,0.671705,0.674382,0.671705
2023-02-14 01:00:00.000 UTC,0.683227,0.67538,0.680665,0.67538
2023-02-14 00:00:00.000 UTC,0.68838,0.67995,0.68838,0.67995
2023-02-13 23:00:00.000 UTC,0.694467,0.673736,0.673736,0.687057
2023-02-13 22:00:00.000 UTC,0.673307,0.667015,0.668728,0.673307
2023-02-13 21:00:00.000 UTC,0.672439,0.667623,0.672439,0.669637
2023-02-13 20:00:00.000 UTC,0.674343,0.671541,0.673717,0.67187
2023-02-13 19:00:00.000 UTC,0.6728,0.669608,0.669608,0.672528
2023-02-13 18:00:00.000 UTC,0.670554,0.659087,0.659087,0.670554
2023-02-13 17:00:00.000 UTC,0.663646,0.656922,0.662411,0.656922
2023-02-13 16:00:00.000 UTC,0.670303,0.659504,0.666321,0.66434
2023-02-13 15:00:00.000 UTC,0.672861,0.666867,0.672861,0.666867
2023-02-13 14:00:00.000 UTC,0.672129,0.665313,0.665926,0.672002
2023-02-13 13:00:00.000 UTC,0.676479,0.668251,0.675466,0.668251
2023-02-13 12:00:00.000 UTC,0.677345,0.670397,0.670397,0.675791
2023-02-13 11:00:00.000 UTC,0.672317,0.666815,0.666836,0.670952
2023-02-13 10:00:00.000 UTC,0.668796,0.662855,0.664365,0.665845
2023-02-13 09:00:00.000 UTC,0.680499,0.661663,0.677784,0.666739
2023-02-13 08:00:00.000 UTC,0.697284,0.67787,0.697284,0.681001
2023-02-13 07:00:00.000 UTC,0.700158,0.689959,0.695297,0.696854
2023-02-13 06:00:00.000 UTC,0.698556,0.693313,0.693313,0.695884
2023-02-13 05:00:00.000 UTC,0.698564,0.693089,0.696833,0.693089
2023-02-13 04:00:00.000 UTC,0.6985,0.694147,0.694147,0.696419
2023-02-13 03:00:00.000 UTC,0.69382,0.687887,0.689632,0.69382
2023-02-13 02:00:00.000 UTC,0.690321,0.683776,0.689059,0.688364
2023-02-13 01:00:00.000 UTC,0.700756,0.6875,0.700756,0.6875
2023-02-13 00:00:00.000 UTC,0.706086,0.69869,0.703513,0.703062
2023-02-12 23:00:00.000 UTC,0.705555,0.699663,0.704966,0.701247
2023-02-12 22:00:00.000 UTC,0.711763,0.695278,0.711763,0.705528
2023-02-12 21:00:00.000 UTC,0.729529,0.714138,0.729529,0.714138
2023-02-12 20:00:00.000 UTC,0.73693,0.729477,0.735277,0.729477
2023-02-12 19:00:00.000 UTC,0.737211,0.734264,0.737211,0.736545
2023-02-12 18:00:00.000 UTC,0.738714,0.735286,0.736569,0.737787
2023-02-12 17:00:00.000 UTC,0.738314,0.735585,0.735663,0.736208
2023-02-12 16:00:00.000 UTC,0.736499,0.727752,0.729873,0.736393
2023-02-12 15:00:00.000 UTC,0.729986,0.726561,0.729986,0.728797
2023-02-12 14:00:00.000 UTC,0.731551,0.7253,0.7253,0.73005
2023-02-12 13:00:00.000 UTC,0.72969,0.723383,0.729368,0.725173
2023-02-12 12:00:00.000 UTC,0.74065,0.728782,0.740644,0.728782
2023-02-12 11:00:00.000 UTC,0.741448,0.738894,0.740223,0.740261
2023-02-12 10:00:00.000 UTC,0.742959,0.739259,0.741422,0.74078
2023-02-12 09:00:00.000 UTC,0.741353,0.736012,0.736012,0.741353
2023-02-12 08:00:00.000 UTC,0.739444,0.734701,0.735212,0.736001
2023-02-12 07:00:00.000 UTC,0.736908,0.73501,0.735854,0.73501
2023-02-12 06:00:00.000 UTC,0.738634,0.734874,0.736628,0.735931
2023-02-12 05:00:00.000 UTC,0.739305,0.736342,0.736581,0.737282
2023-02-12 04:00:00.000 UTC,0.736483,0.733446,0.734983,0.736483
2023-02-12 03:00:00.000 UTC,0.737293,0.73499,0.737059,0.735648
2023-02-12 02:00:00.000 UTC,0.737177,0.734842,0.735503,0.736773
2023-02-12 01:00:00.000 UTC,0.73956,0.735709,0.738188,0.73681
2023-02-12 00:00:00.000 UTC,0.747366,0.738539,0.747366,0.738539
2023-02-11 23:00:00.000 UTC,0.748648,0.745058,0.745058,0.747844
2023-02-11 22:00:00.000 UTC,0.748461,0.742514,0.745603,0.7455
2023-02-11 21:00:00.000 UTC,0.745659,0.736539,0.737566,0.745659
2023-02-11 20:00:00.000 UTC,0.741053,0.736224,0.738747,0.73941
2023-02-11 19:00:00.000 UTC,0.737018,0.733043,0.734197,0.737018
2023-02-11 18:00:00.000 UTC,0.743354,0.734028,0.739282,0.73503
2023-02-11 17:00:00.000 UTC,0.748376,0.733262,0.735536,0.737732
2023-02-11 16:00:00.000 UTC,0.743467,0.735345,0.743467,0.736128
2023-02-11 15:00:00.000 UTC,0.746222,0.739833,0.746222,0.74265
2023-02-11 14:00:00.000 UTC,0.743798,0.735265,0.736389,0.743798
2023-02-11 13:00:00.000 UTC,0.735396,0.729767,0.729767,0.734745
2023-02-11 12:00:00.000 UTC,0.73338,0.728453,0.730639,0.730361
2023-02-11 11:00:00.000 UTC,0.730638,0.726838,0.727629,0.729144
2023-02-11 10:00:00.000 UTC,0.730588,0.72611,0.730588,0.728518
2023-02-11 09:00:00.000 UTC,0.732632,0.729923,0.732411,0.730027
2023-02-11 08:00:00.000 UTC,0.733004,0.729785,0.730617,0.733004
2023-02-11 07:00:00.000 UTC,0.731256,0.726802,0.728898,0.73106
2023-02-11 06:00:00.000 UTC,0.729401,0.724786,0.726624,0.729401
2023-02-11 05:00:00.000 UTC,0.730606,0.727019,0.729268,0.727019
2023-02-11 04:00:00.000 UTC,0.731542,0.72858,0.730464,0.72858
2023-02-11 03:00:00.000 UTC,0.734033,0.727278,0.727278,0.73049
2023-02-11 02:00:00.000 UTC,0.731485,0.725501,0.727175,0.725509
2023-02-11 01:00:00.000 UTC,0.733745,0.726295,0.732521,0.726295
2023-02-11 00:00:00.000 UTC,0.733669,0.726557,0.732897,0.733669
2023-02-10 23:00:00.000 UTC,0.735449,0.728758,0.728758,0.733396
2023-02-10 22:00:00.000 UTC,0.735049,0.726874,0.730692,0.732061
2023-02-10 21:00:00.000 UTC,0.74129,0.723471,0.74129,0.731761
2023-02-10 20:00:00.000 UTC,0.747776,0.740677,0.747776,0.741305
2023-02-10 19:00:00.000 UTC,0.75327,0.739872,0.742932,0.748777
2023-02-10 18:00:00.000 UTC,0.744908,0.738583,0.740788,0.744908
2023-02-10 17:00:00.000 UTC,0.741284,0.728932,0.733444,0.738414
2023-02-10 16:00:00.000 UTC,0.742884,0.731406,0.732667,0.733648
2023-02-10 15:00:00.000 UTC,0.744216,0.732539,0.74231,0.732539
2023-02-10 14:00:00.000 UTC,0.753949,0.732049,0.733416,0.742923
2023-02-10 13:00:00.000 UTC,0.736768,0.721044,0.721044,0.733424
2023-02-10 12:00:00.000 UTC,0.72645,0.720021,0.722525,0.721414
2023-02-10 11:00:00.000 UTC,0.732496,0.725155,0.732496,0.725426
2023-02-10 10:00:00.000 UTC,0.732283,0.726801,0.728778,0.732283
2023-02-10 09:00:00.000 UTC,0.738022,0.730193,0.735492,0.731765
2023-02-10 08:00:00.000 UTC,0.736927,0.731863,0.733542,0.734636
2023-02-10 07:00:00.000 UTC,0.733128,0.725701,0.73067,0.733128
2023-02-10 06:00:00.000 UTC,0.732433,0.721569,0.721569,0.729352
2023-02-10 05:00:00.000 UTC,0.725319,0.71843,0.722259,0.722581
2023-02-10 04:00:00.000 UTC,0.729712,0.720083,0.721948,0.721
2023-02-10 03:00:00.000 UTC,0.730755,0.72032,0.730755,0.722448
2023-02-10 02:00:00.000 UTC,0.736316,0.728071,0.735266,0.729978
2023-02-10 01:00:00.000 UTC,0.734357,0.717191,0.717191,0.734357
2023-02-10 00:00:00.000 UTC,0.73555,0.714328,0.730837,0.714328
2023-02-09 23:00:00.000 UTC,0.732208,0.720222,0.720222,0.72953
2023-02-09 22:00:00.000 UTC,0.738443,0.715933,0.736794,0.715933
2023-02-09 21:00:00.000 UTC,0.737141,0.728322,0.737141,0.733371
2023-02-09 20:00:00.000 UTC,0.741894,0.728158,0.739048,0.739683
2023-02-09 19:00:00.000 UTC,0.778693,0.732347,0.778693,0.736706
2023-02-09 18:00:00.000 UTC,0.787533,0.77769,0.786865,0.782224
2023-02-09 17:00:00.000 UTC,0.795104,0.779138,0.785567,0.77972
2023-02-09 16:00:00.000 UTC,0.797116,0.781377,0.797116,0.781377
2023-02-09 15:00:00.000 UTC,0.81046,0.795908,0.81046,0.795908
2023-02-09 14:00:00.000 UTC,0.815147,0.805003,0.81056,0.810472
2023-02-09 13:00:00.000 UTC,0.811477,0.801467,0.803302,0.811477
2023-02-09 12:00:00.000 UTC,0.808666,0.799372,0.808666,0.80675
2023-02-09 11:00:00.000 UTC,0.811625,0.804829,0.80695,0.810326
2023-02-09 10:00:00.000 UTC,0.815861,0.803421,0.81193,0.80671
2023-02-09 09:00:00.000 UTC,0.815272,0.807026,0.813537,0.811956
2023-02-09 08:00:00.000 UTC,0.821338,0.810058,0.810244,0.816029
2023-02-09 07:00:00.000 UTC,0.813468,0.804669,0.809432,0.81107
2023-02-09 06:00:00.000 UTC,0.808472,0.792917,0.796018,0.808472
2023-02-09 05:00:00.000 UTC,0.798743,0.789583,0.794879,0.79791
2023-02-09 04:00:00.000 UTC,0.798552,0.785329,0.785349,0.792922
2023-02-09 03:00:00.000 UTC,0.821727,0.78458,0.821727,0.786643
2023-02-09 02:00:00.000 UTC,0.846205,0.830902,0.846205,0.830902
2023-02-09 01:00:00.000 UTC,0.858103,0.846429,0.853224,0.846429
2023-02-09 00:00:00.000 UTC,0.855354,0.842388,0.855354,0.845058
2023-02-08 23:00:00.000 UTC,0.861824,0.849101,0.852025,0.855316
2023-02-08 22:00:00.000 UTC,0.854637,0.839077,0.84016,0.852816
2023-02-08 21:00:00.000 UTC,0.841839,0.824677,0.824677,0.840331
2023-02-08 20:00:00.000 UTC,0.848832,0.829592,0.848832,0.831038
2023-02-08 19:00:00.000 UTC,0.857711,0.838389,0.838389,0.845607
2023-02-08 18:00:00.000 UTC,0.842073,0.834259,0.835687,0.838579
2023-02-08 17:00:00.000 UTC,0.843253,0.827115,0.834815,0.835145
2023-02-08 16:00:00.000 UTC,0.844587,0.817482,0.844587,0.826535
2023-02-08 15:00:00.000 UTC,0.859641,0.83911,0.859641,0.8468
2023-02-08 14:00:00.000 UTC,0.867319,0.855221,0.86528,0.855221
2023-02-08 13:00:00.000 UTC,0.872982,0.861269,0.865812,0.867047
2023-02-08 12:00:00.000 UTC,0.890899,0.874928,0.889148,0.874928
2023-02-08 11:00:00.000 UTC,0.890197,0.880834,0.880834,0.890197
2023-02-08 10:00:00.000 UTC,0.901178,0.872537,0.901178,0.881436
2023-02-08 09:00:00.000 UTC,0.908693,0.900299,0.904063,0.901413
2023-02-08 08:00:00.000 UTC,0.909609,0.898824,0.909358,0.900717
2023-02-08 07:00:00.000 UTC,0.928567,0.907605,0.919635,0.911287
2023-02-08 06:00:00.000 UTC,0.932245,0.885671,0.896494,0.921793
2023-02-08 05:00:00.000 UTC,0.909157,0.888812,0.897277,0.892224
2023-02-08 04:00:00.000 UTC,0.898679,0.883608,0.889845,0.898679
2023-02-08 03:00:00.000 UTC,0.893354,0.880888,0.893354,0.890699
2023-02-08 02:00:00.000 UTC,0.906636,0.896527,0.900995,0.896527
2023-02-08 01:00:00.000 UTC,0.918591,0.895131,0.918591,0.902026
2023-02-08 00:00:00.000 UTC,0.939537,0.908856,0.908856,0.921686
2023-02-07 23:00:00.000 UTC,0.915166,0.893256,0.893256,0.907596
2023-02-07 22:00:00.000 UTC,0.915736,0.878835,0.878835,0.902795
2023-02-07 21:00:00.000 UTC,0.870539,0.74992,0.74992,0.870539
2023-02-07 20:00:00.000 UTC,0.750416,0.740551,0.740669,0.748997
2023-02-07 19:00:00.000 UTC,0.740233,0.726774,0.726774,0.740233
2023-02-07 18:00:00.000 UTC,0.747204,0.722065,0.742165,0.729335
2023-02-07 17:00:00.000 UTC,0.73776,0.714959,0.720997,0.73776
2023-02-07 16:00:00.000 UTC,0.721759,0.715102,0.718003,0.721759
2023-02-07 15:00:00.000 UTC,0.723224,0.717545,0.723224,0.718596
2023-02-07 14:00:00.000 UTC,0.727898,0.723434,0.727898,0.72387
2023-02-07 13:00:00.000 UTC,0.724477,0.717871,0.723036,0.722209
2023-02-07 12:00:00.000 UTC,0.724391,0.720557,0.723116,0.723996
2023-02-07 11:00:00.000 UTC,0.724772,0.722356,0.723652,0.723344
2023-02-07 10:00:00.000 UTC,0.731181,0.722232,0.723545,0.72408
2023-02-07 09:00:00.000 UTC,0.723678,0.713584,0.713584,0.723678
2023-02-07 08:00:00.000 UTC,0.715594,0.711009,0.714968,0.714343
2023-02-07 07:00:00.000 UTC,0.718773,0.713951,0.7164,0.715623
2023-02-07 06:00:00.000 UTC,0.718977,0.715455,0.715853,0.718977
2023-02-07 05:00:00.000 UTC,0.715889,0.713758,0.713758,0.715097
2023-02-07 04:00:00.000 UTC,0.715993,0.712565,0.712565,0.713802
2023-02-07 03:00:00.000 UTC,0.713871,0.710506,0.712112,0.71229
2023-02-07 02:00:00.000 UTC,0.710881,0.706824,0.70847,0.710881
2023-02-07 01:00:00.000 UTC,0.710409,0.707444,0.709668,0.708805
2023-02-07 00:00:00.000 UTC,0.712987,0.706901,0.707953,0.709866
2023-02-06 23:00:00.000 UTC,0.716858,0.704583,0.716858,0.707089
2023-02-06 22:00:00.000 UTC,0.721306,0.716343,0.721306,0.719889
2023-02-06 21:00:00.000 UTC,0.726632,0.720963,0.726059,0.721136
2023-02-06 20:00:00.000 UTC,0.727927,0.724957,0.727372,0.725931
2023-02-06 19:00:00.000 UTC,0.72884,0.725976,0.725976,0.727592
2023-02-06 18:00:00.000 UTC,0.7286,0.723365,0.727011,0.724908
2023-02-06 17:00:00.000 UTC,0.727349,0.724216,0.726709,0.727332
2023-02-06 16:00:00.000 UTC,0.734085,0.726185,0.729335,0.727165
2023-02-06 15:00:00.000 UTC,0.72437,0.717049,0.722803,0.72437
2023-02-06 14:00:00.000 UTC,0.72459,0.720756,0.722672,0.721149
2023-02-06 13:00:00.000 UTC,0.726095,0.722532,0.726003,0.722532
2023-02-06 12:00:00.000 UTC,0.727919,0.720014,0.724164,0.725636
2023-02-06 11:00:00.000 UTC,0.72447,0.718046,0.721283,0.72447
2023-02-06 10:00:00.000 UTC,0.725214,0.719731,0.724349,0.722484
2023-02-06 09:00:00.000 UTC,0.72691,0.723766,0.725548,0.725663
2023-02-06 08:00:00.000 UTC,0.732885,0.72513,0.72833,0.725623
2023-02-06 07:00:00.000 UTC,0.728999,0.719662,0.721732,0.728999
2023-02-06 06:00:00.000 UTC,0.722627,0.719397,0.721458,0.719998
2023-02-06 05:00:00.000 UTC,0.725426,0.717921,0.724826,0.72058
2023-02-06 04:00:00.000 UTC,0.729022,0.725584,0.725584,0.726523
2023-02-06 03:00:00.000 UTC,0.729755,0.724963,0.724963,0.726321
2023-02-06 02:00:00.000 UTC,0.74194,0.733087,0.73962,0.733087
2023-02-06 01:00:00.000 UTC,0.745418,0.740312,0.742829,0.740775
2023-02-06 00:00:00.000 UTC,0.744073,0.73633,0.73633,0.742434
2023-02-05 23:00:00.000 UTC,0.738632,0.733386,0.737088,0.738477
2023-02-05 22:00:00.000 UTC,0.737497,0.726512,0.726692,0.734099
2023-02-05 21:00:00.000 UTC,0.726275,0.719409,0.724027,0.726073
2023-02-05 20:00:00.000 UTC,0.726855,0.723489,0.726057,0.723489
2023-02-05 19:00:00.000 UTC,0.728297,0.721418,0.726764,0.726833
2023-02-05 18:00:00.000 UTC,0.730764,0.727534,0.727608,0.728711
2023-02-05 17:00:00.000 UTC,0.735025,0.727155,0.735025,0.729171
2023-02-05 16:00:00.000 UTC,0.739747,0.735025,0.735655,0.735182
2023-02-05 15:00:00.000 UTC,0.743,0.734934,0.742246,0.734934
2023-02-05 14:00:00.000 UTC,0.744622,0.741063,0.742548,0.743106
2023-02-05 13:00:00.000 UTC,0.745966,0.735445,0.735457,0.743588
2023-02-05 12:00:00.000 UTC,0.769306,0.753432,0.768415,0.753432
2023-02-05 11:00:00.000 UTC,0.774412,0.767785,0.773601,0.768055
2023-02-05 10:00:00.000 UTC,0.773931,0.768965,0.768965,0.773931
2023-02-05 09:00:00.000 UTC,0.77373,0.768503,0.77373,0.769772
2023-02-05 08:00:00.000 UTC,0.775433,0.769583,0.773229,0.773947
2023-02-05 07:00:00.000 UTC,0.776906,0.770057,0.77625,0.770057
2023-02-05 06:00:00.000 UTC,0.775257,0.769404,0.769404,0.774608
2023-02-05 05:00:00.000 UTC,0.773192,0.770274,0.7714,0.770274
2023-02-05 04:00:00.000 UTC,0.773758,0.768193,0.76856,0.773758
2023-02-05 03:00:00.000 UTC,0.772465,0.768291,0.771186,0.769095
2023-02-05 02:00:00.000 UTC,0.776405,0.772286,0.773657,0.773485
2023-02-05 01:00:00.000 UTC,0.776042,0.768668,0.768668,0.772949
2023-02-05 00:00:00.000 UTC,0.780539,0.771392,0.77915,0.771392
2023-02-04 23:00:00.000 UTC,0.784374,0.773972,0.782843,0.775977
2023-02-04 22:00:00.000 UTC,0.787469,0.783122,0.785254,0.783122
2023-02-04 21:00:00.000 UTC,0.785237,0.780765,0.782333,0.782709
2023-02-04 20:00:00.000 UTC,0.785125,0.780084,0.782545,0.782385
2023-02-04 19:00:00.000 UTC,0.786953,0.781949,0.781949,0.783872
2023-02-04 18:00:00.000 UTC,0.786323,0.779805,0.785455,0.781657
2023-02-04 17:00:00.000 UTC,0.792122,0.787172,0.791321,0.789685
2023-02-04 16:00:00.000 UTC,0.797732,0.788927,0.797732,0.788927
2023-02-04 15:00:00.000 UTC,0.808308,0.787549,0.787642,0.796966
2023-02-04 14:00:00.000 UTC,0.78986,0.782656,0.789123,0.787662
2023-02-04 13:00:00.000 UTC,0.780258,0.768977,0.768977,0.780258
2023-02-04 12:00:00.000 UTC,0.768269,0.762696,0.764635,0.768269
2023-02-04 11:00:00.000 UTC,0.767037,0.763614,0.763614,0.765822
2023-02-04 10:00:00.000 UTC,0.764098,0.760542,0.76184,0.763173
2023-02-04 09:00:00.000 UTC,0.759549,0.755583,0.755583,0.757975
2023-02-04 08:00:00.000 UTC,0.76034,0.756782,0.75998,0.756782
2023-02-04 07:00:00.000 UTC,0.761357,0.756104,0.760611,0.760284
2023-02-04 06:00:00.000 UTC,0.759124,0.751619,0.754149,0.759124
2023-02-04 05:00:00.000 UTC,0.75761,0.752135,0.753556,0.753902
2023-02-04 04:00:00.000 UTC,0.759088,0.755485,0.759088,0.755715
2023-02-04 03:00:00.000 UTC,0.762448,0.758628,0.760608,0.759313
2023-02-04 02:00:00.000 UTC,0.762813,0.759576,0.762793,0.760755
2023-02-04 01:00:00.000 UTC,0.770176,0.763668,0.76898,0.763668
2023-02-04 00:00:00.000 UTC,0.773953,0.764342,0.7677,0.769176
2023-02-03 23:00:00.000 UTC,0.76981,0.767366,0.767413,0.76737
2023-02-03 22:00:00.000 UTC,0.766525,0.760572,0.760572,0.766179
2023-02-03 21:00:00.000 UTC,0.762939,0.760196,0.760544,0.760461
2023-02-03 20:00:00.000 UTC,0.76231,0.756323,0.75905,0.760843
2023-02-03 19:00:00.000 UTC,0.764063,0.760191,0.762994,0.760191
2023-02-03 18:00:00.000 UTC,0.772219,0.763113,0.772219,0.765944
2023-02-03 17:00:00.000 UTC,0.775407,0.766706,0.769179,0.773543
2023-02-03 16:00:00.000 UTC,0.77623,0.769556,0.770962,0.771646
2023-02-03 15:00:00.000 UTC,0.775154,0.75853,0.761369,0.771101
2023-02-03 14:00:00.000 UTC,0.76529,0.752606,0.754367,0.763011
2023-02-03 13:00:00.000 UTC,0.769128,0.75245,0.763508,0.754666
2023-02-03 12:00:00.000 UTC,0.766187,0.759161,0.76206,0.764913
2023-02-03 11:00:00.000 UTC,0.762037,0.755154,0.756898,0.762037
2023-02-03 10:00:00.000 UTC,0.757778,0.752907,0.755043,0.757778
2023-02-03 09:00:00.000 UTC,0.758387,0.752814,0.752814,0.755358
2023-02-03 08:00:00.000 UTC,0.752376,0.746622,0.749891,0.752348
2023-02-03 07:00:00.000 UTC,0.754117,0.74879,0.752679,0.750518
2023-02-03 06:00:00.000 UTC,0.758372,0.752534,0.75587,0.752534
2023-02-03 05:00:00.000 UTC,0.757491,0.751713,0.751713,0.756287
2023-02-03 04:00:00.000 UTC,0.752799,0.748377,0.748377,0.750532
2023-02-03 03:00:00.000 UTC,0.748107,0.74159,0.744448,0.747703
2023-02-03 02:00:00.000 UTC,0.752702,0.743194,0.749308,0.743377
2023-02-03 01:00:00.000 UTC,0.753416,0.750379,0.750379,0.750572
2023-02-03 00:00:00.000 UTC,0.753553,0.744767,0.747281,0.750725
2023-02-02 23:00:00.000 UTC,0.753789,0.746598,0.752506,0.747297
2023-02-02 22:00:00.000 UTC,0.752945,0.742785,0.744495,0.752945
2023-02-02 21:00:00.000 UTC,0.772609,0.751862,0.769476,0.751862
2023-02-02 20:00:00.000 UTC,0.768118,0.764393,0.767878,0.768118
2023-02-02 19:00:00.000 UTC,0.79558,0.763659,0.79558,0.767811
2023-02-02 18:00:00.000 UTC,0.795901,0.771422,0.771422,0.792512
2023-02-02 17:00:00.000 UTC,0.772821,0.768686,0.768686,0.77157
2023-02-02 16:00:00.000 UTC,0.772945,0.768021,0.76912,0.769421
2023-02-02 15:00:00.000 UTC,0.768758,0.758407,0.760771,0.768758
2023-02-02 14:00:00.000 UTC,0.770858,0.76354,0.76354,0.765604
2023-02-02 13:00:00.000 UTC,0.770431,0.762104,0.770431,0.762104
2023-02-02 12:00:00.000 UTC,0.773864,0.769159,0.770305,0.770623
2023-02-02 11:00:00.000 UTC,0.771264,0.766114,0.766296,0.770174
2023-02-02 10:00:00.000 UTC,0.769999,0.764664,0.768094,0.766614
2023-02-02 09:00:00.000 UTC,0.767266,0.761185,0.766695,0.767266
2023-02-02 08:00:00.000 UTC,0.765827,0.757554,0.757554,0.765827
2023-02-02 07:00:00.000 UTC,0.762176,0.756826,0.759645,0.757101
2023-02-02 06:00:00.000 UTC,0.765325,0.755188,0.765325,0.761026
2023-02-02 05:00:00.000 UTC,0.768805,0.766341,0.767364,0.767855
2023-02-02 04:00:00.000 UTC,0.768544,0.764804,0.764804,0.767396
2023-02-02 03:00:00.000 UTC,0.767895,0.760038,0.760038,0.764684
2023-02-02 02:00:00.000 UTC,0.768849,0.760946,0.767714,0.762363
2023-02-02 01:00:00.000 UTC,0.777255,0.767322,0.777251,0.767322
2023-02-02 00:00:00.000 UTC,0.778301,0.764116,0.764163,0.778301
2023-02-01 23:00:00.000 UTC,0.765268,0.760683,0.761534,0.762831
2023-02-01 22:00:00.000 UTC,0.771207,0.76093,0.768522,0.762232
2023-02-01 21:00:00.000 UTC,0.770299,0.743699,0.743699,0.767983
2023-02-01 20:00:00.000 UTC,0.742066,0.726728,0.726728,0.740629
2023-02-01 19:00:00.000 UTC,0.729121,0.698451,0.698451,0.729121
2023-02-01 18:00:00.000 UTC,0.697029,0.687491,0.691042,0.696978
2023-02-01 17:00:00.000 UTC,0.697019,0.691102,0.695224,0.691618
2023-02-01 16:00:00.000 UTC,0.701023,0.693836,0.698525,0.693836
2023-02-01 15:00:00.000 UTC,0.709238,0.696058,0.709238,0.696058
2023-02-01 14:00:00.000 UTC,0.71208,0.707501,0.711445,0.711136
2023-02-01 13:00:00.000 UTC,0.714974,0.707845,0.710568,0.711908
2023-02-01 12:00:00.000 UTC,0.715337,0.710949,0.712353,0.710949
2023-02-01 11:00:00.000 UTC,0.714661,0.707495,0.707495,0.713279
2023-02-01 10:00:00.000 UTC,0.709852,0.704345,0.706484,0.708443
2023-02-01 09:00:00.000 UTC,0.709134,0.701144,0.705028,0.707081
2023-02-01 08:00:00.000 UTC,0.712945,0.705447,0.712945,0.705621
2023-02-01 07:00:00.000 UTC,0.714911,0.706395,0.711451,0.712732
2023-02-01 06:00:00.000 UTC,0.723067,0.71256,0.722093,0.71256
2023-02-01 05:00:00.000 UTC,0.727639,0.72394,0.726,0.72394
2023-02-01 04:00:00.000 UTC,0.729649,0.726974,0.726974,0.727612
2023-02-01 03:00:00.000 UTC,0.733614,0.7251,0.731814,0.727229
2023-02-01 02:00:00.000 UTC,0.733879,0.731114,0.733879,0.73138
2023-02-01 01:00:00.000 UTC,0.736029,0.730157,0.734902,0.733481
2023-02-01 00:00:00.000 UTC,0.738561,0.73022,0.73022,0.73499
2023-01-31 23:00:00.000 UTC,0.733374,0.728211,0.729801,0.733374
2023-01-31 22:00:00.000 UTC,0.729768,0.721271,0.724346,0.729768
2023-01-31 21:00:00.000 UTC,0.733586,0.721919,0.732924,0.724368
2023-01-31 20:00:00.000 UTC,0.736135,0.728918,0.736014,0.732363
2023-01-31 19:00:00.000 UTC,0.73607,0.731673,0.733181,0.734774
2023-01-31 18:00:00.000 UTC,0.73349,0.731513,0.733489,0.732817
2023-01-31 17:00:00.000 UTC,0.733905,0.729726,0.731924,0.732812
2023-01-31 16:00:00.000 UTC,0.737502,0.730637,0.730637,0.731533
2023-01-31 15:00:00.000 UTC,0.732311,0.727999,0.728896,0.729289
2023-01-31 14:00:00.000 UTC,0.730486,0.726155,0.728718,0.730486
2023-01-31 13:00:00.000 UTC,0.725556,0.720558,0.720927,0.725513
2023-01-31 12:00:00.000 UTC,0.721844,0.719149,0.719308,0.721722
2023-01-31 11:00:00.000 UTC,0.723424,0.71725,0.72003,0.723424
2023-01-31 10:00:00.000 UTC,0.721411,0.717295,0.720825,0.717295
2023-01-31 09:00:00.000 UTC,0.721919,0.71826,0.71826,0.72017
2023-01-31 08:00:00.000 UTC,0.725741,0.717549,0.725741,0.717549
2023-01-31 07:00:00.000 UTC,0.724019,0.716287,0.716287,0.724019
2023-01-31 06:00:00.000 UTC,0.717927,0.712205,0.712445,0.717295
2023-01-31 05:00:00.000 UTC,0.721336,0.71519,0.720096,0.716239
2023-01-31 04:00:00.000 UTC,0.719258,0.716721,0.717998,0.718704
2023-01-31 03:00:00.000 UTC,0.721293,0.718056,0.721293,0.718575
2023-01-31 02:00:00.000 UTC,0.721567,0.719335,0.720121,0.721567
2023-01-31 01:00:00.000 UTC,0.720763,0.713191,0.719422,0.72048
2023-01-31 00:00:00.000 UTC,0.723311,0.714255,0.722167,0.718727
2023-01-30 23:00:00.000 UTC,0.722628,0.717198,0.717569,0.72121
2023-01-30 22:00:00.000 UTC,0.717922,0.712192,0.715958,0.716276
2023-01-30 21:00:00.000 UTC,0.71739,0.710592,0.710592,0.714914
2023-01-30 20:00:00.000 UTC,0.716942,0.709784,0.715818,0.711838
2023-01-30 19:00:00.000 UTC,0.736669,0.71075,0.736669,0.715192
2023-01-30 18:00:00.000 UTC,0.739557,0.735216,0.738101,0.737098
2023-01-30 17:00:00.000 UTC,0.744202,0.738769,0.74015,0.738769
2023-01-30 16:00:00.000 UTC,0.74248,0.738599,0.741001,0.739174
2023-01-30 15:00:00.000 UTC,0.750494,0.740227,0.750494,0.740407
2023-01-30 14:00:00.000 UTC,0.748979,0.741946,0.742369,0.748979
2023-01-30 13:00:00.000 UTC,0.747279,0.742613,0.742613,0.744911
2023-01-30 12:00:00.000 UTC,0.744096,0.740441,0.742489,0.741992
2023-01-30 11:00:00.000 UTC,0.746734,0.742456,0.744505,0.742807
2023-01-30 10:00:00.000 UTC,0.747659,0.739099,0.742516,0.745582
2023-01-30 09:00:00.000 UTC,0.768929,0.743234,0.768929,0.743234
2023-01-30 08:00:00.000 UTC,0.776942,0.765272,0.774039,0.768538
2023-01-30 07:00:00.000 UTC,0.782182,0.772642,0.781547,0.773512
2023-01-30 06:00:00.000 UTC,0.78792,0.782194,0.786882,0.782629
2023-01-30 05:00:00.000 UTC,0.789192,0.784677,0.784677,0.785409
2023-01-30 04:00:00.000 UTC,0.787472,0.782968,0.782968,0.785691
2023-01-30 03:00:00.000 UTC,0.783621,0.780448,0.782195,0.783116
2023-01-30 02:00:00.000 UTC,0.785111,0.778406,0.785111,0.780443
2023-01-30 01:00:00.000 UTC,0.792319,0.782442,0.792278,0.78602
2023-01-30 00:00:00.000 UTC,0.803409,0.791069,0.803409,0.793649
2023-01-29 23:00:00.000 UTC,0.800933,0.790544,0.790544,0.800933
2023-01-29 22:00:00.000 UTC,0.794175,0.789272,0.794175,0.789272
2023-01-29 21:00:00.000 UTC,0.798316,0.792481,0.798316,0.794364
2023-01-29 20:00:00.000 UTC,0.798734,0.789969,0.789969,0.794411
2023-01-29 19:00:00.000 UTC,0.788264,0.780898,0.781743,0.788098
2023-01-29 18:00:00.000 UTC,0.781799,0.778445,0.778445,0.781259
2023-01-29 17:00:00.000 UTC,0.78703,0.778387,0.786732,0.778387
2023-01-29 16:00:00.000 UTC,0.786229,0.779526,0.784503,0.786229
2023-01-29 15:00:00.000 UTC,0.78438,0.781551,0.783758,0.783975
2023-01-29 14:00:00.000 UTC,0.797138,0.781576,0.794077,0.781576
2023-01-29 13:00:00.000 UTC,0.79208,0.775144,0.777295,0.79208
2023-01-29 12:00:00.000 UTC,0.784684,0.75928,0.75928,0.7784
2023-01-29 11:00:00.000 UTC,0.754743,0.751242,0.754524,0.754743
2023-01-29 10:00:00.000 UTC,0.757091,0.754655,0.755771,0.754835
2023-01-29 09:00:00.000 UTC,0.756211,0.749349,0.749349,0.754915
2023-01-29 08:00:00.000 UTC,0.749639,0.73854,0.741736,0.749084
2023-01-29 07:00:00.000 UTC,0.740602,0.738008,0.738067,0.740359
2023-01-29 06:00:00.000 UTC,0.740628,0.738804,0.739455,0.738804
2023-01-29 05:00:00.000 UTC,0.742419,0.73931,0.740865,0.739384
2023-01-29 04:00:00.000 UTC,0.744461,0.740763,0.740886,0.741446
2023-01-29 03:00:00.000 UTC,0.741062,0.733466,0.734326,0.74033
2023-01-29 02:00:00.000 UTC,0.743949,0.7342,0.743707,0.7342
2023-01-29 01:00:00.000 UTC,0.748349,0.737445,0.737445,0.745429
2023-01-29 00:00:00.000 UTC,0.73726,0.728339,0.736024,0.73726
2023-01-28 23:00:00.000 UTC,0.734823,0.731119,0.733892,0.734183
2023-01-28 22:00:00.000 UTC,0.734411,0.731482,0.734239,0.733969
2023-01-28 21:00:00.000 UTC,0.734408,0.731457,0.731457,0.733661
2023-01-28 20:00:00.000 UTC,0.742079,0.734128,0.742079,0.734128
2023-01-28 19:00:00.000 UTC,0.742994,0.739315,0.739315,0.742638
2023-01-28 18:00:00.000 UTC,0.741748,0.737556,0.741748,0.739966
2023-01-28 17:00:00.000 UTC,0.744831,0.736568,0.739814,0.741734
2023-01-28 16:00:00.000 UTC,0.740045,0.734755,0.73705,0.738001
2023-01-28 15:00:00.000 UTC,0.73747,0.729233,0.729233,0.73747
2023-01-28 14:00:00.000 UTC,0.73312,0.728902,0.73092,0.731213
2023-01-28 13:00:00.000 UTC,0.734214,0.727109,0.734214,0.731366
2023-01-28 12:00:00.000 UTC,0.745643,0.73281,0.745643,0.734529
2023-01-28 11:00:00.000 UTC,0.748235,0.745129,0.747938,0.745129
2023-01-28 10:00:00.000 UTC,0.751817,0.749344,0.751637,0.749367
2023-01-28 09:00:00.000 UTC,0.753716,0.749737,0.749837,0.752954
2023-01-28 08:00:00.000 UTC,0.755586,0.749574,0.754686,0.751219
2023-01-28 07:00:00.000 UTC,0.764768,0.751724,0.763084,0.754825
2023-01-28 06:00:00.000 UTC,0.767084,0.759161,0.76453,0.762376
2023-01-28 05:00:00.000 UTC,0.770855,0.763525,0.770855,0.763525
2023-01-28 04:00:00.000 UTC,0.773756,0.76702,0.768722,0.773756
2023-01-28 03:00:00.000 UTC,0.770201,0.763118,0.770159,0.770201
2023-01-28 02:00:00.000 UTC,0.775728,0.763924,0.769474,0.774803
2023-01-28 01:00:00.000 UTC,0.774843,0.757698,0.757698,0.770876
2023-01-28 00:00:00.000 UTC,0.75829,0.743234,0.743234,0.755003
2023-01-27 23:00:00.000 UTC,0.743392,0.738224,0.738224,0.742989
2023-01-27 22:00:00.000 UTC,0.748331,0.738432,0.748331,0.738432
2023-01-27 21:00:00.000 UTC,0.752302,0.744429,0.744429,0.750276
2023-01-27 20:00:00.000 UTC,0.755871,0.748393,0.753169,0.749698
2023-01-27 19:00:00.000 UTC,0.753408,0.745635,0.745635,0.752302
2023-01-27 18:00:00.000 UTC,0.751365,0.743655,0.746509,0.747853
2023-01-27 17:00:00.000 UTC,0.74567,0.740437,0.741532,0.744811
2023-01-27 16:00:00.000 UTC,0.746403,0.728515,0.728586,0.742292
2023-01-27 15:00:00.000 UTC,0.734992,0.725067,0.725067,0.73241
2023-01-27 14:00:00.000 UTC,0.724482,0.717475,0.721078,0.724482
2023-01-27 13:00:00.000 UTC,0.724122,0.716641,0.719681,0.720549
2023-01-27 12:00:00.000 UTC,0.727583,0.719776,0.724157,0.720463
2023-01-27 11:00:00.000 UTC,0.724654,0.721564,0.722143,0.723705
2023-01-27 10:00:00.000 UTC,0.729436,0.721883,0.72606,0.721883
2023-01-27 09:00:00.000 UTC,0.728388,0.72265,0.725097,0.726762
2023-01-27 08:00:00.000 UTC,0.730653,0.726271,0.730653,0.727614
2023-01-27 07:00:00.000 UTC,0.729072,0.72267,0.727155,0.729072
2023-01-27 06:00:00.000 UTC,0.729896,0.726287,0.727813,0.727403
2023-01-27 05:00:00.000 UTC,0.725345,0.720761,0.7214,0.725062
2023-01-27 04:00:00.000 UTC,0.724573,0.71951,0.719966,0.721021
2023-01-27 03:00:00.000 UTC,0.725543,0.721387,0.721544,0.721387
2023-01-27 02:00:00.000 UTC,0.720541,0.714393,0.714393,0.720541
2023-01-27 01:00:00.000 UTC,0.726958,0.715861,0.724328,0.716311
2023-01-27 00:00:00.000 UTC,0.742212,0.72703,0.742039,0.72703
2023-01-26 23:00:00.000 UTC,0.741088,0.736099,0.739218,0.740585
2023-01-26 22:00:00.000 UTC,0.739839,0.737532,0.738547,0.739218
2023-01-26 21:00:00.000 UTC,0.741476,0.734766,0.741476,0.738062
2023-01-26 20:00:00.000 UTC,0.741444,0.738562,0.738562,0.740202
2023-01-26 19:00:00.000 UTC,0.73909,0.732697,0.736285,0.738233
2023-01-26 18:00:00.000 UTC,0.740316,0.731308,0.73329,0.736377
2023-01-26 17:00:00.000 UTC,0.735114,0.731836,0.731836,0.733324
2023-01-26 16:00:00.000 UTC,0.731651,0.723814,0.730885,0.730539
2023-01-26 15:00:00.000 UTC,0.745419,0.731503,0.739963,0.731503
2023-01-26 14:00:00.000 UTC,0.752318,0.742688,0.745973,0.742951
2023-01-26 13:00:00.000 UTC,0.743209,0.736652,0.741574,0.743209
2023-01-26 12:00:00.000 UTC,0.740744,0.735212,0.735992,0.740637
2023-01-26 11:00:00.000 UTC,0.738027,0.732007,0.734613,0.736137
2023-01-26 10:00:00.000 UTC,0.74295,0.732834,0.741125,0.732834
2023-01-26 09:00:00.000 UTC,0.748486,0.740792,0.748132,0.742368
2023-01-26 08:00:00.000 UTC,0.748417,0.744774,0.745958,0.747657
2023-01-26 07:00:00.000 UTC,0.752884,0.745659,0.752884,0.745659
2023-01-26 06:00:00.000 UTC,0.764728,0.748953,0.757217,0.752244
2023-01-26 05:00:00.000 UTC,0.759436,0.753786,0.759436,0.755695
2023-01-26 04:00:00.000 UTC,0.7579,0.75035,0.751706,0.755046
2023-01-26 03:00:00.000 UTC,0.757994,0.752364,0.755734,0.752364
2023-01-26 02:00:00.000 UTC,0.761745,0.754784,0.761745,0.756773
2023-01-26 01:00:00.000 UTC,0.766203,0.758825,0.758825,0.762239
2023-01-26 00:00:00.000 UTC,0.762425,0.755431,0.755799,0.758973
2023-01-25 23:00:00.000 UTC,0.760492,0.750321,0.754005,0.756361
2023-01-25 22:00:00.000 UTC,0.776957,0.759699,0.772567,0.759699
2023-01-25 21:00:00.000 UTC,0.769841,0.753803,0.755458,0.769235
2023-01-25 20:00:00.000 UTC,0.756448,0.748321,0.748321,0.755048
2023-01-25 19:00:00.000 UTC,0.747576,0.740644,0.744104,0.747576
2023-01-25 18:00:00.000 UTC,0.743813,0.734243,0.739037,0.743813
2023-01-25 17:00:00.000 UTC,0.74158,0.733227,0.739521,0.736495
2023-01-25 16:00:00.000 UTC,0.740463,0.728183,0.734291,0.735605
2023-01-25 15:00:00.000 UTC,0.733108,0.726591,0.731362,0.729232
2023-01-25 14:00:00.000 UTC,0.742324,0.727322,0.742324,0.734841
2023-01-25 13:00:00.000 UTC,0.753089,0.740462,0.748178,0.740462
2023-01-25 12:00:00.000 UTC,0.750799,0.732942,0.732942,0.748549
2023-01-25 11:00:00.000 UTC,0.73758,0.730122,0.73758,0.733926
2023-01-25 10:00:00.000 UTC,0.744721,0.733612,0.744721,0.737121
2023-01-25 09:00:00.000 UTC,0.757141,0.744614,0.757141,0.745436
2023-01-25 08:00:00.000 UTC,0.759032,0.735196,0.735196,0.756248
2023-01-25 07:00:00.000 UTC,0.737889,0.73316,0.736426,0.734562
2023-01-25 06:00:00.000 UTC,0.732154,0.726545,0.727954,0.732154
2023-01-25 05:00:00.000 UTC,0.729125,0.725965,0.729009,0.726305
2023-01-25 04:00:00.000 UTC,0.729606,0.72665,0.727473,0.729606
2023-01-25 03:00:00.000 UTC,0.729933,0.725562,0.727964,0.726638
2023-01-25 02:00:00.000 UTC,0.730156,0.717475,0.717475,0.729604
2023-01-25 01:00:00.000 UTC,0.723137,0.712513,0.722149,0.716771
2023-01-25 00:00:00.000 UTC,0.732241,0.719471,0.727907,0.723617
2023-01-24 23:00:00.000 UTC,0.730125,0.722756,0.728842,0.727868
2023-01-24 22:00:00.000 UTC,0.749461,0.720893,0.749373,0.732568
2023-01-24 21:00:00.000 UTC,0.771525,0.750763,0.768982,0.750763
2023-01-24 20:00:00.000 UTC,0.781642,0.767398,0.776654,0.767795
2023-01-24 19:00:00.000 UTC,0.776213,0.773516,0.774558,0.775963
2023-01-24 18:00:00.000 UTC,0.776323,0.767616,0.769504,0.776323
2023-01-24 17:00:00.000 UTC,0.780069,0.766244,0.780069,0.76944
2023-01-24 16:00:00.000 UTC,0.785455,0.778544,0.784425,0.779465
2023-01-24 15:00:00.000 UTC,0.784528,0.778568,0.784528,0.783243
2023-01-24 14:00:00.000 UTC,0.785528,0.78058,0.785266,0.785499
2023-01-24 13:00:00.000 UTC,0.794953,0.784721,0.794953,0.785021
2023-01-24 12:00:00.000 UTC,0.797372,0.791584,0.793422,0.794361
2023-01-24 11:00:00.000 UTC,0.796686,0.792118,0.796686,0.792718
2023-01-24 10:00:00.000 UTC,0.796824,0.792787,0.793531,0.793789
2023-01-24 09:00:00.000 UTC,0.800954,0.792281,0.800954,0.793531
2023-01-24 08:00:00.000 UTC,0.801118,0.795987,0.80075,0.799737
2023-01-24 07:00:00.000 UTC,0.800382,0.797325,0.799926,0.797633
2023-01-24 06:00:00.000 UTC,0.801658,0.799684,0.80144,0.800449
2023-01-24 05:00:00.000 UTC,0.801505,0.794667,0.799956,0.799957
2023-01-24 04:00:00.000 UTC,0.805669,0.800082,0.805669,0.800231
2023-01-24 03:00:00.000 UTC,0.801536,0.79558,0.795823,0.801178
2023-01-24 02:00:00.000 UTC,0.799513,0.793445,0.793445,0.79521
2023-01-24 01:00:00.000 UTC,0.795709,0.787749,0.79104,0.791995
2023-01-24 00:00:00.000 UTC,0.799005,0.789857,0.794188,0.789857
2023-01-23 23:00:00.000 UTC,0.7961,0.793032,0.793264,0.794633
2023-01-23 22:00:00.000 UTC,0.798898,0.794397,0.798898,0.795274
2023-01-23 21:00:00.000 UTC,0.800125,0.796299,0.799148,0.798915
2023-01-23 20:00:00.000 UTC,0.798542,0.788203,0.788203,0.798542
2023-01-23 19:00:00.000 UTC,0.803049,0.785709,0.803049,0.786436
2023-01-23 18:00:00.000 UTC,0.806818,0.795291,0.795291,0.804055
2023-01-23 17:00:00.000 UTC,0.794765,0.787704,0.793611,0.794765
2023-01-23 16:00:00.000 UTC,0.802751,0.791956,0.798235,0.794684
2023-01-23 15:00:00.000 UTC,0.80135,0.792082,0.797955,0.798361
2023-01-23 14:00:00.000 UTC,0.805059,0.786989,0.794375,0.805059
2023-01-23 13:00:00.000 UTC,0.804873,0.793074,0.801145,0.793074
2023-01-23 12:00:00.000 UTC,0.805088,0.796364,0.805088,0.801697
2023-01-23 11:00:00.000 UTC,0.808398,0.802522,0.80607,0.803823
2023-01-23 10:00:00.000 UTC,0.813396,0.80308,0.807693,0.807754
2023-01-23 09:00:00.000 UTC,0.804159,0.798314,0.799555,0.802234
2023-01-23 08:00:00.000 UTC,0.803544,0.795725,0.798294,0.799577
2023-01-23 07:00:00.000 UTC,0.808261,0.799831,0.808234,0.799831
2023-01-23 06:00:00.000 UTC,0.809977,0.804594,0.805846,0.809878
2023-01-23 05:00:00.000 UTC,0.813281,0.806891,0.813281,0.807777
2023-01-23 04:00:00.000 UTC,0.813292,0.809453,0.811292,0.812986
2023-01-23 03:00:00.000 UTC,0.822648,0.813515,0.820051,0.81606
2023-01-23 02:00:00.000 UTC,0.826853,0.818069,0.820107,0.820458
2023-01-23 01:00:00.000 UTC,0.832886,0.811374,0.811374,0.827041
2023-01-23 00:00:00.000 UTC,0.816398,0.809569,0.809569,0.81254
2023-01-22 23:00:00.000 UTC,0.81035,0.798001,0.798001,0.809929
2023-01-22 22:00:00.000 UTC,0.794884,0.784301,0.784301,0.792918
2023-01-22 21:00:00.000 UTC,0.7853,0.773131,0.776419,0.7853
2023-01-22 20:00:00.000 UTC,0.810998,0.778679,0.810998,0.778679
2023-01-22 19:00:00.000 UTC,0.817573,0.808985,0.816467,0.808985
2023-01-22 18:00:00.000 UTC,0.827659,0.817252,0.820611,0.817252
2023-01-22 17:00:00.000 UTC,0.821859,0.813164,0.816831,0.819122
2023-01-22 16:00:00.000 UTC,0.831819,0.817391,0.831819,0.82078
2023-01-22 15:00:00.000 UTC,0.843666,0.823722,0.843666,0.834583
2023-01-22 14:00:00.000 UTC,0.846314,0.815996,0.819472,0.844089
2023-01-22 13:00:00.000 UTC,0.81927,0.808489,0.81241,0.818711
2023-01-22 12:00:00.000 UTC,0.826843,0.797248,0.797636,0.815077
2023-01-22 11:00:00.000 UTC,0.80295,0.798515,0.802264,0.798926
2023-01-22 10:00:00.000 UTC,0.802208,0.796498,0.796527,0.802208
2023-01-22 09:00:00.000 UTC,0.806258,0.797364,0.802894,0.797364
2023-01-22 08:00:00.000 UTC,0.806723,0.798506,0.798506,0.806723
2023-01-22 07:00:00.000 UTC,0.801872,0.797139,0.801872,0.799711
2023-01-22 06:00:00.000 UTC,0.806461,0.800904,0.806461,0.80369
2023-01-22 05:00:00.000 UTC,0.807353,0.800819,0.800819,0.803867
2023-01-22 04:00:00.000 UTC,0.808251,0.800597,0.808251,0.80194
2023-01-22 03:00:00.000 UTC,0.811176,0.803917,0.806882,0.811176
2023-01-22 02:00:00.000 UTC,0.811656,0.797923,0.804015,0.801242
2023-01-22 01:00:00.000 UTC,0.814691,0.803708,0.803708,0.806053
2023-01-22 00:00:00.000 UTC,0.806962,0.792622,0.792622,0.806505
2023-01-21 23:00:00.000 UTC,0.805009,0.790114,0.800789,0.792514
2023-01-21 22:00:00.000 UTC,0.80726,0.800957,0.80726,0.801655
2023-01-21 21:00:00.000 UTC,0.807266,0.802161,0.803904,0.807045
2023-01-21 20:00:00.000 UTC,0.807099,0.799616,0.807099,0.805432
2023-01-21 19:00:00.000 UTC,0.808376,0.805344,0.808376,0.807218
2023-01-21 18:00:00.000 UTC,0.808572,0.803028,0.804097,0.808572
2023-01-21 17:00:00.000 UTC,0.808574,0.801531,0.801531,0.80235
2023-01-21 16:00:00.000 UTC,0.807595,0.798126,0.798126,0.807231
2023-01-21 15:00:00.000 UTC,0.812981,0.805609,0.805609,0.806675
2023-01-21 14:00:00.000 UTC,0.811506,0.80539,0.810666,0.807711
2023-01-21 13:00:00.000 UTC,0.815453,0.804154,0.812013,0.811019
2023-01-21 12:00:00.000 UTC,0.82345,0.81123,0.82345,0.81123
2023-01-21 11:00:00.000 UTC,0.831348,0.780599,0.780599,0.824512
2023-01-21 10:00:00.000 UTC,0.808036,0.776952,0.793175,0.779817
2023-01-21 09:00:00.000 UTC,0.795284,0.787267,0.790127,0.794676
2023-01-21 08:00:00.000 UTC,0.80139,0.794631,0.79656,0.795228
2023-01-21 07:00:00.000 UTC,0.801836,0.794333,0.794333,0.798466
2023-01-21 06:00:00.000 UTC,0.794253,0.786567,0.789841,0.794253
2023-01-21 05:00:00.000 UTC,0.794576,0.791577,0.794576,0.791577
2023-01-21 04:00:00.000 UTC,0.798205,0.791417,0.791417,0.793687
2023-01-21 03:00:00.000 UTC,0.796279,0.790839,0.795887,0.792804
2023-01-21 02:00:00.000 UTC,0.806267,0.79589,0.801682,0.79589
2023-01-21 01:00:00.000 UTC,0.807134,0.793636,0.793636,0.800856
2023-01-21 00:00:00.000 UTC,0.808726,0.769049,0.772401,0.798752
2023-01-20 23:00:00.000 UTC,0.770078,0.762185,0.762185,0.769888
2023-01-20 22:00:00.000 UTC,0.770074,0.759726,0.759726,0.763488
2023-01-20 21:00:00.000 UTC,0.767405,0.749291,0.749291,0.759499
2023-01-20 20:00:00.000 UTC,0.744138,0.73027,0.73027,0.743816
2023-01-20 19:00:00.000 UTC,0.725811,0.718029,0.71951,0.725811
2023-01-20 18:00:00.000 UTC,0.723296,0.718259,0.7219,0.720003
2023-01-20 17:00:00.000 UTC,0.72177,0.706207,0.706207,0.72177
2023-01-20 16:00:00.000 UTC,0.708541,0.696944,0.696944,0.708541
2023-01-20 15:00:00.000 UTC,0.699649,0.69212,0.69212,0.696277
2023-01-20 14:00:00.000 UTC,0.692099,0.688883,0.692099,0.690948
2023-01-20 13:00:00.000 UTC,0.698005,0.691544,0.694401,0.693701
2023-01-20 12:00:00.000 UTC,0.697383,0.688765,0.689821,0.697383
2023-01-20 11:00:00.000 UTC,0.693937,0.689448,0.692417,0.69057
2023-01-20 10:00:00.000 UTC,0.693372,0.686889,0.69062,0.692559
2023-01-20 09:00:00.000 UTC,0.691418,0.681547,0.6844,0.691418
2023-01-20 08:00:00.000 UTC,0.691779,0.681936,0.689916,0.685131
2023-01-20 07:00:00.000 UTC,0.693074,0.690229,0.691245,0.693014
2023-01-20 06:00:00.000 UTC,0.695944,0.690656,0.694261,0.692443
2023-01-20 05:00:00.000 UTC,0.698848,0.692469,0.696302,0.695766
2023-01-20 04:00:00.000 UTC,0.707594,0.698252,0.705833,0.698252
2023-01-20 03:00:00.000 UTC,0.70867,0.704349,0.704946,0.707357
2023-01-20 02:00:00.000 UTC,0.711859,0.70658,0.709426,0.70658
2023-01-20 01:00:00.000 UTC,0.708365,0.698436,0.700988,0.708365
2023-01-20 00:00:00.000 UTC,0.707895,0.700063,0.707895,0.700063
2023-01-19 23:00:00.000 UTC,0.706527,0.703221,0.705305,0.706434
2023-01-19 22:00:00.000 UTC,0.703542,0.701072,0.701831,0.703542
2023-01-19 21:00:00.000 UTC,0.708013,0.700483,0.708013,0.700584
2023-01-19 20:00:00.000 UTC,0.710107,0.703613,0.703613,0.707876
2023-01-19 19:00:00.000 UTC,0.703655,0.693668,0.693668,0.703655
2023-01-19 18:00:00.000 UTC,0.695281,0.686587,0.69022,0.693768
2023-01-19 17:00:00.000 UTC,0.699498,0.689048,0.6963,0.689048
2023-01-19 16:00:00.000 UTC,0.703728,0.696151,0.698133,0.696871
2023-01-19 15:00:00.000 UTC,0.707435,0.69801,0.69801,0.699466
2023-01-19 14:00:00.000 UTC,0.702069,0.695705,0.702012,0.695705
2023-01-19 13:00:00.000 UTC,0.702076,0.690488,0.693382,0.702076
2023-01-19 12:00:00.000 UTC,0.699824,0.690251,0.699801,0.691118
2023-01-19 11:00:00.000 UTC,0.702605,0.694925,0.702605,0.698064
2023-01-19 10:00:00.000 UTC,0.712597,0.699144,0.712597,0.699361
2023-01-19 09:00:00.000 UTC,0.713249,0.709018,0.710692,0.712401
2023-01-19 08:00:00.000 UTC,0.721305,0.709561,0.713719,0.709561
2023-01-19 07:00:00.000 UTC,0.723831,0.703273,0.704953,0.716107
2023-01-19 06:00:00.000 UTC,0.704998,0.692356,0.694799,0.704998
2023-01-19 05:00:00.000 UTC,0.69835,0.69357,0.694055,0.69421
2023-01-19 04:00:00.000 UTC,0.697103,0.688816,0.688816,0.694932
2023-01-19 03:00:00.000 UTC,0.693349,0.687428,0.687599,0.687428
2023-01-19 02:00:00.000 UTC,0.689793,0.679137,0.679137,0.688413
2023-01-19 01:00:00.000 UTC,0.693981,0.681764,0.689736,0.681764
2023-01-19 00:00:00.000 UTC,0.708164,0.687487,0.687487,0.693305
2023-01-18 23:00:00.000 UTC,0.71511,0.691963,0.71511,0.692463
2023-01-18 22:00:00.000 UTC,0.714121,0.701811,0.714121,0.712754
2023-01-18 21:00:00.000 UTC,0.714371,0.702025,0.702025,0.714371
2023-01-18 20:00:00.000 UTC,0.719803,0.702118,0.718719,0.705849
2023-01-18 19:00:00.000 UTC,0.725523,0.717754,0.725523,0.717754
2023-01-18 18:00:00.000 UTC,0.737788,0.714871,0.714871,0.728265
2023-01-18 17:00:00.000 UTC,0.72627,0.683963,0.683963,0.716976
2023-01-18 16:00:00.000 UTC,0.714235,0.672129,0.714235,0.675095
2023-01-18 15:00:00.000 UTC,0.740179,0.710442,0.7357,0.710442
2023-01-18 14:00:00.000 UTC,0.743726,0.733526,0.741898,0.737458
2023-01-18 13:00:00.000 UTC,0.744128,0.738378,0.742902,0.740591
2023-01-18 12:00:00.000 UTC,0.751408,0.739784,0.739784,0.743699
2023-01-18 11:00:00.000 UTC,0.74418,0.733278,0.733278,0.740889
2023-01-18 10:00:00.000 UTC,0.732279,0.716845,0.716845,0.732279
2023-01-18 09:00:00.000 UTC,0.718147,0.710591,0.715253,0.716884
2023-01-18 08:00:00.000 UTC,0.727337,0.716812,0.726593,0.717502
2023-01-18 07:00:00.000 UTC,0.725459,0.714015,0.719032,0.723805
2023-01-18 06:00:00.000 UTC,0.729694,0.718805,0.729694,0.718805
2023-01-18 05:00:00.000 UTC,0.729902,0.723648,0.723648,0.728704
2023-01-18 04:00:00.000 UTC,0.729305,0.724518,0.727743,0.724518
2023-01-18 03:00:00.000 UTC,0.73336,0.72832,0.73336,0.729616
2023-01-18 02:00:00.000 UTC,0.74675,0.731703,0.732183,0.733801
2023-01-18 01:00:00.000 UTC,0.737729,0.711758,0.711905,0.737729
2023-01-18 00:00:00.000 UTC,0.724386,0.701483,0.701483,0.710592
2023-01-17 23:00:00.000 UTC,0.713719,0.70276,0.709493,0.702929
2023-01-17 22:00:00.000 UTC,0.712051,0.710153,0.710864,0.710153
2023-01-17 21:00:00.000 UTC,0.715672,0.709945,0.715672,0.711383
2023-01-17 20:00:00.000 UTC,0.724343,0.713647,0.723579,0.713647
2023-01-17 19:00:00.000 UTC,0.726012,0.722494,0.724965,0.723941
2023-01-17 18:00:00.000 UTC,0.726506,0.72234,0.726506,0.725928
2023-01-17 17:00:00.000 UTC,0.725732,0.719579,0.723231,0.724888
2023-01-17 16:00:00.000 UTC,0.724937,0.719443,0.722895,0.723773
2023-01-17 15:00:00.000 UTC,0.728947,0.719172,0.72762,0.722734
2023-01-17 14:00:00.000 UTC,0.738659,0.719327,0.732696,0.725884
2023-01-17 13:00:00.000 UTC,0.735125,0.729562,0.732603,0.734233
2023-01-17 12:00:00.000 UTC,0.736349,0.730504,0.735852,0.730504
2023-01-17 11:00:00.000 UTC,0.739662,0.731491,0.739662,0.733083
2023-01-17 10:00:00.000 UTC,0.739918,0.732097,0.732848,0.739918
2023-01-17 09:00:00.000 UTC,0.739562,0.732981,0.735692,0.732981
2023-01-17 08:00:00.000 UTC,0.736088,0.725655,0.726389,0.735386
2023-01-17 07:00:00.000 UTC,0.726737,0.720067,0.720067,0.726737
2023-01-17 06:00:00.000 UTC,0.739564,0.721436,0.739564,0.721436
2023-01-17 05:00:00.000 UTC,0.746898,0.737012,0.738876,0.738619
2023-01-17 04:00:00.000 UTC,0.757272,0.718295,0.718295,0.737999
2023-01-17 03:00:00.000 UTC,0.714317,0.705843,0.705843,0.713555
2023-01-17 02:00:00.000 UTC,0.705398,0.688549,0.691294,0.704997
2023-01-17 01:00:00.000 UTC,0.701727,0.683929,0.697453,0.687735
2023-01-17 00:00:00.000 UTC,0.711916,0.698558,0.700886,0.698596
2023-01-16 23:00:00.000 UTC,0.705138,0.700129,0.705138,0.701697
2023-01-16 22:00:00.000 UTC,0.714723,0.704924,0.714723,0.704924
2023-01-16 21:00:00.000 UTC,0.713674,0.700618,0.704198,0.713674
2023-01-16 20:00:00.000 UTC,0.711803,0.703458,0.707644,0.703972
2023-01-16 19:00:00.000 UTC,0.709749,0.70572,0.70572,0.708802
2023-01-16 18:00:00.000 UTC,0.703897,0.696859,0.698956,0.703897
2023-01-16 17:00:00.000 UTC,0.70646,0.696049,0.70646,0.700441
2023-01-16 16:00:00.000 UTC,0.717312,0.703862,0.706072,0.705035
2023-01-16 15:00:00.000 UTC,0.706885,0.677371,0.696477,0.706857
2023-01-16 14:00:00.000 UTC,0.700764,0.693616,0.700073,0.696814
2023-01-16 13:00:00.000 UTC,0.707495,0.696666,0.69908,0.697484
2023-01-16 12:00:00.000 UTC,0.713099,0.695351,0.695351,0.703529
2023-01-16 11:00:00.000 UTC,0.702814,0.696776,0.702814,0.696779
2023-01-16 10:00:00.000 UTC,0.709454,0.691387,0.691387,0.702799
2023-01-16 09:00:00.000 UTC,0.693233,0.686518,0.68795,0.692111
2023-01-16 08:00:00.000 UTC,0.720399,0.687599,0.720399,0.687599
2023-01-16 07:00:00.000 UTC,0.719322,0.714071,0.719322,0.717607
2023-01-16 06:00:00.000 UTC,0.72491,0.718054,0.72491,0.72075
2023-01-16 05:00:00.000 UTC,0.724668,0.716198,0.716198,0.722857
2023-01-16 04:00:00.000 UTC,0.717264,0.710365,0.71299,0.715882
2023-01-16 03:00:00.000 UTC,0.725272,0.714657,0.723007,0.716441
2023-01-16 02:00:00.000 UTC,0.730719,0.72045,0.730524,0.721293
2023-01-16 01:00:00.000 UTC,0.729818,0.710662,0.711417,0.729818
2023-01-16 00:00:00.000 UTC,0.722612,0.699018,0.722612,0.713245
2023-01-15 23:00:00.000 UTC,0.731326,0.721153,0.724687,0.725754
2023-01-15 22:00:00.000 UTC,0.725388,0.713552,0.722016,0.725388
2023-01-15 21:00:00.000 UTC,0.731244,0.721264,0.726366,0.721264
2023-01-15 20:00:00.000 UTC,0.731356,0.7186,0.731356,0.729399
2023-01-15 19:00:00.000 UTC,0.737232,0.726977,0.737232,0.728556
2023-01-15 18:00:00.000 UTC,0.748257,0.695778,0.705192,0.738519
2023-01-15 17:00:00.000 UTC,0.726635,0.695117,0.699529,0.70875
2023-01-15 16:00:00.000 UTC,0.702833,0.662607,0.663483,0.702833
2023-01-15 15:00:00.000 UTC,0.672071,0.661623,0.672071,0.66438
2023-01-15 14:00:00.000 UTC,0.663928,0.643971,0.643971,0.663928
2023-01-15 13:00:00.000 UTC,0.647614,0.639692,0.639692,0.64563
2023-01-15 12:00:00.000 UTC,0.643164,0.636197,0.643002,0.638532
2023-01-15 11:00:00.000 UTC,0.64196,0.629598,0.630865,0.640345
2023-01-15 10:00:00.000 UTC,0.632055,0.628792,0.629628,0.629822
2023-01-15 09:00:00.000 UTC,0.627799,0.620005,0.623447,0.627799
2023-01-15 08:00:00.000 UTC,0.6363,0.624403,0.63543,0.624962
2023-01-15 07:00:00.000 UTC,0.640066,0.632195,0.640066,0.634141
2023-01-15 06:00:00.000 UTC,0.647527,0.64073,0.64684,0.64073
2023-01-15 05:00:00.000 UTC,0.649114,0.640604,0.642539,0.648142
2023-01-15 04:00:00.000 UTC,0.645267,0.641145,0.642549,0.642108
2023-01-15 03:00:00.000 UTC,0.644247,0.637213,0.640627,0.644247
2023-01-15 02:00:00.000 UTC,0.653313,0.642382,0.653313,0.643329
2023-01-15 01:00:00.000 UTC,0.65457,0.645252,0.653796,0.653317
2023-01-15 00:00:00.000 UTC,0.675322,0.639528,0.664015,0.652944
2023-01-14 23:00:00.000 UTC,0.672425,0.658491,0.658491,0.665903
2023-01-14 22:00:00.000 UTC,0.658809,0.651891,0.651891,0.656652
2023-01-14 21:00:00.000 UTC,0.655648,0.651249,0.655648,0.651249
2023-01-14 20:00:00.000 UTC,0.655842,0.65061,0.651506,0.655503
2023-01-14 19:00:00.000 UTC,0.662839,0.652881,0.658924,0.652881
2023-01-14 18:00:00.000 UTC,0.663209,0.656136,0.658537,0.657808
2023-01-14 17:00:00.000 UTC,0.669882,0.660779,0.665351,0.660779
2023-01-14 16:00:00.000 UTC,0.676951,0.663189,0.668282,0.667253
2023-01-14 15:00:00.000 UTC,0.662098,0.647917,0.652354,0.662098
2023-01-14 14:00:00.000 UTC,0.66656,0.647809,0.66378,0.6508
2023-01-14 13:00:00.000 UTC,0.669424,0.661263,0.667757,0.664184
2023-01-14 12:00:00.000 UTC,0.676315,0.661532,0.668496,0.665795
2023-01-14 11:00:00.000 UTC,0.672379,0.660266,0.660266,0.665156
2023-01-14 10:00:00.000 UTC,0.657419,0.639449,0.650137,0.657419
2023-01-14 09:00:00.000 UTC,0.690969,0.634102,0.687542,0.641567
2023-01-14 08:00:00.000 UTC,0.696816,0.657276,0.657276,0.687524
2023-01-14 07:00:00.000 UTC,0.65803,0.653009,0.65803,0.656645
2023-01-14 06:00:00.000 UTC,0.656474,0.651668,0.652019,0.656469
2023-01-14 05:00:00.000 UTC,0.652984,0.643992,0.647888,0.652984
2023-01-14 04:00:00.000 UTC,0.653904,0.64454,0.651091,0.648918
2023-01-14 03:00:00.000 UTC,0.653496,0.646366,0.649874,0.65149
2023-01-14 02:00:00.000 UTC,0.658223,0.65008,0.657805,0.650595
2023-01-14 01:00:00.000 UTC,0.654941,0.638157,0.638157,0.652768
2023-01-14 00:00:00.000 UTC,0.662755,0.62812,0.62812,0.638195
2023-01-13 23:00:00.000 UTC,0.625305,0.611462,0.611462,0.625305
2023-01-13 22:00:00.000 UTC,0.621084,0.609865,0.61633,0.609865
2023-01-13 21:00:00.000 UTC,0.628145,0.61573,0.619946,0.616449
2023-01-13 20:00:00.000 UTC,0.61614,0.59907,0.59907,0.61614
2023-01-13 19:00:00.000 UTC,0.600323,0.571994,0.572325,0.600323
2023-01-13 18:00:00.000 UTC,0.574929,0.570538,0.57066,0.572823
2023-01-13 17:00:00.000 UTC,0.568328,0.564043,0.566894,0.568328
2023-01-13 16:00:00.000 UTC,0.571454,0.555109,0.557473,0.566429
2023-01-13 15:00:00.000 UTC,0.559669,0.55689,0.55689,0.557014
2023-01-13 14:00:00.000 UTC,0.557249,0.548538,0.550159,0.554546
2023-01-13 13:00:00.000 UTC,0.554291,0.550089,0.55364,0.551196
2023-01-13 12:00:00.000 UTC,0.561387,0.554087,0.556948,0.554087
2023-01-13 11:00:00.000 UTC,0.56102,0.555651,0.560526,0.556993
2023-01-13 10:00:00.000 UTC,0.559992,0.553888,0.557597,0.55985
2023-01-13 09:00:00.000 UTC,0.562033,0.554246,0.55694,0.559616
2023-01-13 08:00:00.000 UTC,0.556638,0.552122,0.552365,0.556638
2023-01-13 07:00:00.000 UTC,0.556184,0.552063,0.55529,0.552807
2023-01-13 06:00:00.000 UTC,0.558485,0.549432,0.552423,0.555757
2023-01-13 05:00:00.000 UTC,0.563503,0.553786,0.563503,0.553786
2023-01-13 04:00:00.000 UTC,0.56761,0.557292,0.56761,0.564601
2023-01-13 03:00:00.000 UTC,0.567146,0.539341,0.539341,0.567146
2023-01-13 02:00:00.000 UTC,0.539226,0.531588,0.533372,0.539226
2023-01-13 01:00:00.000 UTC,0.536106,0.531002,0.532879,0.531002
2023-01-13 00:00:00.000 UTC,0.5378,0.528006,0.535963,0.533275
2023-01-12 23:00:00.000 UTC,0.536839,0.531124,0.532215,0.536139
2023-01-12 22:00:00.000 UTC,0.534145,0.529657,0.534145,0.531994
2023-01-12 21:00:00.000 UTC,0.541467,0.533337,0.540771,0.533756
2023-01-12 20:00:00.000 UTC,0.540127,0.535496,0.535496,0.540127
2023-01-12 19:00:00.000 UTC,0.537767,0.525713,0.525713,0.534154
2023-01-12 18:00:00.000 UTC,0.528092,0.523307,0.525002,0.525059
2023-01-12 17:00:00.000 UTC,0.521952,0.510522,0.511119,0.521952
2023-01-12 16:00:00.000 UTC,0.51395,0.509346,0.510622,0.511599
2023-01-12 15:00:00.000 UTC,0.512078,0.508718,0.508718,0.510258
2023-01-12 14:00:00.000 UTC,0.52654,0.507372,0.524045,0.507372
2023-01-12 13:00:00.000 UTC,0.524598,0.513018,0.519369,0.524598
2023-01-12 12:00:00.000 UTC,0.519247,0.515565,0.515658,0.518187
2023-01-12 11:00:00.000 UTC,0.517867,0.515245,0.516109,0.515658
2023-01-12 10:00:00.000 UTC,0.515935,0.512867,0.515935,0.515574
2023-01-12 09:00:00.000 UTC,0.515935,0.51508,0.51508,0.515935
2023-01-12 08:00:00.000 UTC,0.519563,0.5134,0.519563,0.51393
2023-01-12 07:00:00.000 UTC,0.521223,0.518699,0.520059,0.519036
2023-01-12 06:00:00.000 UTC,0.525661,0.520028,0.522004,0.52136
2023-01-12 05:00:00.000 UTC,0.531297,0.524809,0.530424,0.525318
2023-01-12 04:00:00.000 UTC,0.53059,0.528809,0.529779,0.53053
2023-01-12 03:00:00.000 UTC,0.531761,0.528688,0.529351,0.529339
2023-01-12 02:00:00.000 UTC,0.536804,0.531276,0.533556,0.531276
2023-01-12 01:00:00.000 UTC,0.535064,0.532574,0.535064,0.534443
2023-01-12 00:00:00.000 UTC,0.544417,0.519598,0.521898,0.536034
2023-01-11 23:00:00.000 UTC,0.522498,0.513091,0.513221,0.520342
2023-01-11 22:00:00.000 UTC,0.512384,0.504326,0.507649,0.512384
2023-01-11 21:00:00.000 UTC,0.506078,0.503541,0.505283,0.505983
2023-01-11 20:00:00.000 UTC,0.506902,0.504104,0.506528,0.505767
2023-01-11 19:00:00.000 UTC,0.506305,0.497867,0.497956,0.504869
2023-01-11 18:00:00.000 UTC,0.498303,0.492125,0.492125,0.497576
2023-01-11 17:00:00.000 UTC,0.4929,0.489881,0.489881,0.492298
2023-01-11 16:00:00.000 UTC,0.493202,0.49051,0.492644,0.49051
2023-01-11 15:00:00.000 UTC,0.499266,0.491741,0.497202,0.491741
2023-01-11 14:00:00.000 UTC,0.500646,0.493782,0.500646,0.496901
2023-01-11 13:00:00.000 UTC,0.503597,0.498869,0.500447,0.50057
2023-01-11 12:00:00.000 UTC,0.501519,0.499226,0.501519,0.500965
2023-01-11 11:00:00.000 UTC,0.504033,0.501519,0.504033,0.501519
2023-01-11 10:00:00.000 UTC,0.504765,0.503583,0.504765,0.504065
2023-01-11 09:00:00.000 UTC,0.505238,0.501884,0.501884,0.504744
2023-01-11 08:00:00.000 UTC,0.505607,0.499867,0.505607,0.500661
2023-01-11 07:00:00.000 UTC,0.505357,0.503483,0.504596,0.504868
2023-01-11 06:00:00.000 UTC,0.504462,0.501497,0.501497,0.504462
2023-01-11 05:00:00.000 UTC,0.503572,0.49959,0.49959,0.503061
2023-01-11 04:00:00.000 UTC,0.507549,0.499828,0.505948,0.499828
2023-01-11 03:00:00.000 UTC,0.507629,0.505105,0.505924,0.506812
2023-01-11 02:00:00.000 UTC,0.516133,0.508769,0.516133,0.508769
2023-01-11 01:00:00.000 UTC,0.518082,0.514174,0.517321,0.514174
2023-01-11 00:00:00.000 UTC,0.520061,0.516273,0.519103,0.518895
2023-01-10 23:00:00.000 UTC,0.520775,0.517496,0.517496,0.520775
2023-01-10 22:00:00.000 UTC,0.52067,0.51676,0.520232,0.518656
2023-01-10 21:00:00.000 UTC,0.523299,0.520953,0.522845,0.52157
2023-01-10 20:00:00.000 UTC,0.522888,0.520098,0.522888,0.522467
2023-01-10 19:00:00.000 UTC,0.5235,0.518498,0.520545,0.52084
2023-01-10 18:00:00.000 UTC,0.521357,0.517593,0.520052,0.519852
2023-01-10 17:00:00.000 UTC,0.51946,0.515616,0.517191,0.51946
2023-01-10 16:00:00.000 UTC,0.519371,0.514242,0.518432,0.516439
2023-01-10 15:00:00.000 UTC,0.518851,0.514829,0.51549,0.517695
2023-01-10 14:00:00.000 UTC,0.518738,0.510614,0.510614,0.515153
2023-01-10 13:00:00.000 UTC,0.512544,0.506999,0.506999,0.511264
2023-01-10 12:00:00.000 UTC,0.515627,0.508232,0.513561,0.508248
2023-01-10 11:00:00.000 UTC,0.520101,0.514173,0.519731,0.514173
2023-01-10 10:00:00.000 UTC,0.521647,0.516057,0.516174,0.519009
2023-01-10 09:00:00.000 UTC,0.522714,0.520996,0.522714,0.521815
2023-01-10 08:00:00.000 UTC,0.524711,0.517094,0.517805,0.522147
2023-01-10 07:00:00.000 UTC,0.526545,0.521581,0.526545,0.522593
2023-01-10 06:00:00.000 UTC,0.524649,0.518796,0.521592,0.524649
2023-01-10 05:00:00.000 UTC,0.521591,0.51731,0.518989,0.521591
2023-01-10 04:00:00.000 UTC,0.51961,0.513724,0.515111,0.51961
2023-01-10 03:00:00.000 UTC,0.513482,0.507306,0.50982,0.513482
2023-01-10 02:00:00.000 UTC,0.527295,0.505407,0.527295,0.5126
2023-01-10 01:00:00.000 UTC,0.529723,0.521872,0.529113,0.528018
2023-01-10 00:00:00.000 UTC,0.526687,0.515458,0.515458,0.525468
2023-01-09 23:00:00.000 UTC,0.520894,0.513568,0.518855,0.520084
2023-01-09 22:00:00.000 UTC,0.522834,0.518115,0.518772,0.518115
2023-01-09 21:00:00.000 UTC,0.523262,0.518716,0.518984,0.519268
2023-01-09 20:00:00.000 UTC,0.525055,0.513856,0.525055,0.520963
2023-01-09 19:00:00.000 UTC,0.530245,0.528193,0.529699,0.529725
2023-01-09 18:00:00.000 UTC,0.542723,0.526048,0.540382,0.528351
2023-01-09 17:00:00.000 UTC,0.556181,0.540868,0.556181,0.541753
2023-01-09 16:00:00.000 UTC,0.538112,0.522292,0.525597,0.537934
2023-01-09 15:00:00.000 UTC,0.525231,0.515449,0.520124,0.52481
2023-01-09 14:00:00.000 UTC,0.520909,0.512838,0.515223,0.519068
2023-01-09 13:00:00.000 UTC,0.526809,0.513455,0.52205,0.513455
2023-01-09 12:00:00.000 UTC,0.524714,0.520475,0.520475,0.522014
2023-01-09 11:00:00.000 UTC,0.523618,0.518531,0.521225,0.518531
2023-01-09 10:00:00.000 UTC,0.523812,0.521072,0.522923,0.521072
2023-01-09 09:00:00.000 UTC,0.526972,0.520856,0.522349,0.523725
2023-01-09 08:00:00.000 UTC,0.528387,0.523051,0.528387,0.523344
2023-01-09 07:00:00.000 UTC,0.532251,0.526673,0.532251,0.529418
2023-01-09 06:00:00.000 UTC,0.539582,0.527291,0.530141,0.534179
2023-01-09 05:00:00.000 UTC,0.530306,0.527668,0.52967,0.529047
2023-01-09 04:00:00.000 UTC,0.534071,0.52258,0.52258,0.531111
2023-01-09 03:00:00.000 UTC,0.524398,0.516476,0.516476,0.522621
2023-01-09 02:00:00.000 UTC,0.525445,0.51671,0.520391,0.51671
2023-01-09 01:00:00.000 UTC,0.521587,0.512097,0.513835,0.521153
2023-01-09 00:00:00.000 UTC,0.518432,0.489551,0.492302,0.512797
2023-01-08 23:00:00.000 UTC,0.501427,0.493765,0.498665,0.494093
2023-01-08 22:00:00.000 UTC,0.504636,0.49568,0.49568,0.499576
2023-01-08 21:00:00.000 UTC,0.502965,0.494297,0.502965,0.497705
2023-01-08 20:00:00.000 UTC,0.508474,0.470502,0.470502,0.502907
2023-01-08 19:00:00.000 UTC,0.476165,0.468783,0.476165,0.470748
2023-01-08 18:00:00.000 UTC,0.474918,0.468154,0.468182,0.473947
2023-01-08 17:00:00.000 UTC,0.472388,0.467102,0.472176,0.467872
2023-01-08 16:00:00.000 UTC,0.47198,0.4653,0.47198,0.470683
2023-01-08 15:00:00.000 UTC,0.473059,0.463432,0.467576,0.473059
2023-01-08 14:00:00.000 UTC,0.469335,0.453999,0.454109,0.467007
2023-01-08 13:00:00.000 UTC,0.454619,0.452966,0.453934,0.454262
2023-01-08 12:00:00.000 UTC,0.455467,0.452972,0.455467,0.453596
2023-01-08 11:00:00.000 UTC,0.456508,0.454185,0.456508,0.454185
2023-01-08 10:00:00.000 UTC,0.456612,0.455237,0.45536,0.455237
2023-01-08 09:00:00.000 UTC,0.459451,0.455074,0.457742,0.455544
2023-01-08 08:00:00.000 UTC,0.458372,0.455674,0.455674,0.458272
2023-01-08 07:00:00.000 UTC,0.459445,0.454233,0.456668,0.455372
2023-01-08 06:00:00.000 UTC,0.462411,0.45626,0.462411,0.45626
2023-01-08 05:00:00.000 UTC,0.464986,0.460985,0.464014,0.46336
2023-01-08 04:00:00.000 UTC,0.462202,0.453159,0.453159,0.462202
2023-01-08 03:00:00.000 UTC,0.451747,0.448422,0.450687,0.451747
2023-01-08 02:00:00.000 UTC,0.448132,0.446334,0.448132,0.447589
2023-01-08 01:00:00.000 UTC,0.450044,0.4475,0.449482,0.447572
2023-01-08 00:00:00.000 UTC,0.454835,0.446179,0.454374,0.448302
2023-01-07 23:00:00.000 UTC,0.455033,0.452712,0.452924,0.455033
2023-01-07 22:00:00.000 UTC,0.456169,0.452693,0.45383,0.452693
2023-01-07 21:00:00.000 UTC,0.456047,0.45292,0.453619,0.454181
2023-01-07 20:00:00.000 UTC,0.457174,0.453043,0.456918,0.453363
2023-01-07 19:00:00.000 UTC,0.456926,0.455429,0.456001,0.45651
2023-01-07 18:00:00.000 UTC,0.460244,0.455748,0.457448,0.456378
2023-01-07 17:00:00.000 UTC,0.459271,0.455431,0.456019,0.457249
2023-01-07 16:00:00.000 UTC,0.458522,0.454702,0.457495,0.455903
2023-01-07 15:00:00.000 UTC,0.460245,0.456246,0.456246,0.457091
2023-01-07 14:00:00.000 UTC,0.45882,0.453782,0.45882,0.454808
2023-01-07 13:00:00.000 UTC,0.463924,0.457814,0.463924,0.457814
2023-01-07 12:00:00.000 UTC,0.464743,0.462439,0.462439,0.462899
2023-01-07 11:00:00.000 UTC,0.466161,0.464533,0.465381,0.465767
2023-01-07 10:00:00.000 UTC,0.47003,0.464308,0.47003,0.465241
2023-01-07 09:00:00.000 UTC,0.470886,0.464805,0.467321,0.470886
2023-01-07 08:00:00.000 UTC,0.467014,0.462869,0.464529,0.46646
2023-01-07 07:00:00.000 UTC,0.469505,0.462748,0.466703,0.466056
2023-01-07 06:00:00.000 UTC,0.467854,0.463307,0.467492,0.467839
2023-01-07 05:00:00.000 UTC,0.474352,0.467029,0.469132,0.467029
2023-01-07 04:00:00.000 UTC,0.470434,0.463382,0.463385,0.470434
2023-01-07 03:00:00.000 UTC,0.465798,0.459739,0.465345,0.463872
2023-01-07 02:00:00.000 UTC,0.467793,0.460253,0.460253,0.466527
2023-01-07 01:00:00.000 UTC,0.464929,0.451626,0.451626,0.459331
2023-01-07 00:00:00.000 UTC,0.446278,0.431966,0.432125,0.446278
2023-01-06 23:00:00.000 UTC,0.433484,0.430483,0.433484,0.432425
2023-01-06 22:00:00.000 UTC,0.431822,0.423623,0.423709,0.431822
2023-01-06 21:00:00.000 UTC,0.423542,0.421191,0.421191,0.423352
2023-01-06 20:00:00.000 UTC,0.424026,0.420968,0.423746,0.421261
2023-01-06 19:00:00.000 UTC,0.423684,0.418486,0.419395,0.423684
2023-01-06 18:00:00.000 UTC,0.420456,0.417692,0.417692,0.419127
2023-01-06 17:00:00.000 UTC,0.418075,0.416881,0.418075,0.417362
2023-01-06 16:00:00.000 UTC,0.417456,0.415317,0.416552,0.417456
2023-01-06 15:00:00.000 UTC,0.416226,0.412532,0.412532,0.415392
2023-01-06 14:00:00.000 UTC,0.414151,0.412032,0.412663,0.412349
2023-01-06 13:00:00.000 UTC,0.413101,0.408944,0.410618,0.413098
2023-01-06 12:00:00.000 UTC,0.411663,0.409255,0.411663,0.410577
2023-01-06 11:00:00.000 UTC,0.411607,0.409685,0.410313,0.411458
2023-01-06 10:00:00.000 UTC,0.412931,0.410404,0.412117,0.410404
2023-01-06 09:00:00.000 UTC,0.412367,0.410527,0.412367,0.411936
2023-01-06 08:00:00.000 UTC,0.414564,0.413059,0.414081,0.413059
2023-01-06 07:00:00.000 UTC,0.413913,0.411232,0.412045,0.413858
2023-01-06 06:00:00.000 UTC,0.417281,0.412777,0.416365,0.412777
2023-01-06 05:00:00.000 UTC,0.417554,0.415558,0.416753,0.4158
2023-01-06 04:00:00.000 UTC,0.422467,0.41569,0.422435,0.417172
2023-01-06 03:00:00.000 UTC,0.423341,0.422038,0.422828,0.422834
2023-01-06 02:00:00.000 UTC,0.426758,0.422177,0.426758,0.422805
2023-01-06 01:00:00.000 UTC,0.428347,0.42709,0.427867,0.427684
2023-01-06 00:00:00.000 UTC,0.428021,0.424725,0.426539,0.428021
2023-01-05 23:00:00.000 UTC,0.427551,0.424313,0.427391,0.426787
2023-01-05 22:00:00.000 UTC,0.428643,0.427566,0.427595,0.427908
2023-01-05 21:00:00.000 UTC,0.429342,0.427203,0.429101,0.428052
2023-01-05 20:00:00.000 UTC,0.429875,0.42862,0.42862,0.428998
2023-01-05 19:00:00.000 UTC,0.429028,0.427558,0.427558,0.429028
2023-01-05 18:00:00.000 UTC,0.428325,0.42652,0.42652,0.427797
2023-01-05 17:00:00.000 UTC,0.427429,0.426472,0.426634,0.426472
2023-01-05 16:00:00.000 UTC,0.427853,0.425196,0.427525,0.426632
2023-01-05 15:00:00.000 UTC,0.429295,0.426828,0.426828,0.427979
2023-01-05 14:00:00.000 UTC,0.428511,0.424745,0.426422,0.426218
2023-01-05 13:00:00.000 UTC,0.431347,0.427754,0.431347,0.42777
2023-01-05 12:00:00.000 UTC,0.433301,0.430681,0.433288,0.431263
2023-01-05 11:00:00.000 UTC,0.432632,0.429986,0.431967,0.432632
2023-01-05 10:00:00.000 UTC,0.432316,0.428397,0.428397,0.432316
2023-01-05 09:00:00.000 UTC,0.432526,0.427665,0.432426,0.427665
2023-01-05 08:00:00.000 UTC,0.436852,0.432803,0.435971,0.433063
2023-01-05 07:00:00.000 UTC,0.438367,0.434505,0.437663,0.435991
2023-01-05 06:00:00.000 UTC,0.440883,0.436005,0.440001,0.437716
2023-01-05 05:00:00.000 UTC,0.443425,0.440387,0.442138,0.440387
2023-01-05 04:00:00.000 UTC,0.443707,0.439994,0.439994,0.442749
2023-01-05 03:00:00.000 UTC,0.441983,0.43978,0.441903,0.43984
2023-01-05 02:00:00.000 UTC,0.443655,0.437321,0.437321,0.441733
2023-01-05 01:00:00.000 UTC,0.439453,0.434238,0.436749,0.438114
2023-01-05 00:00:00.000 UTC,0.444419,0.43331,0.43331,0.43654
2023-01-04 23:00:00.000 UTC,0.43351,0.430847,0.431158,0.43351
2023-01-04 22:00:00.000 UTC,0.431653,0.427699,0.427699,0.431149
2023-01-04 21:00:00.000 UTC,0.429619,0.427276,0.427276,0.427427
2023-01-04 20:00:00.000 UTC,0.432794,0.427047,0.432794,0.428032
2023-01-04 19:00:00.000 UTC,0.436197,0.431476,0.436197,0.431947
2023-01-04 18:00:00.000 UTC,0.438689,0.435109,0.435109,0.43742
2023-01-04 17:00:00.000 UTC,0.437741,0.434939,0.435701,0.43588
2023-01-04 16:00:00.000 UTC,0.441541,0.434756,0.438043,0.435253
2023-01-04 15:00:00.000 UTC,0.435147,0.428644,0.432603,0.435099
2023-01-04 14:00:00.000 UTC,0.433096,0.431087,0.433096,0.432006
2023-01-04 13:00:00.000 UTC,0.433859,0.430694,0.430694,0.433859
2023-01-04 12:00:00.000 UTC,0.433198,0.430028,0.431126,0.431047
2023-01-04 11:00:00.000 UTC,0.430754,0.429017,0.429966,0.430754
2023-01-04 10:00:00.000 UTC,0.431303,0.428696,0.431303,0.429679
2023-01-04 09:00:00.000 UTC,0.432109,0.430427,0.431348,0.430789
2023-01-04 08:00:00.000 UTC,0.43313,0.429458,0.43313,0.431473
2023-01-04 07:00:00.000 UTC,0.436098,0.432751,0.436098,0.432751
2023-01-04 06:00:00.000 UTC,0.436174,0.434401,0.436174,0.435709
2023-01-04 05:00:00.000 UTC,0.436743,0.434397,0.436743,0.435832
2023-01-04 04:00:00.000 UTC,0.437271,0.432259,0.433507,0.437271
2023-01-04 03:00:00.000 UTC,0.433016,0.427283,0.428509,0.433016
2023-01-04 02:00:00.000 UTC,0.428642,0.426652,0.4285,0.428642
2023-01-04 01:00:00.000 UTC,0.429374,0.417652,0.417652,0.427082
2023-01-04 00:00:00.000 UTC,0.418253,0.414903,0.418253,0.416727
2023-01-03 23:00:00.000 UTC,0.417808,0.41146,0.41146,0.417808
2023-01-03 22:00:00.000 UTC,0.4127,0.410325,0.4127,0.410325
2023-01-03 21:00:00.000 UTC,0.412496,0.410398,0.411547,0.412496
2023-01-03 20:00:00.000 UTC,0.411208,0.408437,0.408552,0.411208
2023-01-03 19:00:00.000 UTC,0.408427,0.406271,0.407006,0.408135
2023-01-03 18:00:00.000 UTC,0.406904,0.403933,0.404977,0.406904
2023-01-03 17:00:00.000 UTC,0.405275,0.403191,0.403898,0.405022
2023-01-03 16:00:00.000 UTC,0.408625,0.405926,0.406195,0.406143
2023-01-03 15:00:00.000 UTC,0.406286,0.403388,0.405302,0.405404
2023-01-03 14:00:00.000 UTC,0.408965,0.406205,0.406205,0.407131
2023-01-03 13:00:00.000 UTC,0.407268,0.405716,0.405716,0.406886
2023-01-03 12:00:00.000 UTC,0.407242,0.40501,0.406358,0.40501
2023-01-03 11:00:00.000 UTC,0.409265,0.406382,0.409265,0.406382
2023-01-03 10:00:00.000 UTC,0.412461,0.410094,0.412461,0.410121
2023-01-03 09:00:00.000 UTC,0.412437,0.410136,0.411122,0.412437
2023-01-03 08:00:00.000 UTC,0.409896,0.407082,0.409093,0.409896
2023-01-03 07:00:00.000 UTC,0.411516,0.408232,0.411516,0.408775
2023-01-03 06:00:00.000 UTC,0.411917,0.407735,0.407735,0.410815
2023-01-03 05:00:00.000 UTC,0.407335,0.404113,0.40435,0.40726
2023-01-03 04:00:00.000 UTC,0.407741,0.405042,0.4068,0.405042
2023-01-03 03:00:00.000 UTC,0.407802,0.405228,0.407802,0.406653
2023-01-03 02:00:00.000 UTC,0.408681,0.406484,0.406788,0.408272
2023-01-03 01:00:00.000 UTC,0.412653,0.407163,0.412653,0.407163
2023-01-03 00:00:00.000 UTC,0.413731,0.408507,0.410459,0.412741
2023-01-02 23:00:00.000 UTC,0.410885,0.40925,0.40925,0.410404
2023-01-02 22:00:00.000 UTC,0.410936,0.407805,0.410936,0.408389
2023-01-02 21:00:00.000 UTC,0.410645,0.409805,0.410055,0.410216
2023-01-02 20:00:00.000 UTC,0.411502,0.410088,0.411502,0.410088
2023-01-02 19:00:00.000 UTC,0.412303,0.41042,0.41065,0.411679
2023-01-02 18:00:00.000 UTC,0.411546,0.410107,0.410644,0.411378
2023-01-02 17:00:00.000 UTC,0.410861,0.409949,0.410019,0.41071
2023-01-02 16:00:00.000 UTC,0.41126,0.409856,0.410564,0.410513
2023-01-02 15:00:00.000 UTC,0.412458,0.406127,0.406818,0.410759
2023-01-02 14:00:00.000 UTC,0.405622,0.403187,0.403187,0.405368
2023-01-02 13:00:00.000 UTC,0.404161,0.401937,0.403427,0.403077
2023-01-02 12:00:00.000 UTC,0.40486,0.402945,0.402945,0.403383
2023-01-02 11:00:00.000 UTC,0.402762,0.401286,0.402607,0.402762
2023-01-02 10:00:00.000 UTC,0.404782,0.402343,0.403791,0.402525
2023-01-02 09:00:00.000 UTC,0.405643,0.403996,0.404163,0.404063
2023-01-02 08:00:00.000 UTC,0.404838,0.400166,0.400166,0.403629
2023-01-02 07:00:00.000 UTC,0.400474,0.39186,0.39186,0.400452
2023-01-02 06:00:00.000 UTC,0.392856,0.391113,0.392724,0.391595
2023-01-02 05:00:00.000 UTC,0.392606,0.38969,0.38969,0.392606
2023-01-02 04:00:00.000 UTC,0.389457,0.38826,0.38871,0.389457
2023-01-02 03:00:00.000 UTC,0.387897,0.384625,0.384625,0.387897
2023-01-02 02:00:00.000 UTC,0.384557,0.383049,0.383361,0.384557
2023-01-02 01:00:00.000 UTC,0.386535,0.383137,0.386535,0.383409
2023-01-02 00:00:00.000 UTC,0.389352,0.386559,0.388632,0.386607
2023-01-01 23:00:00.000 UTC,0.389357,0.388466,0.38865,0.388637
2023-01-01 22:00:00.000 UTC,0.389533,0.388298,0.389533,0.38898
2023-01-01 21:00:00.000 UTC,0.389088,0.387501,0.387501,0.389088
2023-01-01 20:00:00.000 UTC,0.387745,0.386945,0.386945,0.387741
2023-01-01 19:00:00.000 UTC,0.387702,0.386679,0.387035,0.38728
2023-01-01 18:00:00.000 UTC,0.388089,0.386986,0.386986,0.387196
2023-01-01 17:00:00.000 UTC,0.38735,0.386604,0.386931,0.387014
2023-01-01 16:00:00.000 UTC,0.387889,0.386719,0.386719,0.38716
2023-01-01 15:00:00.000 UTC,0.386699,0.384156,0.384384,0.386699
2023-01-01 14:00:00.000 UTC,0.385833,0.384482,0.384769,0.384482
2023-01-01 13:00:00.000 UTC,0.386926,0.384113,0.385839,0.384451
2023-01-01 12:00:00.000 UTC,0.385772,0.383842,0.383842,0.385772
2023-01-01 11:00:00.000 UTC,0.383812,0.381783,0.381783,0.383615
2023-01-01 10:00:00.000 UTC,0.382685,0.381351,0.381351,0.381983
2023-01-01 09:00:00.000 UTC,0.381114,0.379399,0.379936,0.381114
2023-01-01 08:00:00.000 UTC,0.38117,0.379792,0.379792,0.380304
2023-01-01 07:00:00.000 UTC,0.38025,0.378922,0.38011,0.379669
2023-01-01 06:00:00.000 UTC,0.380858,0.378334,0.378334,0.380045
2023-01-01 05:00:00.000 UTC,0.378391,0.37658,0.377831,0.378391
2023-01-01 04:00:00.000 UTC,0.380457,0.378166,0.380378,0.378166
2023-01-01 03:00:00.000 UTC,0.381019,0.379874,0.381019,0.380399
2023-01-01 02:00:00.000 UTC,0.381898,0.379741,0.380007,0.381232
2023-01-01 01:00:00.000 UTC,0.382391,0.37972,0.380367,0.37972
2023-01-01 00:00:00.000 UTC,0.382829,0.380188,0.382829,0.380471
2022-12-31 23:00:00.000 UTC,0.38299,0.380166,0.381734,0.382849
2022-12-31 22:00:00.000 UTC,0.384168,0.381664,0.383993,0.382081
2022-12-31 21:00:00.000 UTC,0.38663,0.384093,0.38604,0.384093
2022-12-31 20:00:00.000 UTC,0.386984,0.385615,0.386984,0.386372
2022-12-31 19:00:00.000 UTC,0.386993,0.384971,0.385983,0.386685
2022-12-31 18:00:00.000 UTC,0.386283,0.38468,0.38468,0.386219
2022-12-31 17:00:00.000 UTC,0.388243,0.384227,0.388187,0.384694
2022-12-31 16:00:00.000 UTC,0.388796,0.387932,0.388034,0.388301
2022-12-31 15:00:00.000 UTC,0.389985,0.388305,0.389376,0.388387
2022-12-31 14:00:00.000 UTC,0.391211,0.388469,0.388486,0.388469
2022-12-31 13:00:00.000 UTC,0.389142,0.387351,0.389065,0.388338
2022-12-31 12:00:00.000 UTC,0.389264,0.388506,0.388726,0.388855
2022-12-31 11:00:00.000 UTC,0.390489,0.388843,0.390163,0.388934
2022-12-31 10:00:00.000 UTC,0.391412,0.388003,0.388003,0.390555
2022-12-31 09:00:00.000 UTC,0.388216,0.387067,0.388216,0.387784
2022-12-31 08:00:00.000 UTC,0.388492,0.386583,0.386583,0.388309
2022-12-31 07:00:00.000 UTC,0.387467,0.385394,0.385394,0.386713
2022-12-31 06:00:00.000 UTC,0.385071,0.383264,0.383439,0.385071
2022-12-31 05:00:00.000 UTC,0.385424,0.383538,0.385332,0.383538
2022-12-31 04:00:00.000 UTC,0.385885,0.385148,0.385148,0.385508
2022-12-31 03:00:00.000 UTC,0.386558,0.385242,0.386207,0.385242
2022-12-31 02:00:00.000 UTC,0.387499,0.384747,0.385234,0.385861
2022-12-31 01:00:00.000 UTC,0.3885,0.386077,0.388481,0.388069
2022-12-31 00:00:00.000 UTC,0.389253,0.387247,0.387471,0.388875
2022-12-30 23:00:00.000 UTC,0.388664,0.387298,0.388007,0.387355
2022-12-30 22:00:00.000 UTC,0.388532,0.386974,0.388532,0.387293
2022-12-30 21:00:00.000 UTC,0.390561,0.388413,0.388413,0.388901
2022-12-30 20:00:00.000 UTC,0.389086,0.387739,0.387739,0.388807
2022-12-30 19:00:00.000 UTC,0.389549,0.388192,0.389549,0.388229
2022-12-30 18:00:00.000 UTC,0.390074,0.388448,0.388999,0.389058
2022-12-30 17:00:00.000 UTC,0.390116,0.387927,0.387927,0.388919
2022-12-30 16:00:00.000 UTC,0.388518,0.385595,0.385595,0.388518
2022-12-30 15:00:00.000 UTC,0.386922,0.383597,0.384653,0.385641
2022-12-30 14:00:00.000 UTC,0.386895,0.383036,0.385436,0.383793
2022-12-30 13:00:00.000 UTC,0.388364,0.385595,0.386433,0.385595
2022-12-30 12:00:00.000 UTC,0.386679,0.383287,0.383351,0.386651
2022-12-30 11:00:00.000 UTC,0.384178,0.381555,0.383204,0.383513
2022-12-30 10:00:00.000 UTC,0.385304,0.382753,0.383602,0.382753
2022-12-30 09:00:00.000 UTC,0.384058,0.382553,0.382704,0.383463
2022-12-30 08:00:00.000 UTC,0.384553,0.381653,0.383901,0.382978
2022-12-30 07:00:00.000 UTC,0.38724,0.383279,0.38724,0.383517
2022-12-30 06:00:00.000 UTC,0.388858,0.387278,0.388667,0.387278
2022-12-30 05:00:00.000 UTC,0.395255,0.389541,0.395255,0.389541
2022-12-30 04:00:00.000 UTC,0.396009,0.393726,0.395913,0.395051
2022-12-30 03:00:00.000 UTC,0.397517,0.396324,0.396672,0.396324
2022-12-30 02:00:00.000 UTC,0.397505,0.394876,0.396726,0.396514
2022-12-30 01:00:00.000 UTC,0.401583,0.397075,0.401262,0.397256
2022-12-30 00:00:00.000 UTC,0.40239,0.399968,0.402021,0.401697
2022-12-29 23:00:00.000 UTC,0.402596,0.398461,0.398461,0.401898
2022-12-29 22:00:00.000 UTC,0.399192,0.395028,0.395028,0.398893
2022-12-29 21:00:00.000 UTC,0.395688,0.394444,0.395281,0.395602
2022-12-29 20:00:00.000 UTC,0.402642,0.394618,0.402642,0.396133
2022-12-29 19:00:00.000 UTC,0.405733,0.402366,0.404805,0.402366
2022-12-29 18:00:00.000 UTC,0.406085,0.404252,0.40557,0.404252
2022-12-29 17:00:00.000 UTC,0.405641,0.404125,0.405042,0.405277
2022-12-29 16:00:00.000 UTC,0.405158,0.403109,0.405132,0.405158
2022-12-29 15:00:00.000 UTC,0.405675,0.403228,0.403228,0.405037
2022-12-29 14:00:00.000 UTC,0.404296,0.402514,0.403906,0.403398
2022-12-29 13:00:00.000 UTC,0.40475,0.402804,0.40316,0.403918
2022-12-29 12:00:00.000 UTC,0.40528,0.403156,0.404633,0.403661
2022-12-29 11:00:00.000 UTC,0.406278,0.404977,0.406136,0.405159
2022-12-29 10:00:00.000 UTC,0.405931,0.403529,0.405699,0.405931
2022-12-29 09:00:00.000 UTC,0.406282,0.40346,0.40346,0.405646
2022-12-29 08:00:00.000 UTC,0.4064,0.403701,0.4064,0.403933
2022-12-29 07:00:00.000 UTC,0.40644,0.403844,0.405816,0.40644
2022-12-29 06:00:00.000 UTC,0.408069,0.406261,0.408069,0.406261
2022-12-29 05:00:00.000 UTC,0.410498,0.407786,0.410498,0.407888
2022-12-29 04:00:00.000 UTC,0.409725,0.406384,0.408069,0.409725
2022-12-29 03:00:00.000 UTC,0.407772,0.405676,0.405676,0.407772
2022-12-29 02:00:00.000 UTC,0.408168,0.402554,0.408168,0.405355
2022-12-29 01:00:00.000 UTC,0.412317,0.408745,0.412317,0.408745
2022-12-29 00:00:00.000 UTC,0.413059,0.408047,0.411584,0.411136
2022-12-28 23:00:00.000 UTC,0.41153,0.409806,0.409817,0.411447
2022-12-28 22:00:00.000 UTC,0.410694,0.409172,0.41066,0.409797
2022-12-28 21:00:00.000 UTC,0.415874,0.41008,0.415874,0.410767
2022-12-28 20:00:00.000 UTC,0.416066,0.41479,0.41479,0.416066
2022-12-28 19:00:00.000 UTC,0.416483,0.414902,0.415476,0.414902
2022-12-28 18:00:00.000 UTC,0.416366,0.414089,0.414089,0.4154
2022-12-28 17:00:00.000 UTC,0.414429,0.412242,0.412712,0.414286
2022-12-28 16:00:00.000 UTC,0.415335,0.41223,0.414284,0.412893
2022-12-28 15:00:00.000 UTC,0.418334,0.415253,0.416732,0.415808
2022-12-28 14:00:00.000 UTC,0.417837,0.413284,0.413686,0.417036
2022-12-28 13:00:00.000 UTC,0.414417,0.41312,0.413935,0.413975
2022-12-28 12:00:00.000 UTC,0.415704,0.414163,0.414593,0.414163
2022-12-28 11:00:00.000 UTC,0.414907,0.412403,0.412403,0.414315
2022-12-28 10:00:00.000 UTC,0.415247,0.410417,0.415226,0.41219
2022-12-28 09:00:00.000 UTC,0.417444,0.415558,0.417444,0.41655
2022-12-28 08:00:00.000 UTC,0.420812,0.417218,0.420323,0.417671
2022-12-28 07:00:00.000 UTC,0.420661,0.417049,0.417049,0.420065
2022-12-28 06:00:00.000 UTC,0.417487,0.415885,0.415885,0.416259
2022-12-28 05:00:00.000 UTC,0.425599,0.413885,0.425599,0.414997
2022-12-28 04:00:00.000 UTC,0.427733,0.425639,0.427733,0.425905
2022-12-28 03:00:00.000 UTC,0.429902,0.425161,0.429902,0.427311
2022-12-28 02:00:00.000 UTC,0.431863,0.429186,0.431257,0.429534
2022-12-28 01:00:00.000 UTC,0.435564,0.430799,0.435564,0.431317
2022-12-28 00:00:00.000 UTC,0.439455,0.436564,0.438748,0.436564
2022-12-27 23:00:00.000 UTC,0.438751,0.437265,0.437491,0.438377
2022-12-27 22:00:00.000 UTC,0.437299,0.435111,0.435622,0.437056
2022-12-27 21:00:00.000 UTC,0.437049,0.434292,0.437049,0.435129
2022-12-27 20:00:00.000 UTC,0.437834,0.436879,0.436962,0.437198
2022-12-27 19:00:00.000 UTC,0.437156,0.434507,0.434838,0.437156
2022-12-27 18:00:00.000 UTC,0.437532,0.434937,0.436193,0.43567
2022-12-27 17:00:00.000 UTC,0.44159,0.437237,0.44159,0.437237
2022-12-27 16:00:00.000 UTC,0.442274,0.439656,0.442274,0.440629
2022-12-27 15:00:00.000 UTC,0.444414,0.44138,0.442406,0.442543
2022-12-27 14:00:00.000 UTC,0.447807,0.44178,0.445638,0.442703
2022-12-27 13:00:00.000 UTC,0.447664,0.445734,0.445864,0.445734
2022-12-27 12:00:00.000 UTC,0.447921,0.446772,0.44745,0.447208
2022-12-27 11:00:00.000 UTC,0.448235,0.446361,0.447681,0.446782
2022-12-27 10:00:00.000 UTC,0.449067,0.445476,0.445476,0.447314
2022-12-27 09:00:00.000 UTC,0.446357,0.441423,0.442121,0.446357
2022-12-27 08:00:00.000 UTC,0.444893,0.442655,0.444033,0.442894
2022-12-27 07:00:00.000 UTC,0.446119,0.444594,0.446119,0.444594
2022-12-27 06:00:00.000 UTC,0.445823,0.444431,0.445193,0.445823
2022-12-27 05:00:00.000 UTC,0.44515,0.444282,0.445063,0.445076
2022-12-27 04:00:00.000 UTC,0.445737,0.444499,0.44573,0.445484
2022-12-27 03:00:00.000 UTC,0.44574,0.443396,0.44545,0.44574
2022-12-27 02:00:00.000 UTC,0.444388,0.441905,0.441905,0.444355
2022-12-27 01:00:00.000 UTC,0.44423,0.441927,0.44351,0.441948
2022-12-27 00:00:00.000 UTC,0.445279,0.442691,0.443705,0.442692
2022-12-26 23:00:00.000 UTC,0.444819,0.439107,0.439107,0.444819
2022-12-26 22:00:00.000 UTC,0.439886,0.438265,0.43845,0.439886
2022-12-26 21:00:00.000 UTC,0.442895,0.439967,0.442895,0.439967
2022-12-26 20:00:00.000 UTC,0.444904,0.442573,0.443818,0.442573
2022-12-26 19:00:00.000 UTC,0.444052,0.442087,0.442141,0.443802
2022-12-26 18:00:00.000 UTC,0.442872,0.441896,0.442872,0.441896
2022-12-26 17:00:00.000 UTC,0.442848,0.441574,0.442848,0.442259
2022-12-26 16:00:00.000 UTC,0.443336,0.441719,0.44176,0.443336
2022-12-26 15:00:00.000 UTC,0.442622,0.440781,0.442172,0.44184
2022-12-26 14:00:00.000 UTC,0.442408,0.440815,0.441976,0.442128
2022-12-26 13:00:00.000 UTC,0.443224,0.441698,0.442756,0.441829
2022-12-26 12:00:00.000 UTC,0.443484,0.441958,0.441958,0.443064
2022-12-26 11:00:00.000 UTC,0.442138,0.441232,0.441791,0.441891
2022-12-26 10:00:00.000 UTC,0.442602,0.440058,0.440581,0.442387
2022-12-26 09:00:00.000 UTC,0.44098,0.438234,0.43836,0.440281
2022-12-26 08:00:00.000 UTC,0.44078,0.438478,0.44078,0.43932
2022-12-26 07:00:00.000 UTC,0.442889,0.440157,0.440762,0.440157
2022-12-26 06:00:00.000 UTC,0.443337,0.441816,0.44251,0.442864
2022-12-26 05:00:00.000 UTC,0.445675,0.443216,0.444906,0.443216
2022-12-26 04:00:00.000 UTC,0.446382,0.445013,0.445628,0.445137
2022-12-26 03:00:00.000 UTC,0.447189,0.444643,0.446492,0.445049
2022-12-26 02:00:00.000 UTC,0.446663,0.444796,0.445258,0.446663
2022-12-26 01:00:00.000 UTC,0.445491,0.44141,0.44141,0.445491
2022-12-26 00:00:00.000 UTC,0.443331,0.44158,0.442979,0.44158
2022-12-25 23:00:00.000 UTC,0.444006,0.442854,0.443066,0.443039
2022-12-25 22:00:00.000 UTC,0.443394,0.441515,0.441515,0.443329
2022-12-25 21:00:00.000 UTC,0.441343,0.437612,0.437612,0.441343
2022-12-25 20:00:00.000 UTC,0.439307,0.437059,0.439307,0.437214
2022-12-25 19:00:00.000 UTC,0.439038,0.436756,0.438016,0.439038
2022-12-25 18:00:00.000 UTC,0.438693,0.436862,0.437201,0.43828
2022-12-25 17:00:00.000 UTC,0.44014,0.437678,0.438981,0.437678
2022-12-25 16:00:00.000 UTC,0.439416,0.438014,0.438795,0.438144
2022-12-25 15:00:00.000 UTC,0.441335,0.43817,0.440123,0.438489
2022-12-25 14:00:00.000 UTC,0.443337,0.437564,0.442989,0.440231
2022-12-25 13:00:00.000 UTC,0.44487,0.442856,0.443288,0.442856
2022-12-25 12:00:00.000 UTC,0.445157,0.443259,0.445157,0.444187
2022-12-25 11:00:00.000 UTC,0.445296,0.443087,0.444393,0.445296
2022-12-25 10:00:00.000 UTC,0.445236,0.443778,0.444788,0.444958
2022-12-25 09:00:00.000 UTC,0.445362,0.443968,0.445051,0.444604
2022-12-25 08:00:00.000 UTC,0.445484,0.443491,0.445451,0.44432
2022-12-25 07:00:00.000 UTC,0.44529,0.443789,0.44529,0.445264
2022-12-25 06:00:00.000 UTC,0.445049,0.443407,0.444822,0.443901
2022-12-25 05:00:00.000 UTC,0.447409,0.443989,0.446714,0.444745
2022-12-25 04:00:00.000 UTC,0.448222,0.446686,0.447876,0.446713
2022-12-25 03:00:00.000 UTC,0.44794,0.446576,0.446793,0.447756
2022-12-25 02:00:00.000 UTC,0.448491,0.446636,0.447856,0.446636
2022-12-25 01:00:00.000 UTC,0.45005,0.448429,0.45005,0.448429
2022-12-25 00:00:00.000 UTC,0.450497,0.448443,0.449246,0.450027
2022-12-24 23:00:00.000 UTC,0.44938,0.447122,0.447122,0.449325
2022-12-24 22:00:00.000 UTC,0.448827,0.446851,0.44869,0.446851
2022-12-24 21:00:00.000 UTC,0.448652,0.447381,0.448434,0.448546
2022-12-24 20:00:00.000 UTC,0.4495,0.448452,0.449319,0.448465
2022-12-24 19:00:00.000 UTC,0.450053,0.448505,0.448505,0.449387
2022-12-24 18:00:00.000 UTC,0.449312,0.448037,0.449312,0.448497
2022-12-24 17:00:00.000 UTC,0.449339,0.447781,0.449081,0.449062
2022-12-24 16:00:00.000 UTC,0.449077,0.44693,0.447923,0.447625
2022-12-24 15:00:00.000 UTC,0.449231,0.447009,0.447009,0.447774
2022-12-24 14:00:00.000 UTC,0.448583,0.44686,0.447856,0.447529
2022-12-24 13:00:00.000 UTC,0.449472,0.447925,0.449472,0.44804
2022-12-24 12:00:00.000 UTC,0.449406,0.447869,0.4487,0.449406
2022-12-24 11:00:00.000 UTC,0.448855,0.44742,0.448494,0.448031
2022-12-24 10:00:00.000 UTC,0.449305,0.447533,0.448838,0.448775
2022-12-24 09:00:00.000 UTC,0.449188,0.447401,0.449188,0.448969
2022-12-24 08:00:00.000 UTC,0.450794,0.449182,0.450627,0.449639
2022-12-24 07:00:00.000 UTC,0.451143,0.449316,0.449907,0.450452
2022-12-24 06:00:00.000 UTC,0.452222,0.450165,0.452222,0.450165
2022-12-24 05:00:00.000 UTC,0.454136,0.452135,0.453889,0.45247
2022-12-24 04:00:00.000 UTC,0.454928,0.453847,0.454928,0.453976
2022-12-24 03:00:00.000 UTC,0.45457,0.452191,0.452191,0.454289
2022-12-24 02:00:00.000 UTC,0.454431,0.451176,0.454431,0.451683
2022-12-24 01:00:00.000 UTC,0.454883,0.453665,0.454027,0.453907
2022-12-24 00:00:00.000 UTC,0.456571,0.45357,0.456571,0.454359
2022-12-23 23:00:00.000 UTC,0.458084,0.45643,0.45643,0.456798
2022-12-23 22:00:00.000 UTC,0.457028,0.455047,0.455563,0.457028
2022-12-23 21:00:00.000 UTC,0.457909,0.453819,0.454109,0.455784
2022-12-23 20:00:00.000 UTC,0.456377,0.454257,0.455446,0.454257
2022-12-23 19:00:00.000 UTC,0.457402,0.453388,0.453388,0.45514
2022-12-23 18:00:00.000 UTC,0.459407,0.453339,0.453339,0.455525
2022-12-23 17:00:00.000 UTC,0.456373,0.449154,0.449154,0.452562
2022-12-23 16:00:00.000 UTC,0.450645,0.448066,0.450645,0.449598
2022-12-23 15:00:00.000 UTC,0.451774,0.446185,0.447808,0.450737
2022-12-23 14:00:00.000 UTC,0.449734,0.446936,0.449542,0.44706
2022-12-23 13:00:00.000 UTC,0.452352,0.447638,0.449571,0.450127
2022-12-23 12:00:00.000 UTC,0.450921,0.447744,0.447744,0.448176
2022-12-23 11:00:00.000 UTC,0.449334,0.4469,0.449334,0.448433
2022-12-23 10:00:00.000 UTC,0.450136,0.447237,0.448167,0.449688
2022-12-23 09:00:00.000 UTC,0.451352,0.448299,0.448582,0.448299
2022-12-23 08:00:00.000 UTC,0.449644,0.445747,0.448814,0.449542
2022-12-23 07:00:00.000 UTC,0.449405,0.446649,0.44761,0.449081
2022-12-23 06:00:00.000 UTC,0.448019,0.446298,0.447972,0.448019
2022-12-23 05:00:00.000 UTC,0.450348,0.447542,0.449423,0.448114
2022-12-23 04:00:00.000 UTC,0.451358,0.448126,0.451358,0.448971
2022-12-23 03:00:00.000 UTC,0.452242,0.4479,0.4479,0.451539
2022-12-23 02:00:00.000 UTC,0.446916,0.444945,0.444945,0.446679
2022-12-23 01:00:00.000 UTC,0.444981,0.442961,0.442961,0.444801
2022-12-23 00:00:00.000 UTC,0.447034,0.443617,0.447034,0.443617
2022-12-22 23:00:00.000 UTC,0.446683,0.443853,0.443853,0.446683
2022-12-22 22:00:00.000 UTC,0.444685,0.442156,0.442156,0.443415
2022-12-22 21:00:00.000 UTC,0.442482,0.437292,0.43805,0.442482
2022-12-22 20:00:00.000 UTC,0.438961,0.430324,0.430324,0.438961
2022-12-22 19:00:00.000 UTC,0.430766,0.426179,0.426179,0.430766
2022-12-22 18:00:00.000 UTC,0.428377,0.425145,0.425145,0.426039
2022-12-22 17:00:00.000 UTC,0.429541,0.425096,0.428969,0.426644
2022-12-22 16:00:00.000 UTC,0.431479,0.428982,0.430041,0.429619
2022-12-22 15:00:00.000 UTC,0.435476,0.43013,0.435476,0.43013
2022-12-22 14:00:00.000 UTC,0.441256,0.435426,0.441256,0.435426
2022-12-22 13:00:00.000 UTC,0.44507,0.442008,0.44432,0.442008
2022-12-22 12:00:00.000 UTC,0.445947,0.44356,0.444351,0.444419
2022-12-22 11:00:00.000 UTC,0.445769,0.443917,0.445749,0.444659
2022-12-22 10:00:00.000 UTC,0.447212,0.445064,0.446055,0.445542
2022-12-22 09:00:00.000 UTC,0.451165,0.444065,0.446127,0.447428
2022-12-22 08:00:00.000 UTC,0.445536,0.441193,0.441249,0.444878
2022-12-22 07:00:00.000 UTC,0.44256,0.440659,0.441393,0.441316
2022-12-22 06:00:00.000 UTC,0.444073,0.441035,0.444073,0.442161
2022-12-22 05:00:00.000 UTC,0.445754,0.443201,0.445754,0.444143
2022-12-22 04:00:00.000 UTC,0.448804,0.445602,0.448804,0.446248
2022-12-22 03:00:00.000 UTC,0.447225,0.44614,0.447225,0.446864
2022-12-22 02:00:00.000 UTC,0.448504,0.445671,0.448504,0.446837
2022-12-22 01:00:00.000 UTC,0.450522,0.44565,0.446488,0.450522
2022-12-22 00:00:00.000 UTC,0.445217,0.439479,0.443179,0.445217
2022-12-21 23:00:00.000 UTC,0.440713,0.437489,0.437497,0.440713
2022-12-21 22:00:00.000 UTC,0.437366,0.435939,0.435939,0.437366
2022-12-21 21:00:00.000 UTC,0.435694,0.433717,0.434728,0.435694
2022-12-21 20:00:00.000 UTC,0.434861,0.433133,0.434861,0.43451
2022-12-21 19:00:00.000 UTC,0.436473,0.435185,0.435185,0.436195
2022-12-21 18:00:00.000 UTC,0.437412,0.434903,0.437412,0.434903
2022-12-21 17:00:00.000 UTC,0.439979,0.43657,0.438914,0.437424
2022-12-21 16:00:00.000 UTC,0.442397,0.43937,0.441982,0.440204
2022-12-21 15:00:00.000 UTC,0.44179,0.439789,0.44026,0.441688
2022-12-21 14:00:00.000 UTC,0.441776,0.439553,0.441686,0.441369
2022-12-21 13:00:00.000 UTC,0.442557,0.439807,0.441824,0.441916
2022-12-21 12:00:00.000 UTC,0.444217,0.441392,0.444217,0.443195
2022-12-21 11:00:00.000 UTC,0.444729,0.442318,0.442543,0.444211
2022-12-21 10:00:00.000 UTC,0.445505,0.443481,0.443933,0.444047
2022-12-21 09:00:00.000 UTC,0.445347,0.443456,0.443697,0.443942
2022-12-21 08:00:00.000 UTC,0.444274,0.43975,0.442505,0.444274
2022-12-21 07:00:00.000 UTC,0.442908,0.440695,0.440879,0.442312
2022-12-21 06:00:00.000 UTC,0.441358,0.440337,0.440419,0.441358
2022-12-21 05:00:00.000 UTC,0.441222,0.437973,0.437974,0.441222
2022-12-21 04:00:00.000 UTC,0.445543,0.439875,0.445543,0.439875
2022-12-21 03:00:00.000 UTC,0.447193,0.445368,0.447165,0.445503
2022-12-21 02:00:00.000 UTC,0.449287,0.447254,0.449287,0.447254
2022-12-21 01:00:00.000 UTC,0.450141,0.448309,0.448309,0.448555
2022-12-21 00:00:00.000 UTC,0.454079,0.448765,0.453234,0.448765
2022-12-20 23:00:00.000 UTC,0.454297,0.452555,0.452794,0.453351
2022-12-20 22:00:00.000 UTC,0.452958,0.449746,0.451173,0.452958
2022-12-20 21:00:00.000 UTC,0.451425,0.448306,0.449698,0.451425
2022-12-20 20:00:00.000 UTC,0.45126,0.44763,0.44769,0.45126
2022-12-20 19:00:00.000 UTC,0.449882,0.44762,0.447774,0.44762
2022-12-20 18:00:00.000 UTC,0.448472,0.446594,0.447533,0.446594
2022-12-20 17:00:00.000 UTC,0.4489,0.447128,0.448426,0.447379
2022-12-20 16:00:00.000 UTC,0.451176,0.447436,0.451176,0.448838
2022-12-20 15:00:00.000 UTC,0.453434,0.447806,0.449429,0.451795
2022-12-20 14:00:00.000 UTC,0.44771,0.44443,0.445486,0.445134
2022-12-20 13:00:00.000 UTC,0.447633,0.445201,0.447633,0.445201
2022-12-20 12:00:00.000 UTC,0.449587,0.447422,0.448808,0.447633
2022-12-20 11:00:00.000 UTC,0.449021,0.447605,0.447997,0.448458
2022-12-20 10:00:00.000 UTC,0.44855,0.446938,0.44855,0.448154
2022-12-20 09:00:00.000 UTC,0.450092,0.447021,0.449896,0.448402
2022-12-20 08:00:00.000 UTC,0.449486,0.446264,0.448827,0.449486
2022-12-20 07:00:00.000 UTC,0.44945,0.446591,0.449089,0.448257
2022-12-20 06:00:00.000 UTC,0.448595,0.445918,0.445918,0.448595
2022-12-20 05:00:00.000 UTC,0.446691,0.445244,0.446283,0.446587
2022-12-20 04:00:00.000 UTC,0.446408,0.441058,0.441387,0.446281
2022-12-20 03:00:00.000 UTC,0.441694,0.439045,0.440589,0.441694
2022-12-20 02:00:00.000 UTC,0.440863,0.435361,0.437177,0.439911
2022-12-20 01:00:00.000 UTC,0.437215,0.432651,0.432949,0.435253
2022-12-20 00:00:00.000 UTC,0.435588,0.431186,0.432412,0.4332
2022-12-19 23:00:00.000 UTC,0.432167,0.430649,0.431382,0.43184
2022-12-19 22:00:00.000 UTC,0.442488,0.426335,0.442488,0.430619
2022-12-19 21:00:00.000 UTC,0.444707,0.443049,0.444241,0.443738
2022-12-19 20:00:00.000 UTC,0.443799,0.441994,0.441994,0.443799
2022-12-19 19:00:00.000 UTC,0.44312,0.438389,0.438389,0.441761
2022-12-19 18:00:00.000 UTC,0.448559,0.43867,0.447206,0.43867
2022-12-19 17:00:00.000 UTC,0.451438,0.44426,0.451157,0.447571
2022-12-19 16:00:00.000 UTC,0.457911,0.450312,0.457911,0.452028
2022-12-19 15:00:00.000 UTC,0.461317,0.459194,0.460296,0.459194
2022-12-19 14:00:00.000 UTC,0.46159,0.458813,0.46159,0.459109
2022-12-19 13:00:00.000 UTC,0.462771,0.460847,0.461642,0.462366
2022-12-19 12:00:00.000 UTC,0.462122,0.460538,0.461905,0.462122
2022-12-19 11:00:00.000 UTC,0.465562,0.46225,0.465562,0.462383
2022-12-19 10:00:00.000 UTC,0.466151,0.464078,0.464082,0.465699
2022-12-19 09:00:00.000 UTC,0.464937,0.462316,0.462316,0.464891
2022-12-19 08:00:00.000 UTC,0.461547,0.45941,0.45941,0.461547
2022-12-19 07:00:00.000 UTC,0.461633,0.459175,0.461249,0.459175
2022-12-19 06:00:00.000 UTC,0.460508,0.45751,0.45751,0.460508
2022-12-19 05:00:00.000 UTC,0.461906,0.457867,0.461906,0.457867
2022-12-19 04:00:00.000 UTC,0.462121,0.460471,0.460566,0.461901
2022-12-19 03:00:00.000 UTC,0.468707,0.460951,0.468707,0.461265
2022-12-19 02:00:00.000 UTC,0.475871,0.469961,0.475871,0.470195
2022-12-19 01:00:00.000 UTC,0.477293,0.4748,0.47518,0.476067
2022-12-19 00:00:00.000 UTC,0.47733,0.473035,0.473519,0.475903
2022-12-18 23:00:00.000 UTC,0.476347,0.474151,0.474788,0.474151
2022-12-18 22:00:00.000 UTC,0.475504,0.472512,0.472512,0.475357
2022-12-18 21:00:00.000 UTC,0.475458,0.473338,0.475458,0.473338
2022-12-18 20:00:00.000 UTC,0.476499,0.474119,0.474119,0.475694
2022-12-18 19:00:00.000 UTC,0.473896,0.472141,0.472141,0.473896
2022-12-18 18:00:00.000 UTC,0.473639,0.468011,0.468011,0.471226
2022-12-18 17:00:00.000 UTC,0.468477,0.467156,0.467405,0.467987
2022-12-18 16:00:00.000 UTC,0.467218,0.466656,0.467077,0.467003
2022-12-18 15:00:00.000 UTC,0.469795,0.467258,0.469795,0.467258
2022-12-18 14:00:00.000 UTC,0.47208,0.469614,0.47208,0.469614
2022-12-18 13:00:00.000 UTC,0.473704,0.472001,0.473704,0.472192
2022-12-18 12:00:00.000 UTC,0.473529,0.47178,0.47178,0.473529
2022-12-18 11:00:00.000 UTC,0.472901,0.471943,0.472758,0.471956
2022-12-18 10:00:00.000 UTC,0.472676,0.471348,0.471638,0.472676
2022-12-18 09:00:00.000 UTC,0.475689,0.471655,0.475689,0.471655
2022-12-18 08:00:00.000 UTC,0.475643,0.475017,0.475299,0.475623
2022-12-18 07:00:00.000 UTC,0.475248,0.474235,0.47434,0.475248
2022-12-18 06:00:00.000 UTC,0.474806,0.47406,0.474789,0.47475
2022-12-18 05:00:00.000 UTC,0.478608,0.475025,0.478608,0.475025
2022-12-18 04:00:00.000 UTC,0.47867,0.476144,0.476454,0.478426
2022-12-18 03:00:00.000 UTC,0.476736,0.476029,0.476302,0.476057
2022-12-18 02:00:00.000 UTC,0.476031,0.474905,0.475367,0.476031
2022-12-18 01:00:00.000 UTC,0.476731,0.474287,0.476731,0.475181
2022-12-18 00:00:00.000 UTC,0.480359,0.476391,0.480359,0.47684
2022-12-17 23:00:00.000 UTC,0.481573,0.479752,0.48109,0.480388
2022-12-17 22:00:00.000 UTC,0.480541,0.476619,0.477342,0.480541
2022-12-17 21:00:00.000 UTC,0.477578,0.474941,0.475032,0.477235
2022-12-17 20:00:00.000 UTC,0.475856,0.474569,0.475225,0.474569
2022-12-17 19:00:00.000 UTC,0.477518,0.474944,0.477518,0.475009
2022-12-17 18:00:00.000 UTC,0.477714,0.475779,0.477132,0.477505
2022-12-17 17:00:00.000 UTC,0.477883,0.474931,0.477538,0.477835
2022-12-17 16:00:00.000 UTC,0.478008,0.476081,0.47766,0.47746
2022-12-17 15:00:00.000 UTC,0.477937,0.475266,0.476058,0.477937
2022-12-17 14:00:00.000 UTC,0.477646,0.474737,0.474737,0.476017
2022-12-17 13:00:00.000 UTC,0.478171,0.475548,0.477477,0.476239
2022-12-17 12:00:00.000 UTC,0.479968,0.477388,0.478706,0.477388
2022-12-17 11:00:00.000 UTC,0.480585,0.478502,0.480585,0.478502
2022-12-17 10:00:00.000 UTC,0.480022,0.477655,0.477655,0.480022
2022-12-17 09:00:00.000 UTC,0.480077,0.476624,0.480077,0.477958
2022-12-17 08:00:00.000 UTC,0.481189,0.479131,0.479317,0.479956
2022-12-17 07:00:00.000 UTC,0.48006,0.477149,0.479379,0.478691
2022-12-17 06:00:00.000 UTC,0.480069,0.476256,0.477064,0.479362
2022-12-17 05:00:00.000 UTC,0.480464,0.477564,0.479089,0.477564
2022-12-17 04:00:00.000 UTC,0.480117,0.477574,0.478144,0.4796
2022-12-17 03:00:00.000 UTC,0.478986,0.476579,0.476579,0.478986
2022-12-17 02:00:00.000 UTC,0.476245,0.470036,0.475365,0.476245
2022-12-17 01:00:00.000 UTC,0.477967,0.475981,0.476244,0.475981
2022-12-17 00:00:00.000 UTC,0.476445,0.469408,0.469408,0.476373
2022-12-16 23:00:00.000 UTC,0.475757,0.466297,0.475757,0.469256
2022-12-16 22:00:00.000 UTC,0.506818,0.467628,0.506818,0.478872
2022-12-16 21:00:00.000 UTC,0.509017,0.506676,0.508054,0.50691
2022-12-16 20:00:00.000 UTC,0.509558,0.505824,0.506527,0.509558
2022-12-16 19:00:00.000 UTC,0.506248,0.503979,0.504144,0.506248
2022-12-16 18:00:00.000 UTC,0.504972,0.503675,0.504665,0.504078
2022-12-16 17:00:00.000 UTC,0.50737,0.50391,0.504299,0.50436
2022-12-16 16:00:00.000 UTC,0.50898,0.504123,0.50898,0.504537
2022-12-16 15:00:00.000 UTC,0.511876,0.508541,0.511876,0.50882
2022-12-16 14:00:00.000 UTC,0.51216,0.508674,0.510788,0.511956
2022-12-16 13:00:00.000 UTC,0.514518,0.511614,0.513205,0.511614
2022-12-16 12:00:00.000 UTC,0.514518,0.513167,0.514518,0.513265
2022-12-16 11:00:00.000 UTC,0.51545,0.512116,0.512116,0.514042
2022-12-16 10:00:00.000 UTC,0.516403,0.513054,0.515901,0.513069
2022-12-16 09:00:00.000 UTC,0.533643,0.515176,0.533643,0.51683
2022-12-16 08:00:00.000 UTC,0.542028,0.537042,0.542028,0.537042
2022-12-16 07:00:00.000 UTC,0.542766,0.539286,0.539286,0.542766
2022-12-16 06:00:00.000 UTC,0.539211,0.537876,0.539211,0.538833
2022-12-16 05:00:00.000 UTC,0.541025,0.538942,0.540707,0.538942
2022-12-16 04:00:00.000 UTC,0.5424,0.540764,0.542185,0.540764
2022-12-16 03:00:00.000 UTC,0.543175,0.541322,0.541898,0.542077
2022-12-16 02:00:00.000 UTC,0.543723,0.541128,0.541128,0.542623
2022-12-16 01:00:00.000 UTC,0.542477,0.539848,0.540554,0.542269
2022-12-16 00:00:00.000 UTC,0.541605,0.538281,0.541605,0.539487
2022-12-15 23:00:00.000 UTC,0.54185,0.54002,0.540406,0.540968
2022-12-15 22:00:00.000 UTC,0.541774,0.539814,0.541774,0.540617
2022-12-15 21:00:00.000 UTC,0.545204,0.541967,0.544823,0.542394
2022-12-15 20:00:00.000 UTC,0.545376,0.54373,0.544225,0.545195
2022-12-15 19:00:00.000 UTC,0.544107,0.541263,0.541484,0.544107
2022-12-15 18:00:00.000 UTC,0.543704,0.539923,0.543237,0.540198
2022-12-15 17:00:00.000 UTC,0.545396,0.54405,0.544492,0.544127
2022-12-15 16:00:00.000 UTC,0.547359,0.543603,0.546458,0.544912
2022-12-15 15:00:00.000 UTC,0.548735,0.546548,0.546578,0.546548
2022-12-15 14:00:00.000 UTC,0.553791,0.546259,0.553791,0.546259
2022-12-15 13:00:00.000 UTC,0.5499,0.546168,0.5499,0.549258
2022-12-15 12:00:00.000 UTC,0.550309,0.548686,0.550309,0.549888
2022-12-15 11:00:00.000 UTC,0.550856,0.548327,0.549525,0.550856
2022-12-15 10:00:00.000 UTC,0.550975,0.549042,0.550975,0.550425
2022-12-15 09:00:00.000 UTC,0.553098,0.550229,0.550229,0.550565
2022-12-15 08:00:00.000 UTC,0.553359,0.548792,0.548792,0.550874
2022-12-15 07:00:00.000 UTC,0.550033,0.548184,0.548222,0.549074
2022-12-15 06:00:00.000 UTC,0.551656,0.549268,0.550125,0.54932
2022-12-15 05:00:00.000 UTC,0.550175,0.548798,0.549529,0.550175
2022-12-15 04:00:00.000 UTC,0.551739,0.548875,0.551739,0.548875
2022-12-15 03:00:00.000 UTC,0.551644,0.548324,0.549191,0.551203
2022-12-15 02:00:00.000 UTC,0.549038,0.544404,0.546553,0.549038
2022-12-15 01:00:00.000 UTC,0.555343,0.545142,0.554599,0.545142
2022-12-15 00:00:00.000 UTC,0.557699,0.554662,0.555691,0.554662
2022-12-14 23:00:00.000 UTC,0.555631,0.554469,0.555385,0.555572
2022-12-14 22:00:00.000 UTC,0.556813,0.554829,0.556813,0.554829
2022-12-14 21:00:00.000 UTC,0.557516,0.556108,0.556108,0.556564
2022-12-14 20:00:00.000 UTC,0.559361,0.555763,0.557411,0.556957
2022-12-14 19:00:00.000 UTC,0.568318,0.555354,0.568318,0.559738
2022-12-14 18:00:00.000 UTC,0.574032,0.569818,0.57144,0.572959
2022-12-14 17:00:00.000 UTC,0.572392,0.57107,0.571221,0.571384
2022-12-14 16:00:00.000 UTC,0.573826,0.570778,0.573826,0.571989
2022-12-14 15:00:00.000 UTC,0.573519,0.571572,0.571771,0.573385
2022-12-14 14:00:00.000 UTC,0.572335,0.568281,0.568692,0.572335
2022-12-14 13:00:00.000 UTC,0.574011,0.568618,0.573729,0.569159
2022-12-14 12:00:00.000 UTC,0.575019,0.573133,0.574948,0.573133
2022-12-14 11:00:00.000 UTC,0.579975,0.576068,0.579975,0.576933
2022-12-14 10:00:00.000 UTC,0.582113,0.564627,0.565533,0.582113
2022-12-14 09:00:00.000 UTC,0.568175,0.564397,0.568175,0.565419
2022-12-14 08:00:00.000 UTC,0.569597,0.567403,0.569597,0.567403
2022-12-14 07:00:00.000 UTC,0.573011,0.569596,0.573011,0.569596
2022-12-14 06:00:00.000 UTC,0.572823,0.565821,0.565821,0.572247
2022-12-14 05:00:00.000 UTC,0.567596,0.565097,0.567596,0.56586
2022-12-14 04:00:00.000 UTC,0.569454,0.56725,0.567768,0.567265
2022-12-14 03:00:00.000 UTC,0.568542,0.566657,0.566657,0.568077
2022-12-14 02:00:00.000 UTC,0.567134,0.566294,0.566913,0.566421
2022-12-14 01:00:00.000 UTC,0.569837,0.5676,0.569837,0.567622
2022-12-14 00:00:00.000 UTC,0.571103,0.568119,0.569145,0.569132
2022-12-13 23:00:00.000 UTC,0.568608,0.56688,0.56688,0.567834
2022-12-13 22:00:00.000 UTC,0.567091,0.564907,0.565298,0.566566
2022-12-13 21:00:00.000 UTC,0.564711,0.562466,0.562466,0.564647
2022-12-13 20:00:00.000 UTC,0.563388,0.560743,0.561169,0.563388
2022-12-13 19:00:00.000 UTC,0.561984,0.560314,0.560314,0.56053
2022-12-13 18:00:00.000 UTC,0.562549,0.559291,0.559291,0.560159
2022-12-13 17:00:00.000 UTC,0.567514,0.558554,0.56684,0.558554
2022-12-13 16:00:00.000 UTC,0.568483,0.566165,0.566165,0.56629
2022-12-13 15:00:00.000 UTC,0.570161,0.565336,0.569791,0.565704
2022-12-13 14:00:00.000 UTC,0.573595,0.567213,0.567698,0.570124
2022-12-13 13:00:00.000 UTC,0.566931,0.552401,0.553904,0.5665
2022-12-13 12:00:00.000 UTC,0.555757,0.553598,0.555071,0.555399
2022-12-13 11:00:00.000 UTC,0.5539,0.549668,0.549668,0.5538
2022-12-13 10:00:00.000 UTC,0.552428,0.546805,0.547096,0.549215
2022-12-13 09:00:00.000 UTC,0.545311,0.542538,0.542838,0.544428
2022-12-13 08:00:00.000 UTC,0.544807,0.540351,0.542196,0.543042
2022-12-13 07:00:00.000 UTC,0.549273,0.536619,0.549273,0.542128
2022-12-13 06:00:00.000 UTC,0.552109,0.549676,0.551731,0.549727
2022-12-13 05:00:00.000 UTC,0.55238,0.549974,0.55195,0.551726
2022-12-13 04:00:00.000 UTC,0.551533,0.548349,0.550799,0.551229
2022-12-13 03:00:00.000 UTC,0.553648,0.552021,0.552569,0.552214
2022-12-13 02:00:00.000 UTC,0.555573,0.552611,0.554633,0.553094
2022-12-13 01:00:00.000 UTC,0.558864,0.556145,0.558724,0.556201
2022-12-13 00:00:00.000 UTC,0.560255,0.558453,0.558453,0.558508
2022-12-12 23:00:00.000 UTC,0.559719,0.557376,0.559588,0.557848
2022-12-12 22:00:00.000 UTC,0.560181,0.558271,0.558492,0.558627
2022-12-12 21:00:00.000 UTC,0.558444,0.552781,0.552781,0.557246
2022-12-12 20:00:00.000 UTC,0.55295,0.549891,0.551203,0.55295
2022-12-12 19:00:00.000 UTC,0.551094,0.549232,0.550279,0.550861
2022-12-12 18:00:00.000 UTC,0.550766,0.548411,0.549854,0.550766
2022-12-12 17:00:00.000 UTC,0.551007,0.54957,0.550593,0.550341
2022-12-12 16:00:00.000 UTC,0.553021,0.550168,0.550168,0.55072
2022-12-12 15:00:00.000 UTC,0.551162,0.548784,0.549643,0.549904
2022-12-12 14:00:00.000 UTC,0.550826,0.54845,0.549352,0.549665
2022-12-12 13:00:00.000 UTC,0.551238,0.549371,0.550408,0.550162
2022-12-12 12:00:00.000 UTC,0.554513,0.549617,0.553679,0.5515
2022-12-12 11:00:00.000 UTC,0.554658,0.553239,0.554515,0.553239
2022-12-12 10:00:00.000 UTC,0.554191,0.552772,0.552936,0.554082
2022-12-12 09:00:00.000 UTC,0.552926,0.550493,0.550761,0.552926
2022-12-12 08:00:00.000 UTC,0.551702,0.549658,0.551702,0.550539
2022-12-12 07:00:00.000 UTC,0.552758,0.550663,0.55267,0.551713
2022-12-12 06:00:00.000 UTC,0.55539,0.551962,0.55539,0.551962
2022-12-12 05:00:00.000 UTC,0.554768,0.552851,0.554396,0.554768
2022-12-12 04:00:00.000 UTC,0.556202,0.552035,0.552797,0.553531
2022-12-12 03:00:00.000 UTC,0.554419,0.547101,0.547101,0.552091
2022-12-12 02:00:00.000 UTC,0.564163,0.548292,0.564163,0.548292
2022-12-12 01:00:00.000 UTC,0.563961,0.561914,0.563961,0.563148
2022-12-12 00:00:00.000 UTC,0.565713,0.56266,0.565713,0.562993
2022-12-11 23:00:00.000 UTC,0.565747,0.56385,0.565018,0.565605
2022-12-11 22:00:00.000 UTC,0.571125,0.563469,0.571125,0.563901
2022-12-11 21:00:00.000 UTC,0.573957,0.570792,0.57336,0.570792
2022-12-11 20:00:00.000 UTC,0.580462,0.571184,0.580462,0.572406
2022-12-11 19:00:00.000 UTC,0.584463,0.578582,0.579399,0.580415
2022-12-11 18:00:00.000 UTC,0.581254,0.577743,0.577858,0.581042
2022-12-11 17:00:00.000 UTC,0.580533,0.578634,0.579766,0.578819
2022-12-11 16:00:00.000 UTC,0.581086,0.578941,0.579833,0.579311
2022-12-11 15:00:00.000 UTC,0.58109,0.578422,0.578422,0.58109
2022-12-11 14:00:00.000 UTC,0.581429,0.577369,0.581429,0.57974
2022-12-11 13:00:00.000 UTC,0.581838,0.579738,0.581039,0.579738
2022-12-11 12:00:00.000 UTC,0.581862,0.579567,0.580189,0.580123
2022-12-11 11:00:00.000 UTC,0.583076,0.579745,0.581664,0.579984
2022-12-11 10:00:00.000 UTC,0.581302,0.579902,0.580873,0.580948
2022-12-11 09:00:00.000 UTC,0.584019,0.57981,0.584019,0.57981
2022-12-11 08:00:00.000 UTC,0.584969,0.581167,0.582334,0.584314
2022-12-11 07:00:00.000 UTC,0.584557,0.582707,0.583859,0.583174
2022-12-11 06:00:00.000 UTC,0.585844,0.583641,0.585844,0.584681
2022-12-11 05:00:00.000 UTC,0.586066,0.58435,0.586066,0.584378
2022-12-11 04:00:00.000 UTC,0.586678,0.584625,0.584625,0.585434
2022-12-11 03:00:00.000 UTC,0.590612,0.584743,0.585031,0.585198
2022-12-11 02:00:00.000 UTC,0.59086,0.583615,0.584858,0.590636
2022-12-11 01:00:00.000 UTC,0.589575,0.58306,0.584513,0.583498
2022-12-11 00:00:00.000 UTC,0.589061,0.581561,0.583051,0.589061
2022-12-10 23:00:00.000 UTC,0.588333,0.580421,0.580855,0.58363
2022-12-10 22:00:00.000 UTC,0.583277,0.58012,0.581109,0.58012
2022-12-10 21:00:00.000 UTC,0.584649,0.582057,0.583602,0.582057
2022-12-10 20:00:00.000 UTC,0.585517,0.582329,0.583398,0.583365
2022-12-10 19:00:00.000 UTC,0.58489,0.581645,0.582826,0.582253
2022-12-10 18:00:00.000 UTC,0.584805,0.582301,0.584805,0.583403
2022-12-10 17:00:00.000 UTC,0.585895,0.583305,0.583753,0.585895
2022-12-10 16:00:00.000 UTC,0.58659,0.583538,0.58659,0.585097
2022-12-10 15:00:00.000 UTC,0.587122,0.583973,0.583973,0.586193
2022-12-10 14:00:00.000 UTC,0.585356,0.583493,0.583493,0.585313
2022-12-10 13:00:00.000 UTC,0.585477,0.583528,0.584967,0.584717
2022-12-10 12:00:00.000 UTC,0.58653,0.583848,0.584538,0.585121
2022-12-10 11:00:00.000 UTC,0.587217,0.583069,0.583634,0.585507
2022-12-10 10:00:00.000 UTC,0.585376,0.583338,0.585376,0.584569
2022-12-10 09:00:00.000 UTC,0.585029,0.581347,0.585029,0.584393
2022-12-10 08:00:00.000 UTC,0.585959,0.583163,0.584146,0.585246
2022-12-10 07:00:00.000 UTC,0.588277,0.582736,0.58714,0.583773
2022-12-10 06:00:00.000 UTC,0.584624,0.580547,0.580845,0.584624
2022-12-10 05:00:00.000 UTC,0.581851,0.579472,0.579949,0.581851
2022-12-10 04:00:00.000 UTC,0.581401,0.57957,0.580384,0.581347
2022-12-10 03:00:00.000 UTC,0.581655,0.579718,0.581363,0.581191
2022-12-10 02:00:00.000 UTC,0.582185,0.579581,0.581033,0.580076
2022-12-10 01:00:00.000 UTC,0.582383,0.579599,0.580513,0.580763
2022-12-10 00:00:00.000 UTC,0.580714,0.578539,0.580345,0.57918
2022-12-09 23:00:00.000 UTC,0.580518,0.578834,0.579765,0.579721
2022-12-09 22:00:00.000 UTC,0.57927,0.577775,0.578031,0.57927
2022-12-09 21:00:00.000 UTC,0.581161,0.577925,0.580981,0.578429
2022-12-09 20:00:00.000 UTC,0.582207,0.579625,0.580949,0.579625
2022-12-09 19:00:00.000 UTC,0.58152,0.578536,0.578536,0.580457
2022-12-09 18:00:00.000 UTC,0.580152,0.578472,0.579648,0.578728
2022-12-09 17:00:00.000 UTC,0.582416,0.579826,0.581204,0.579826
2022-12-09 16:00:00.000 UTC,0.585186,0.581735,0.585186,0.581777
2022-12-09 15:00:00.000 UTC,0.585379,0.583694,0.58418,0.58375
2022-12-09 14:00:00.000 UTC,0.588494,0.584228,0.587512,0.584228
2022-12-09 13:00:00.000 UTC,0.592219,0.587248,0.592219,0.587248
2022-12-09 12:00:00.000 UTC,0.591833,0.590145,0.590658,0.591353
2022-12-09 11:00:00.000 UTC,0.592272,0.589259,0.589259,0.591027
2022-12-09 10:00:00.000 UTC,0.591776,0.58942,0.591607,0.589737
2022-12-09 09:00:00.000 UTC,0.592276,0.589735,0.589735,0.592276
2022-12-09 08:00:00.000 UTC,0.592692,0.589629,0.592692,0.590849
2022-12-09 07:00:00.000 UTC,0.596563,0.590459,0.590459,0.593577
2022-12-09 06:00:00.000 UTC,0.591592,0.587974,0.58955,0.589658
2022-12-09 05:00:00.000 UTC,0.590325,0.588692,0.59031,0.589249
2022-12-09 04:00:00.000 UTC,0.59138,0.589035,0.591204,0.589416
2022-12-09 03:00:00.000 UTC,0.592871,0.59029,0.592192,0.591023
2022-12-09 02:00:00.000 UTC,0.592848,0.591144,0.592848,0.591811
2022-12-09 01:00:00.000 UTC,0.594837,0.592043,0.592043,0.594117
2022-12-09 00:00:00.000 UTC,0.596396,0.592589,0.594685,0.593289
2022-12-08 23:00:00.000 UTC,0.596992,0.594295,0.595997,0.595029
2022-12-08 22:00:00.000 UTC,0.597736,0.593793,0.595981,0.597736
2022-12-08 21:00:00.000 UTC,0.597154,0.593413,0.593413,0.595346
2022-12-08 20:00:00.000 UTC,0.59821,0.592604,0.592604,0.595706
2022-12-08 19:00:00.000 UTC,0.595057,0.58866,0.588839,0.595057
2022-12-08 18:00:00.000 UTC,0.589694,0.582695,0.584434,0.589694
2022-12-08 17:00:00.000 UTC,0.584962,0.583202,0.5838,0.584513
2022-12-08 16:00:00.000 UTC,0.585312,0.581891,0.584091,0.583215
2022-12-08 15:00:00.000 UTC,0.584488,0.582096,0.582892,0.583684
2022-12-08 14:00:00.000 UTC,0.582362,0.580043,0.581551,0.580043
2022-12-08 13:00:00.000 UTC,0.583425,0.580146,0.580647,0.581495
2022-12-08 12:00:00.000 UTC,0.584285,0.578842,0.580608,0.580728
2022-12-08 11:00:00.000 UTC,0.582999,0.577514,0.582999,0.580795
2022-12-08 10:00:00.000 UTC,0.584808,0.581673,0.581698,0.582085
2022-12-08 09:00:00.000 UTC,0.585004,0.581901,0.585004,0.581901
2022-12-08 08:00:00.000 UTC,0.586932,0.583903,0.586932,0.585636
2022-12-08 07:00:00.000 UTC,0.590137,0.583454,0.583454,0.588005
2022-12-08 06:00:00.000 UTC,0.585872,0.582258,0.585261,0.583713
2022-12-08 05:00:00.000 UTC,0.585242,0.581527,0.582557,0.585164
2022-12-08 04:00:00.000 UTC,0.585217,0.581018,0.582926,0.585059
2022-12-08 03:00:00.000 UTC,0.585925,0.582553,0.583623,0.585619
2022-12-08 02:00:00.000 UTC,0.585203,0.578088,0.579093,0.584378
2022-12-08 01:00:00.000 UTC,0.581451,0.578379,0.581451,0.581202
2022-12-08 00:00:00.000 UTC,0.584394,0.582414,0.583012,0.582668
2022-12-07 23:00:00.000 UTC,0.58692,0.581248,0.581248,0.582569
2022-12-07 22:00:00.000 UTC,0.581723,0.579318,0.580032,0.580817
2022-12-07 21:00:00.000 UTC,0.57986,0.578585,0.579206,0.57986
2022-12-07 20:00:00.000 UTC,0.579833,0.577445,0.578954,0.579445
2022-12-07 19:00:00.000 UTC,0.579239,0.577348,0.577377,0.578037
2022-12-07 18:00:00.000 UTC,0.582473,0.577777,0.577895,0.578924
2022-12-07 17:00:00.000 UTC,0.581832,0.578534,0.581007,0.578974
2022-12-07 16:00:00.000 UTC,0.582838,0.578369,0.580608,0.581012
2022-12-07 15:00:00.000 UTC,0.585033,0.580809,0.581889,0.582526
2022-12-07 14:00:00.000 UTC,0.585232,0.582284,0.584388,0.584015
2022-12-07 13:00:00.000 UTC,0.588005,0.581964,0.582897,0.584831
2022-12-07 12:00:00.000 UTC,0.585277,0.581264,0.581264,0.581765
2022-12-07 11:00:00.000 UTC,0.585849,0.58076,0.585849,0.581549
2022-12-07 10:00:00.000 UTC,0.585773,0.581222,0.583614,0.585773
2022-12-07 09:00:00.000 UTC,0.581162,0.575979,0.575981,0.581162
2022-12-07 08:00:00.000 UTC,0.579808,0.573333,0.574533,0.576878
2022-12-07 07:00:00.000 UTC,0.596274,0.575491,0.596274,0.575491
2022-12-07 06:00:00.000 UTC,0.609259,0.598488,0.608761,0.598488
2022-12-07 05:00:00.000 UTC,0.613253,0.60845,0.613253,0.60845
2022-12-07 04:00:00.000 UTC,0.613344,0.610889,0.611699,0.612037
2022-12-07 03:00:00.000 UTC,0.613407,0.611212,0.612232,0.611354
2022-12-07 02:00:00.000 UTC,0.616791,0.61036,0.61591,0.611441
2022-12-07 01:00:00.000 UTC,0.621965,0.616479,0.621237,0.616479
2022-12-07 00:00:00.000 UTC,0.626795,0.614299,0.615017,0.622712
2022-12-06 23:00:00.000 UTC,0.616446,0.606905,0.607114,0.61644
2022-12-06 22:00:00.000 UTC,0.607802,0.604814,0.60741,0.607217
2022-12-06 21:00:00.000 UTC,0.609267,0.605956,0.60847,0.607473
2022-12-06 20:00:00.000 UTC,0.611977,0.60841,0.610498,0.608728
2022-12-06 19:00:00.000 UTC,0.611349,0.609234,0.611125,0.609869
2022-12-06 18:00:00.000 UTC,0.616949,0.610406,0.616171,0.610585
2022-12-06 17:00:00.000 UTC,0.620671,0.616207,0.620495,0.616223
2022-12-06 16:00:00.000 UTC,0.622142,0.613733,0.613733,0.621141
2022-12-06 15:00:00.000 UTC,0.615433,0.613167,0.613811,0.61478
2022-12-06 14:00:00.000 UTC,0.61649,0.612558,0.61366,0.61649
2022-12-06 13:00:00.000 UTC,0.620337,0.614881,0.616735,0.614881
2022-12-06 12:00:00.000 UTC,0.617828,0.606216,0.606216,0.617407
2022-12-06 11:00:00.000 UTC,0.60813,0.604299,0.605682,0.605852
2022-12-06 10:00:00.000 UTC,0.610014,0.604863,0.610014,0.608127
2022-12-06 09:00:00.000 UTC,0.612856,0.609109,0.612035,0.609109
2022-12-06 08:00:00.000 UTC,0.612927,0.609672,0.611439,0.61132
2022-12-06 07:00:00.000 UTC,0.613932,0.608259,0.608259,0.610659
2022-12-06 06:00:00.000 UTC,0.618254,0.609735,0.618254,0.610511
2022-12-06 05:00:00.000 UTC,0.617903,0.60996,0.610593,0.617903
2022-12-06 04:00:00.000 UTC,0.612835,0.608061,0.610614,0.609424
2022-12-06 03:00:00.000 UTC,0.611817,0.609674,0.609674,0.6103
2022-12-06 02:00:00.000 UTC,0.614032,0.608469,0.610215,0.609391
2022-12-06 01:00:00.000 UTC,0.618038,0.610579,0.613843,0.610579
2022-12-06 00:00:00.000 UTC,0.617616,0.613281,0.617176,0.617616
2022-12-05 23:00:00.000 UTC,0.617633,0.61262,0.615733,0.617633
2022-12-05 22:00:00.000 UTC,0.618123,0.612619,0.612619,0.614837
2022-12-05 21:00:00.000 UTC,0.614273,0.612263,0.612863,0.612263
2022-12-05 20:00:00.000 UTC,0.615618,0.61091,0.615618,0.611206
2022-12-05 19:00:00.000 UTC,0.628157,0.616529,0.626205,0.616529
2022-12-05 18:00:00.000 UTC,0.636881,0.626842,0.636881,0.626842
2022-12-05 17:00:00.000 UTC,0.633736,0.615131,0.616844,0.627552
2022-12-05 16:00:00.000 UTC,0.621584,0.616127,0.621584,0.617472
2022-12-05 15:00:00.000 UTC,0.626265,0.617785,0.624124,0.621667
2022-12-05 14:00:00.000 UTC,0.627709,0.621441,0.62344,0.624127
2022-12-05 13:00:00.000 UTC,0.627819,0.622882,0.622882,0.625162
2022-12-05 12:00:00.000 UTC,0.622538,0.618753,0.622538,0.621213
2022-12-05 11:00:00.000 UTC,0.625753,0.616925,0.616925,0.622587
2022-12-05 10:00:00.000 UTC,0.619263,0.616317,0.618954,0.616855
2022-12-05 09:00:00.000 UTC,0.621881,0.617944,0.618009,0.61921
2022-12-05 08:00:00.000 UTC,0.63329,0.608884,0.61185,0.616892
2022-12-05 07:00:00.000 UTC,0.612527,0.59653,0.597608,0.610399
2022-12-05 06:00:00.000 UTC,0.601086,0.596774,0.599305,0.596774
2022-12-05 05:00:00.000 UTC,0.601678,0.59383,0.59383,0.601678
2022-12-05 04:00:00.000 UTC,0.596804,0.593208,0.593635,0.594107
2022-12-05 03:00:00.000 UTC,0.598673,0.59354,0.594203,0.594865
2022-12-05 02:00:00.000 UTC,0.59491,0.590407,0.59089,0.59491
2022-12-05 01:00:00.000 UTC,0.592838,0.589328,0.589757,0.590197
2022-12-05 00:00:00.000 UTC,0.591015,0.588408,0.591015,0.589309
2022-12-04 23:00:00.000 UTC,0.590579,0.586655,0.586655,0.589585
2022-12-04 22:00:00.000 UTC,0.589592,0.586176,0.589592,0.587305
2022-12-04 21:00:00.000 UTC,0.589866,0.58739,0.589866,0.588735
2022-12-04 20:00:00.000 UTC,0.590384,0.588887,0.588887,0.590131
2022-12-04 19:00:00.000 UTC,0.589629,0.58666,0.58666,0.588128
2022-12-04 18:00:00.000 UTC,0.587193,0.584518,0.584518,0.585698
2022-12-04 17:00:00.000 UTC,0.585958,0.583289,0.583289,0.584868
2022-12-04 16:00:00.000 UTC,0.584797,0.582777,0.58416,0.584413
2022-12-04 15:00:00.000 UTC,0.585115,0.582419,0.582903,0.585115
2022-12-04 14:00:00.000 UTC,0.582928,0.580322,0.580967,0.582183
2022-12-04 13:00:00.000 UTC,0.582844,0.581288,0.581367,0.581447
2022-12-04 12:00:00.000 UTC,0.582528,0.581062,0.581806,0.582193
2022-12-04 11:00:00.000 UTC,0.582492,0.580284,0.582312,0.580943
2022-12-04 10:00:00.000 UTC,0.583049,0.581482,0.582251,0.582018
2022-12-04 09:00:00.000 UTC,0.584734,0.582294,0.584625,0.583025
2022-12-04 08:00:00.000 UTC,0.585827,0.582199,0.58314,0.584763
2022-12-04 07:00:00.000 UTC,0.58659,0.583469,0.58659,0.584153
2022-12-04 06:00:00.000 UTC,0.586299,0.583573,0.583573,0.586299
2022-12-04 05:00:00.000 UTC,0.586027,0.583193,0.585166,0.584787
2022-12-04 04:00:00.000 UTC,0.584837,0.58242,0.58242,0.584837
2022-12-04 03:00:00.000 UTC,0.583798,0.581958,0.582103,0.583587
2022-12-04 02:00:00.000 UTC,0.584377,0.582921,0.583807,0.583242
2022-12-04 01:00:00.000 UTC,0.58354,0.580902,0.582088,0.581819
2022-12-04 00:00:00.000 UTC,0.581585,0.577404,0.577404,0.581446
2022-12-03 23:00:00.000 UTC,0.578078,0.576353,0.577676,0.578068
2022-12-03 22:00:00.000 UTC,0.58493,0.577384,0.584641,0.578045
2022-12-03 21:00:00.000 UTC,0.585482,0.582844,0.585482,0.58367
2022-12-03 20:00:00.000 UTC,0.587659,0.586878,0.587367,0.587436
2022-12-03 19:00:00.000 UTC,0.588813,0.587307,0.587913,0.588038
2022-12-03 18:00:00.000 UTC,0.589249,0.585948,0.588881,0.587819
2022-12-03 17:00:00.000 UTC,0.591483,0.588014,0.588895,0.588947
2022-12-03 16:00:00.000 UTC,0.59201,0.588416,0.591991,0.588925
2022-12-03 15:00:00.000 UTC,0.592999,0.591006,0.591006,0.591013
2022-12-03 14:00:00.000 UTC,0.593628,0.590756,0.592227,0.591185
2022-12-03 13:00:00.000 UTC,0.593726,0.592117,0.59343,0.592851
2022-12-03 12:00:00.000 UTC,0.59466,0.591942,0.593469,0.593832
2022-12-03 11:00:00.000 UTC,0.592784,0.590606,0.591261,0.592784
2022-12-03 10:00:00.000 UTC,0.592864,0.591479,0.592104,0.592213
2022-12-03 09:00:00.000 UTC,0.592109,0.588438,0.588438,0.592109
2022-12-03 08:00:00.000 UTC,0.591511,0.589203,0.590764,0.589908
2022-12-03 07:00:00.000 UTC,0.59165,0.590527,0.59165,0.591243
2022-12-03 06:00:00.000 UTC,0.595956,0.590067,0.594108,0.59041
2022-12-03 05:00:00.000 UTC,0.595028,0.592205,0.592421,0.59403
2022-12-03 04:00:00.000 UTC,0.595954,0.593088,0.595336,0.593088
2022-12-03 03:00:00.000 UTC,0.598225,0.594703,0.596854,0.594703
2022-12-03 02:00:00.000 UTC,0.5988,0.59694,0.598511,0.597218
2022-12-03 01:00:00.000 UTC,0.598315,0.596838,0.598315,0.597569
2022-12-03 00:00:00.000 UTC,0.607364,0.596914,0.604415,0.596914
2022-12-02 23:00:00.000 UTC,0.605048,0.602987,0.605002,0.604668
2022-12-02 22:00:00.000 UTC,0.605484,0.601131,0.601131,0.605484
2022-12-02 21:00:00.000 UTC,0.602721,0.59953,0.602202,0.600186
2022-12-02 20:00:00.000 UTC,0.602103,0.600703,0.601133,0.601129
2022-12-02 19:00:00.000 UTC,0.600896,0.599317,0.600896,0.599913
2022-12-02 18:00:00.000 UTC,0.603218,0.600647,0.602852,0.601357
2022-12-02 17:00:00.000 UTC,0.60614,0.601653,0.601914,0.602721
2022-12-02 16:00:00.000 UTC,0.603292,0.599812,0.603292,0.602114
2022-12-02 15:00:00.000 UTC,0.604673,0.598907,0.59906,0.603737
2022-12-02 14:00:00.000 UTC,0.599858,0.596189,0.598295,0.598041
2022-12-02 13:00:00.000 UTC,0.605844,0.59679,0.605844,0.598713
2022-12-02 12:00:00.000 UTC,0.602902,0.597117,0.597511,0.602375
2022-12-02 11:00:00.000 UTC,0.601572,0.59793,0.601367,0.59793
2022-12-02 10:00:00.000 UTC,0.601741,0.596386,0.599245,0.601426
2022-12-02 09:00:00.000 UTC,0.603006,0.595591,0.596053,0.600839
2022-12-02 08:00:00.000 UTC,0.599854,0.594523,0.599854,0.596918
2022-12-02 07:00:00.000 UTC,0.60065,0.587336,0.587336,0.60065
2022-12-02 06:00:00.000 UTC,0.589559,0.587506,0.588756,0.589269
2022-12-02 05:00:00.000 UTC,0.589691,0.585649,0.585649,0.589691
2022-12-02 04:00:00.000 UTC,0.586416,0.577968,0.581937,0.585363
2022-12-02 03:00:00.000 UTC,0.58428,0.581522,0.581864,0.581996
2022-12-02 02:00:00.000 UTC,0.585247,0.580444,0.584469,0.581425
2022-12-02 01:00:00.000 UTC,0.592211,0.58359,0.587998,0.58359
2022-12-02 00:00:00.000 UTC,0.588582,0.577777,0.579392,0.585494
2022-12-01 23:00:00.000 UTC,0.578638,0.575054,0.577159,0.577241
2022-12-01 22:00:00.000 UTC,0.579475,0.576693,0.576693,0.577649
2022-12-01 21:00:00.000 UTC,0.577751,0.576502,0.577663,0.576504
2022-12-01 20:00:00.000 UTC,0.582241,0.578035,0.581442,0.578035
2022-12-01 19:00:00.000 UTC,0.585572,0.582869,0.585572,0.582875
2022-12-01 18:00:00.000 UTC,0.586471,0.584272,0.586444,0.585817
2022-12-01 17:00:00.000 UTC,0.586954,0.581518,0.584104,0.585857
2022-12-01 16:00:00.000 UTC,0.584876,0.58143,0.584353,0.584678
2022-12-01 15:00:00.000 UTC,0.587437,0.5794,0.587437,0.583963
2022-12-01 14:00:00.000 UTC,0.589265,0.58293,0.587572,0.587549
2022-12-01 13:00:00.000 UTC,0.595684,0.587485,0.589076,0.588057
2022-12-01 12:00:00.000 UTC,0.589481,0.584196,0.584521,0.589481
2022-12-01 11:00:00.000 UTC,0.584667,0.580823,0.582061,0.584667
2022-12-01 10:00:00.000 UTC,0.584051,0.581908,0.58284,0.582557
2022-12-01 09:00:00.000 UTC,0.583406,0.579829,0.583406,0.58301
2022-12-01 08:00:00.000 UTC,0.583744,0.58207,0.582637,0.583744
2022-12-01 07:00:00.000 UTC,0.584692,0.582312,0.583883,0.582312
2022-12-01 06:00:00.000 UTC,0.585142,0.583633,0.585004,0.58425
2022-12-01 05:00:00.000 UTC,0.589326,0.583036,0.586035,0.584805
2022-12-01 04:00:00.000 UTC,0.588822,0.586417,0.58672,0.587361
2022-12-01 03:00:00.000 UTC,0.587327,0.584886,0.584886,0.586186
2022-12-01 02:00:00.000 UTC,0.585137,0.582864,0.584549,0.584478
2022-12-01 01:00:00.000 UTC,0.587269,0.583788,0.587269,0.585125
2022-12-01 00:00:00.000 UTC,0.590688,0.58438,0.590688,0.58438
2022-11-30 23:00:00.000 UTC,0.59032,0.58512,0.587714,0.589355
2022-11-30 22:00:00.000 UTC,0.58799,0.585758,0.587534,0.586671
2022-11-30 21:00:00.000 UTC,0.587311,0.582217,0.5831,0.587311
2022-11-30 20:00:00.000 UTC,0.583139,0.576492,0.577254,0.583139
2022-11-30 19:00:00.000 UTC,0.579541,0.57462,0.57462,0.577864
2022-11-30 18:00:00.000 UTC,0.580387,0.56479,0.567004,0.573826
2022-11-30 17:00:00.000 UTC,0.574664,0.566451,0.574664,0.567502
2022-11-30 16:00:00.000 UTC,0.577111,0.57416,0.577111,0.574479
2022-11-30 15:00:00.000 UTC,0.577214,0.574748,0.576022,0.577214
2022-11-30 14:00:00.000 UTC,0.576893,0.573526,0.573526,0.576052
2022-11-30 13:00:00.000 UTC,0.578652,0.57284,0.574783,0.573434
2022-11-30 12:00:00.000 UTC,0.582901,0.577003,0.582187,0.577003
2022-11-30 11:00:00.000 UTC,0.582103,0.578598,0.578598,0.581221
2022-11-30 10:00:00.000 UTC,0.581621,0.578454,0.578471,0.580227
2022-11-30 09:00:00.000 UTC,0.582382,0.577273,0.582382,0.577347
2022-11-30 08:00:00.000 UTC,0.588769,0.579933,0.579933,0.582567
2022-11-30 07:00:00.000 UTC,0.578597,0.575942,0.575942,0.578597
2022-11-30 06:00:00.000 UTC,0.580219,0.574416,0.579542,0.574416
2022-11-30 05:00:00.000 UTC,0.578948,0.576456,0.578038,0.577933
2022-11-30 04:00:00.000 UTC,0.57758,0.572993,0.572993,0.576289
2022-11-30 03:00:00.000 UTC,0.581947,0.576706,0.580055,0.576706
2022-11-30 02:00:00.000 UTC,0.586318,0.578132,0.578132,0.580609
2022-11-30 01:00:00.000 UTC,0.579527,0.572493,0.572999,0.578754
2022-11-30 00:00:00.000 UTC,0.573459,0.562052,0.562052,0.573423
2022-11-29 23:00:00.000 UTC,0.564772,0.563253,0.564307,0.563253
2022-11-29 22:00:00.000 UTC,0.565383,0.563203,0.56423,0.564842
2022-11-29 21:00:00.000 UTC,0.565384,0.563954,0.565384,0.564772
2022-11-29 20:00:00.000 UTC,0.564511,0.562541,0.563807,0.564319
2022-11-29 19:00:00.000 UTC,0.563452,0.561496,0.562221,0.563452
2022-11-29 18:00:00.000 UTC,0.561822,0.559437,0.559437,0.561822
2022-11-29 17:00:00.000 UTC,0.56156,0.558441,0.561249,0.559477
2022-11-29 16:00:00.000 UTC,0.562855,0.557604,0.562855,0.560466
2022-11-29 15:00:00.000 UTC,0.564718,0.560897,0.560897,0.562568
2022-11-29 14:00:00.000 UTC,0.569172,0.56378,0.564304,0.56378
2022-11-29 13:00:00.000 UTC,0.568089,0.560918,0.568089,0.56193
2022-11-29 12:00:00.000 UTC,0.569268,0.567345,0.568334,0.567345
2022-11-29 11:00:00.000 UTC,0.57081,0.567911,0.569462,0.568862
2022-11-29 10:00:00.000 UTC,0.570848,0.567947,0.568311,0.569887
2022-11-29 09:00:00.000 UTC,0.570934,0.567525,0.570836,0.567525
2022-11-29 08:00:00.000 UTC,0.571056,0.567628,0.567628,0.571056
2022-11-29 07:00:00.000 UTC,0.568563,0.567521,0.567521,0.568117
2022-11-29 06:00:00.000 UTC,0.569129,0.56661,0.568149,0.567954
2022-11-29 05:00:00.000 UTC,0.569357,0.561888,0.561888,0.568045
2022-11-29 04:00:00.000 UTC,0.563508,0.554764,0.554764,0.563173
2022-11-29 03:00:00.000 UTC,0.556463,0.555104,0.55569,0.555104
2022-11-29 02:00:00.000 UTC,0.559229,0.554043,0.554043,0.556042
2022-11-29 01:00:00.000 UTC,0.555025,0.549043,0.550269,0.555025
2022-11-29 00:00:00.000 UTC,0.553987,0.55055,0.553987,0.55055
2022-11-28 23:00:00.000 UTC,0.554935,0.553131,0.554316,0.554032
2022-11-28 22:00:00.000 UTC,0.553812,0.551358,0.553445,0.553812
2022-11-28 21:00:00.000 UTC,0.552613,0.5508,0.551943,0.552613
2022-11-28 20:00:00.000 UTC,0.552104,0.549834,0.549874,0.552104
2022-11-28 19:00:00.000 UTC,0.551542,0.549147,0.550853,0.549919
2022-11-28 18:00:00.000 UTC,0.551294,0.549286,0.549543,0.550974
2022-11-28 17:00:00.000 UTC,0.551615,0.548377,0.549731,0.549709
2022-11-28 16:00:00.000 UTC,0.54805,0.541416,0.545434,0.547708
2022-11-28 15:00:00.000 UTC,0.548343,0.543341,0.547813,0.544205
2022-11-28 14:00:00.000 UTC,0.550663,0.545833,0.546638,0.549045
2022-11-28 13:00:00.000 UTC,0.547831,0.545179,0.545814,0.546415
2022-11-28 12:00:00.000 UTC,0.548696,0.545845,0.548696,0.546145
2022-11-28 11:00:00.000 UTC,0.549417,0.545832,0.545832,0.548223
2022-11-28 10:00:00.000 UTC,0.548737,0.54601,0.548737,0.546098
2022-11-28 09:00:00.000 UTC,0.552189,0.548737,0.551378,0.548782
2022-11-28 08:00:00.000 UTC,0.551582,0.548608,0.550735,0.550626
2022-11-28 07:00:00.000 UTC,0.550557,0.548606,0.550141,0.550557
2022-11-28 06:00:00.000 UTC,0.550638,0.546679,0.546876,0.549858
2022-11-28 05:00:00.000 UTC,0.550626,0.548041,0.549291,0.548456
2022-11-28 04:00:00.000 UTC,0.548922,0.545076,0.546016,0.548922
2022-11-28 03:00:00.000 UTC,0.546762,0.540688,0.540688,0.545972
2022-11-28 02:00:00.000 UTC,0.550774,0.541124,0.550774,0.541124
2022-11-28 01:00:00.000 UTC,0.572853,0.547618,0.572407,0.547618
2022-11-28 00:00:00.000 UTC,0.575813,0.569437,0.570023,0.569437
2022-11-27 23:00:00.000 UTC,0.587118,0.569605,0.587118,0.569605
2022-11-27 22:00:00.000 UTC,0.586836,0.583511,0.584622,0.586836
2022-11-27 21:00:00.000 UTC,0.584346,0.582502,0.582502,0.584302
2022-11-27 20:00:00.000 UTC,0.583407,0.580707,0.580707,0.583189
2022-11-27 19:00:00.000 UTC,0.581901,0.580302,0.581685,0.581422
2022-11-27 18:00:00.000 UTC,0.580927,0.578426,0.578426,0.580927
2022-11-27 17:00:00.000 UTC,0.582195,0.576963,0.580338,0.578557
2022-11-27 16:00:00.000 UTC,0.585021,0.582217,0.583334,0.585021
2022-11-27 15:00:00.000 UTC,0.5879,0.580433,0.58236,0.58338
2022-11-27 14:00:00.000 UTC,0.58328,0.580371,0.580894,0.582781
2022-11-27 13:00:00.000 UTC,0.581885,0.579559,0.581885,0.579671
2022-11-27 12:00:00.000 UTC,0.584276,0.578716,0.578716,0.581872
2022-11-27 11:00:00.000 UTC,0.578945,0.577081,0.578412,0.578697
2022-11-27 10:00:00.000 UTC,0.58006,0.57679,0.57909,0.578282
2022-11-27 09:00:00.000 UTC,0.586484,0.578841,0.585042,0.578841
2022-11-27 08:00:00.000 UTC,0.594752,0.573205,0.574064,0.587811
2022-11-27 07:00:00.000 UTC,0.576003,0.572805,0.573057,0.57416
2022-11-27 06:00:00.000 UTC,0.575125,0.57065,0.57065,0.572204
2022-11-27 05:00:00.000 UTC,0.573748,0.571704,0.573029,0.571704
2022-11-27 04:00:00.000 UTC,0.575833,0.573713,0.573833,0.573713
2022-11-27 03:00:00.000 UTC,0.57518,0.573204,0.573859,0.574505
2022-11-27 02:00:00.000 UTC,0.576989,0.569175,0.569175,0.572906
2022-11-27 01:00:00.000 UTC,0.569164,0.565556,0.565556,0.569133
2022-11-27 00:00:00.000 UTC,0.565383,0.563516,0.564805,0.565012
2022-11-26 23:00:00.000 UTC,0.565593,0.560895,0.560895,0.565593
2022-11-26 22:00:00.000 UTC,0.565708,0.561214,0.565374,0.561214
2022-11-26 21:00:00.000 UTC,0.565541,0.563168,0.563168,0.565541
2022-11-26 20:00:00.000 UTC,0.563984,0.562214,0.562214,0.562458
2022-11-26 19:00:00.000 UTC,0.567096,0.560228,0.567096,0.56147
2022-11-26 18:00:00.000 UTC,0.568482,0.564357,0.566917,0.567222
2022-11-26 17:00:00.000 UTC,0.570318,0.566675,0.568777,0.566675
2022-11-26 16:00:00.000 UTC,0.573221,0.568314,0.5723,0.568314
2022-11-26 15:00:00.000 UTC,0.573633,0.570178,0.570178,0.571319
2022-11-26 14:00:00.000 UTC,0.579171,0.574675,0.576822,0.574675
2022-11-26 13:00:00.000 UTC,0.577547,0.575557,0.576116,0.577547
2022-11-26 12:00:00.000 UTC,0.577864,0.575519,0.577863,0.575519
2022-11-26 11:00:00.000 UTC,0.57966,0.576409,0.57966,0.576907
2022-11-26 10:00:00.000 UTC,0.585261,0.572785,0.573426,0.579181
2022-11-26 09:00:00.000 UTC,0.573597,0.56907,0.570791,0.573597
2022-11-26 08:00:00.000 UTC,0.575307,0.568663,0.575307,0.570063
2022-11-26 07:00:00.000 UTC,0.576206,0.568637,0.56873,0.576206
2022-11-26 06:00:00.000 UTC,0.574704,0.569496,0.574704,0.57121
2022-11-26 05:00:00.000 UTC,0.573561,0.570819,0.571242,0.572812
2022-11-26 04:00:00.000 UTC,0.573268,0.57026,0.572038,0.571334
2022-11-26 03:00:00.000 UTC,0.573121,0.571603,0.572454,0.571603
2022-11-26 02:00:00.000 UTC,0.572584,0.570834,0.571634,0.572077
2022-11-26 01:00:00.000 UTC,0.572905,0.570268,0.570268,0.57117
2022-11-26 00:00:00.000 UTC,0.575027,0.564134,0.564134,0.568924
2022-11-25 23:00:00.000 UTC,0.566087,0.563589,0.564158,0.564753
2022-11-25 22:00:00.000 UTC,0.564092,0.562583,0.563773,0.563935
2022-11-25 21:00:00.000 UTC,0.564618,0.562744,0.563577,0.56316
2022-11-25 20:00:00.000 UTC,0.56577,0.563274,0.563274,0.563469
2022-11-25 19:00:00.000 UTC,0.564825,0.562528,0.562528,0.56356
2022-11-25 18:00:00.000 UTC,0.564459,0.56091,0.561622,0.562872
2022-11-25 17:00:00.000 UTC,0.562307,0.559192,0.559192,0.561117
2022-11-25 16:00:00.000 UTC,0.561433,0.557592,0.561352,0.558138
2022-11-25 15:00:00.000 UTC,0.561894,0.559428,0.561894,0.56147
2022-11-25 14:00:00.000 UTC,0.562906,0.558154,0.559587,0.562906
2022-11-25 13:00:00.000 UTC,0.561358,0.558857,0.561358,0.559426
2022-11-25 12:00:00.000 UTC,0.566139,0.560245,0.561619,0.560462
2022-11-25 11:00:00.000 UTC,0.562184,0.557494,0.557494,0.560615
2022-11-25 10:00:00.000 UTC,0.5575,0.553107,0.553817,0.5575
2022-11-25 09:00:00.000 UTC,0.555101,0.553399,0.553399,0.553896
2022-11-25 08:00:00.000 UTC,0.55589,0.552943,0.55552,0.552943
2022-11-25 07:00:00.000 UTC,0.555612,0.553114,0.553421,0.555338
2022-11-25 06:00:00.000 UTC,0.55414,0.550855,0.551373,0.55414
2022-11-25 05:00:00.000 UTC,0.551942,0.550362,0.550772,0.551631
2022-11-25 04:00:00.000 UTC,0.554331,0.550883,0.554331,0.552712
2022-11-25 03:00:00.000 UTC,0.554888,0.551145,0.552432,0.554723
2022-11-25 02:00:00.000 UTC,0.557715,0.550813,0.557715,0.552545
2022-11-25 01:00:00.000 UTC,0.561444,0.559404,0.56121,0.559404
2022-11-25 00:00:00.000 UTC,0.563905,0.557639,0.563905,0.560375
2022-11-24 23:00:00.000 UTC,0.564079,0.561464,0.563076,0.563827
2022-11-24 22:00:00.000 UTC,0.563035,0.559334,0.559334,0.563035
2022-11-24 21:00:00.000 UTC,0.560378,0.558623,0.559491,0.559351
2022-11-24 20:00:00.000 UTC,0.562063,0.559098,0.561033,0.560143
2022-11-24 19:00:00.000 UTC,0.56061,0.559106,0.560572,0.559106
2022-11-24 18:00:00.000 UTC,0.560236,0.558034,0.559662,0.560236
2022-11-24 17:00:00.000 UTC,0.562291,0.560141,0.561247,0.560607
2022-11-24 16:00:00.000 UTC,0.561606,0.558574,0.558735,0.561367
2022-11-24 15:00:00.000 UTC,0.559279,0.556775,0.559126,0.558435
2022-11-24 14:00:00.000 UTC,0.559848,0.556366,0.559848,0.558842
2022-11-24 13:00:00.000 UTC,0.560373,0.557862,0.557862,0.559096
2022-11-24 12:00:00.000 UTC,0.560625,0.557477,0.557801,0.557585
2022-11-24 11:00:00.000 UTC,0.561747,0.557487,0.56017,0.557666
2022-11-24 10:00:00.000 UTC,0.5725,0.558599,0.571985,0.558599
2022-11-24 09:00:00.000 UTC,0.573877,0.571398,0.572916,0.572603
2022-11-24 08:00:00.000 UTC,0.576721,0.570887,0.576721,0.573376
2022-11-24 07:00:00.000 UTC,0.580897,0.578292,0.578436,0.57945
2022-11-24 06:00:00.000 UTC,0.577733,0.576268,0.576268,0.577464
2022-11-24 05:00:00.000 UTC,0.580872,0.576971,0.580872,0.57774
2022-11-24 04:00:00.000 UTC,0.590384,0.58115,0.590384,0.581965
2022-11-24 03:00:00.000 UTC,0.590061,0.585973,0.587352,0.58981
2022-11-24 02:00:00.000 UTC,0.585718,0.577625,0.577625,0.585487
2022-11-24 01:00:00.000 UTC,0.577422,0.568258,0.568258,0.576991
2022-11-24 00:00:00.000 UTC,0.575216,0.568954,0.571135,0.568954
2022-11-23 23:00:00.000 UTC,0.571233,0.567765,0.567765,0.570686
2022-11-23 22:00:00.000 UTC,0.568982,0.566685,0.56685,0.566919
2022-11-23 21:00:00.000 UTC,0.56778,0.564764,0.564764,0.56778
2022-11-23 20:00:00.000 UTC,0.565616,0.563452,0.563452,0.565282
2022-11-23 19:00:00.000 UTC,0.566438,0.561198,0.561516,0.564594
2022-11-23 18:00:00.000 UTC,0.561297,0.558582,0.558582,0.559991
2022-11-23 17:00:00.000 UTC,0.56,0.556771,0.558367,0.559214
2022-11-23 16:00:00.000 UTC,0.56339,0.559981,0.563087,0.560368
2022-11-23 15:00:00.000 UTC,0.563774,0.561788,0.561858,0.562175
2022-11-23 14:00:00.000 UTC,0.562127,0.558818,0.559567,0.562127
2022-11-23 13:00:00.000 UTC,0.564777,0.560757,0.562991,0.560757
2022-11-23 12:00:00.000 UTC,0.568738,0.563106,0.568738,0.563106
2022-11-23 11:00:00.000 UTC,0.570924,0.566652,0.568963,0.569042
2022-11-23 10:00:00.000 UTC,0.568478,0.562056,0.562056,0.568478
2022-11-23 09:00:00.000 UTC,0.568654,0.563087,0.567708,0.563087
2022-11-23 08:00:00.000 UTC,0.568714,0.566418,0.568648,0.567719
2022-11-23 07:00:00.000 UTC,0.569106,0.566614,0.567729,0.568537
2022-11-23 06:00:00.000 UTC,0.572359,0.564955,0.564955,0.568738
2022-11-23 05:00:00.000 UTC,0.569963,0.56166,0.562947,0.565999
2022-11-23 04:00:00.000 UTC,0.563931,0.562669,0.563278,0.563032
2022-11-23 03:00:00.000 UTC,0.56332,0.558867,0.559342,0.563156
2022-11-23 02:00:00.000 UTC,0.561533,0.551991,0.551991,0.559295
2022-11-23 01:00:00.000 UTC,0.555117,0.551713,0.555117,0.551852
2022-11-23 00:00:00.000 UTC,0.55582,0.553078,0.555333,0.554282
2022-11-22 23:00:00.000 UTC,0.554986,0.551516,0.552123,0.553952
2022-11-22 22:00:00.000 UTC,0.552342,0.548778,0.549505,0.552342
2022-11-22 21:00:00.000 UTC,0.549425,0.54728,0.54933,0.549425
2022-11-22 20:00:00.000 UTC,0.551433,0.548096,0.548096,0.549067
2022-11-22 19:00:00.000 UTC,0.548957,0.545947,0.546747,0.548077
2022-11-22 18:00:00.000 UTC,0.547838,0.544122,0.544122,0.545931
2022-11-22 17:00:00.000 UTC,0.548924,0.544146,0.547096,0.545881
2022-11-22 16:00:00.000 UTC,0.552628,0.548174,0.551226,0.54846
2022-11-22 15:00:00.000 UTC,0.554251,0.54678,0.54678,0.551005
2022-11-22 14:00:00.000 UTC,0.546586,0.543143,0.546226,0.545548
2022-11-22 13:00:00.000 UTC,0.545222,0.533233,0.533233,0.545222
2022-11-22 12:00:00.000 UTC,0.537966,0.526129,0.527613,0.537966
2022-11-22 11:00:00.000 UTC,0.530641,0.527202,0.530032,0.528443
2022-11-22 10:00:00.000 UTC,0.528972,0.52437,0.524387,0.528972
2022-11-22 09:00:00.000 UTC,0.528424,0.524016,0.526615,0.524016
2022-11-22 08:00:00.000 UTC,0.528692,0.521784,0.525457,0.528207
2022-11-22 07:00:00.000 UTC,0.528221,0.522129,0.528221,0.524516
2022-11-22 06:00:00.000 UTC,0.533245,0.5282,0.532225,0.5282
2022-11-22 05:00:00.000 UTC,0.53673,0.530815,0.53673,0.532265
2022-11-22 04:00:00.000 UTC,0.538376,0.535141,0.535141,0.536593
2022-11-22 03:00:00.000 UTC,0.53942,0.533838,0.53799,0.535231
2022-11-22 02:00:00.000 UTC,0.545825,0.535851,0.535851,0.536575
2022-11-22 01:00:00.000 UTC,0.539385,0.536218,0.538771,0.536218
2022-11-22 00:00:00.000 UTC,0.543582,0.53491,0.53491,0.538341
2022-11-21 23:00:00.000 UTC,0.535806,0.531744,0.531744,0.534055
2022-11-21 22:00:00.000 UTC,0.534567,0.529054,0.529671,0.531715
2022-11-21 21:00:00.000 UTC,0.536966,0.530148,0.534789,0.530148
2022-11-21 20:00:00.000 UTC,0.541353,0.531117,0.531117,0.53519
2022-11-21 19:00:00.000 UTC,0.53784,0.52899,0.536034,0.529447
2022-11-21 18:00:00.000 UTC,0.537756,0.532914,0.537756,0.537204
2022-11-21 17:00:00.000 UTC,0.544742,0.538301,0.544742,0.53922
2022-11-21 16:00:00.000 UTC,0.549782,0.539637,0.545947,0.546107
2022-11-21 15:00:00.000 UTC,0.548644,0.545936,0.548644,0.547114
2022-11-21 14:00:00.000 UTC,0.558007,0.549492,0.552232,0.550558
2022-11-21 13:00:00.000 UTC,0.554068,0.541197,0.541197,0.550117
2022-11-21 12:00:00.000 UTC,0.545178,0.534793,0.535349,0.541386
2022-11-21 11:00:00.000 UTC,0.536123,0.532961,0.534682,0.536123
2022-11-21 10:00:00.000 UTC,0.534416,0.530224,0.532736,0.534416
2022-11-21 09:00:00.000 UTC,0.533441,0.527523,0.528469,0.533441
2022-11-21 08:00:00.000 UTC,0.53425,0.528086,0.532767,0.528086
2022-11-21 07:00:00.000 UTC,0.538101,0.532603,0.532975,0.53323
2022-11-21 06:00:00.000 UTC,0.535712,0.532744,0.535105,0.533303
2022-11-21 05:00:00.000 UTC,0.536307,0.528512,0.528512,0.535448
2022-11-21 04:00:00.000 UTC,0.530617,0.52772,0.52772,0.528498
2022-11-21 03:00:00.000 UTC,0.528797,0.523666,0.528055,0.526993
2022-11-21 02:00:00.000 UTC,0.540878,0.52449,0.540878,0.528712
2022-11-21 01:00:00.000 UTC,0.547092,0.539789,0.547092,0.540914
2022-11-21 00:00:00.000 UTC,0.548264,0.541455,0.548264,0.544729
2022-11-20 23:00:00.000 UTC,0.557331,0.546111,0.555059,0.548921
2022-11-20 22:00:00.000 UTC,0.559124,0.554996,0.556011,0.555772
2022-11-20 21:00:00.000 UTC,0.568643,0.560413,0.568643,0.564701
2022-11-20 20:00:00.000 UTC,0.573731,0.565555,0.573731,0.567263
2022-11-20 19:00:00.000 UTC,0.573305,0.571687,0.572299,0.57175
2022-11-20 18:00:00.000 UTC,0.573194,0.57018,0.57116,0.572003
2022-11-20 17:00:00.000 UTC,0.57672,0.571604,0.576073,0.571604
2022-11-20 16:00:00.000 UTC,0.577204,0.574344,0.577204,0.575969
2022-11-20 15:00:00.000 UTC,0.578814,0.575698,0.578814,0.576457
2022-11-20 14:00:00.000 UTC,0.579204,0.57749,0.578652,0.577657
2022-11-20 13:00:00.000 UTC,0.578849,0.574762,0.574762,0.578732
2022-11-20 12:00:00.000 UTC,0.577717,0.575073,0.57732,0.575898
2022-11-20 11:00:00.000 UTC,0.58527,0.576444,0.58527,0.577012
2022-11-20 10:00:00.000 UTC,0.588515,0.585061,0.585061,0.585237
2022-11-20 09:00:00.000 UTC,0.589242,0.584801,0.587128,0.585017
2022-11-20 08:00:00.000 UTC,0.595497,0.587077,0.595358,0.587077
2022-11-20 07:00:00.000 UTC,0.595421,0.59378,0.594173,0.595421
2022-11-20 06:00:00.000 UTC,0.598708,0.595153,0.597357,0.595238
2022-11-20 05:00:00.000 UTC,0.600198,0.597094,0.600198,0.597573
2022-11-20 04:00:00.000 UTC,0.601993,0.598282,0.598282,0.599983
2022-11-20 03:00:00.000 UTC,0.598671,0.596699,0.598671,0.598532
2022-11-20 02:00:00.000 UTC,0.600365,0.596959,0.596959,0.59846
2022-11-20 01:00:00.000 UTC,0.605963,0.593264,0.593264,0.59831
2022-11-20 00:00:00.000 UTC,0.599319,0.590975,0.599319,0.59304
2022-11-19 23:00:00.000 UTC,0.600441,0.595384,0.595384,0.600125
2022-11-19 22:00:00.000 UTC,0.598716,0.59487,0.59519,0.595425
2022-11-19 21:00:00.000 UTC,0.595444,0.593172,0.593677,0.595195
2022-11-19 20:00:00.000 UTC,0.595695,0.592012,0.595695,0.593664
2022-11-19 19:00:00.000 UTC,0.601715,0.595726,0.597436,0.595726
2022-11-19 18:00:00.000 UTC,0.59746,0.594397,0.595683,0.59727
2022-11-19 17:00:00.000 UTC,0.605818,0.596474,0.605818,0.596474
2022-11-19 16:00:00.000 UTC,0.615106,0.605294,0.613241,0.605294
2022-11-19 15:00:00.000 UTC,0.62277,0.581751,0.581751,0.62277
2022-11-19 14:00:00.000 UTC,0.58477,0.573583,0.574415,0.58477
2022-11-19 13:00:00.000 UTC,0.57551,0.571643,0.57307,0.575118
2022-11-19 12:00:00.000 UTC,0.573636,0.572182,0.573479,0.572182
2022-11-19 11:00:00.000 UTC,0.57394,0.572517,0.57394,0.572792
2022-11-19 10:00:00.000 UTC,0.5739,0.571713,0.573045,0.5739
2022-11-19 09:00:00.000 UTC,0.574089,0.572853,0.573754,0.573578
2022-11-19 08:00:00.000 UTC,0.574408,0.570168,0.570633,0.574408
2022-11-19 07:00:00.000 UTC,0.571538,0.570061,0.570539,0.570061
2022-11-19 06:00:00.000 UTC,0.572422,0.568861,0.572422,0.570406
2022-11-19 05:00:00.000 UTC,0.576394,0.570589,0.575899,0.572542
2022-11-19 04:00:00.000 UTC,0.577825,0.575559,0.575743,0.575832
2022-11-19 03:00:00.000 UTC,0.577317,0.57461,0.57461,0.575971
2022-11-19 02:00:00.000 UTC,0.57709,0.573656,0.576972,0.574806
2022-11-19 01:00:00.000 UTC,0.577148,0.575275,0.577148,0.576512
2022-11-19 00:00:00.000 UTC,0.578803,0.57629,0.578803,0.57629
2022-11-18 23:00:00.000 UTC,0.579515,0.575692,0.575692,0.579502
2022-11-18 22:00:00.000 UTC,0.575772,0.573764,0.575772,0.575048
2022-11-18 21:00:00.000 UTC,0.579962,0.575513,0.579962,0.575769
2022-11-18 20:00:00.000 UTC,0.580504,0.57654,0.576704,0.579899
2022-11-18 19:00:00.000 UTC,0.576323,0.573081,0.573081,0.575993
2022-11-18 18:00:00.000 UTC,0.573134,0.571191,0.571191,0.572647
2022-11-18 17:00:00.000 UTC,0.57925,0.570858,0.57925,0.570858
2022-11-18 16:00:00.000 UTC,0.583297,0.578593,0.582233,0.578593
2022-11-18 15:00:00.000 UTC,0.584388,0.581843,0.584356,0.583194
2022-11-18 14:00:00.000 UTC,0.588257,0.583109,0.587761,0.583623
2022-11-18 13:00:00.000 UTC,0.589119,0.586986,0.587187,0.586986
2022-11-18 12:00:00.000 UTC,0.589981,0.586944,0.588355,0.587299
2022-11-18 11:00:00.000 UTC,0.589946,0.586858,0.586858,0.588224
2022-11-18 10:00:00.000 UTC,0.586974,0.584903,0.584919,0.586302
2022-11-18 09:00:00.000 UTC,0.585224,0.583665,0.584017,0.585007
2022-11-18 08:00:00.000 UTC,0.584662,0.582403,0.584662,0.583507
2022-11-18 07:00:00.000 UTC,0.585352,0.583829,0.583829,0.58477
2022-11-18 06:00:00.000 UTC,0.58709,0.583713,0.586142,0.584155
2022-11-18 05:00:00.000 UTC,0.586578,0.584829,0.584829,0.586578
2022-11-18 04:00:00.000 UTC,0.587829,0.58502,0.587042,0.585116
2022-11-18 03:00:00.000 UTC,0.589129,0.587827,0.588212,0.588293
2022-11-18 02:00:00.000 UTC,0.588495,0.584333,0.585679,0.588495
2022-11-18 01:00:00.000 UTC,0.586166,0.584012,0.586131,0.585582
2022-11-18 00:00:00.000 UTC,0.586353,0.579859,0.579983,0.585107
2022-11-17 23:00:00.000 UTC,0.584413,0.578088,0.584413,0.578964
2022-11-17 22:00:00.000 UTC,0.582026,0.57973,0.582026,0.581186
2022-11-17 21:00:00.000 UTC,0.581892,0.580137,0.580573,0.581387
2022-11-17 20:00:00.000 UTC,0.581727,0.579042,0.579042,0.581727
2022-11-17 19:00:00.000 UTC,0.580437,0.579579,0.580437,0.579579
2022-11-17 18:00:00.000 UTC,0.580905,0.579419,0.579608,0.580101
2022-11-17 17:00:00.000 UTC,0.581164,0.574484,0.574484,0.581164
2022-11-17 16:00:00.000 UTC,0.574753,0.570525,0.570583,0.573738
2022-11-17 15:00:00.000 UTC,0.576648,0.568108,0.568108,0.572225
2022-11-17 14:00:00.000 UTC,0.570213,0.566368,0.568201,0.569084
2022-11-17 13:00:00.000 UTC,0.575232,0.567219,0.574359,0.568228
2022-11-17 12:00:00.000 UTC,0.577001,0.572866,0.577001,0.572866
2022-11-17 11:00:00.000 UTC,0.577289,0.574073,0.574588,0.577289
2022-11-17 10:00:00.000 UTC,0.577427,0.574962,0.577251,0.574962
2022-11-17 09:00:00.000 UTC,0.58306,0.576588,0.58306,0.57719
2022-11-17 08:00:00.000 UTC,0.584056,0.582406,0.58294,0.582944
2022-11-17 07:00:00.000 UTC,0.582952,0.579171,0.581229,0.582487
2022-11-17 06:00:00.000 UTC,0.585224,0.581731,0.582125,0.581731
2022-11-17 05:00:00.000 UTC,0.581829,0.578245,0.578245,0.581829
2022-11-17 04:00:00.000 UTC,0.582396,0.573621,0.582396,0.578718
2022-11-17 03:00:00.000 UTC,0.58532,0.581618,0.583696,0.581618
2022-11-17 02:00:00.000 UTC,0.587622,0.583315,0.587622,0.583315
2022-11-17 01:00:00.000 UTC,0.590141,0.587982,0.58962,0.587982
2022-11-17 00:00:00.000 UTC,0.58972,0.585491,0.585491,0.589291
2022-11-16 23:00:00.000 UTC,0.586838,0.584024,0.585231,0.585846
2022-11-16 22:00:00.000 UTC,0.58446,0.580006,0.580834,0.58446
2022-11-16 21:00:00.000 UTC,0.5822,0.57978,0.580237,0.581224
2022-11-16 20:00:00.000 UTC,0.580386,0.578283,0.580174,0.580268
2022-11-16 19:00:00.000 UTC,0.581071,0.579252,0.58087,0.579819
2022-11-16 18:00:00.000 UTC,0.582483,0.579975,0.58124,0.580966
2022-11-16 17:00:00.000 UTC,0.581466,0.579115,0.579115,0.581118
2022-11-16 16:00:00.000 UTC,0.580831,0.574517,0.576117,0.579624
2022-11-16 15:00:00.000 UTC,0.580403,0.576008,0.579122,0.576216
2022-11-16 14:00:00.000 UTC,0.583337,0.577284,0.583337,0.577284
2022-11-16 13:00:00.000 UTC,0.588115,0.58404,0.588115,0.58516
2022-11-16 12:00:00.000 UTC,0.590992,0.586069,0.588814,0.587652
2022-11-16 11:00:00.000 UTC,0.593695,0.589067,0.59216,0.589067
2022-11-16 10:00:00.000 UTC,0.595209,0.590074,0.593482,0.592093
2022-11-16 09:00:00.000 UTC,0.594308,0.591625,0.593712,0.59256
2022-11-16 08:00:00.000 UTC,0.60538,0.592141,0.603699,0.594023
2022-11-16 07:00:00.000 UTC,0.610195,0.604646,0.610195,0.605166
2022-11-16 06:00:00.000 UTC,0.606043,0.600647,0.604492,0.605447
2022-11-16 05:00:00.000 UTC,0.605343,0.604145,0.605064,0.604862
2022-11-16 04:00:00.000 UTC,0.606639,0.60453,0.606639,0.604865
2022-11-16 03:00:00.000 UTC,0.606367,0.603444,0.603444,0.606225
2022-11-16 02:00:00.000 UTC,0.603886,0.600337,0.600818,0.601975
2022-11-16 01:00:00.000 UTC,0.600031,0.597273,0.597273,0.599213
2022-11-16 00:00:00.000 UTC,0.602693,0.597033,0.601886,0.598775
2022-11-15 23:00:00.000 UTC,0.602447,0.598153,0.600116,0.601555
2022-11-15 22:00:00.000 UTC,0.600902,0.598294,0.598575,0.599991
2022-11-15 21:00:00.000 UTC,0.600815,0.597552,0.599495,0.599469
2022-11-15 20:00:00.000 UTC,0.60097,0.598878,0.600356,0.598878
2022-11-15 19:00:00.000 UTC,0.605054,0.597699,0.601863,0.597699
2022-11-15 18:00:00.000 UTC,0.615754,0.599047,0.615754,0.601129
2022-11-15 17:00:00.000 UTC,0.617127,0.613216,0.615599,0.614866
2022-11-15 16:00:00.000 UTC,0.615893,0.610009,0.612029,0.614894
2022-11-15 15:00:00.000 UTC,0.615563,0.604027,0.604027,0.61075
2022-11-15 14:00:00.000 UTC,0.605516,0.601106,0.60516,0.602546
2022-11-15 13:00:00.000 UTC,0.611588,0.602761,0.603463,0.6034
2022-11-15 12:00:00.000 UTC,0.604089,0.597784,0.598211,0.603607
2022-11-15 11:00:00.000 UTC,0.600891,0.596876,0.59983,0.598184
2022-11-15 10:00:00.000 UTC,0.600273,0.597549,0.599355,0.598394
2022-11-15 09:00:00.000 UTC,0.598796,0.594755,0.597902,0.598796
2022-11-15 08:00:00.000 UTC,0.598114,0.59374,0.595311,0.596484
2022-11-15 07:00:00.000 UTC,0.595057,0.588467,0.588467,0.594507
2022-11-15 06:00:00.000 UTC,0.589305,0.586783,0.587659,0.588041
2022-11-15 05:00:00.000 UTC,0.59225,0.588775,0.591302,0.59007
2022-11-15 04:00:00.000 UTC,0.593881,0.590499,0.593881,0.591667
2022-11-15 03:00:00.000 UTC,0.601725,0.593182,0.593657,0.593182
2022-11-15 02:00:00.000 UTC,0.600641,0.587096,0.587096,0.59408
2022-11-15 01:00:00.000 UTC,0.588905,0.582482,0.585829,0.588601
2022-11-15 00:00:00.000 UTC,0.591119,0.585792,0.589462,0.587654
2022-11-14 23:00:00.000 UTC,0.590597,0.582306,0.582557,0.589339
2022-11-14 22:00:00.000 UTC,0.586127,0.577131,0.579068,0.5816
2022-11-14 21:00:00.000 UTC,0.583875,0.575203,0.576242,0.578683
2022-11-14 20:00:00.000 UTC,0.581234,0.57466,0.576251,0.575973
2022-11-14 19:00:00.000 UTC,0.581549,0.573077,0.580956,0.573077
2022-11-14 18:00:00.000 UTC,0.582206,0.578798,0.581084,0.581576
2022-11-14 17:00:00.000 UTC,0.582349,0.580199,0.580457,0.582349
2022-11-14 16:00:00.000 UTC,0.591851,0.576147,0.586886,0.580853
2022-11-14 15:00:00.000 UTC,0.594179,0.586357,0.58934,0.589518
2022-11-14 14:00:00.000 UTC,0.600676,0.587633,0.596827,0.591278
2022-11-14 13:00:00.000 UTC,0.612425,0.594585,0.596532,0.594585
2022-11-14 12:00:00.000 UTC,0.596848,0.591856,0.595925,0.596848
2022-11-14 11:00:00.000 UTC,0.60747,0.594775,0.607051,0.59557
2022-11-14 10:00:00.000 UTC,0.605051,0.590202,0.592843,0.598515
2022-11-14 09:00:00.000 UTC,0.594303,0.587609,0.592671,0.594303
2022-11-14 08:00:00.000 UTC,0.596079,0.590973,0.591326,0.591379
2022-11-14 07:00:00.000 UTC,0.597094,0.571308,0.577165,0.597094
2022-11-14 06:00:00.000 UTC,0.575474,0.553818,0.555894,0.573126
2022-11-14 05:00:00.000 UTC,0.559764,0.551327,0.556882,0.556849
2022-11-14 04:00:00.000 UTC,0.57062,0.557938,0.57062,0.561104
2022-11-14 03:00:00.000 UTC,0.572195,0.562898,0.572195,0.564756
2022-11-14 02:00:00.000 UTC,0.572747,0.56171,0.572747,0.563306
2022-11-14 01:00:00.000 UTC,0.587497,0.574829,0.576147,0.57897
2022-11-14 00:00:00.000 UTC,0.609157,0.577938,0.602062,0.577938
2022-11-13 23:00:00.000 UTC,0.596586,0.585967,0.591624,0.594379
2022-11-13 22:00:00.000 UTC,0.592833,0.587253,0.590155,0.591578
2022-11-13 21:00:00.000 UTC,0.601937,0.590069,0.598057,0.590069
2022-11-13 20:00:00.000 UTC,0.616853,0.60016,0.602433,0.60016
2022-11-13 19:00:00.000 UTC,0.601886,0.598261,0.600957,0.599596
2022-11-13 18:00:00.000 UTC,0.60851,0.599793,0.607344,0.599793
2022-11-13 17:00:00.000 UTC,0.61284,0.599065,0.61096,0.607928
2022-11-13 16:00:00.000 UTC,0.616107,0.610178,0.612356,0.611731
2022-11-13 15:00:00.000 UTC,0.672126,0.61063,0.612684,0.61192
2022-11-13 14:00:00.000 UTC,0.652397,0.610615,0.61159,0.611085
2022-11-13 13:00:00.000 UTC,0.630459,0.577139,0.58002,0.613056
2022-11-13 12:00:00.000 UTC,0.582976,0.580226,0.581705,0.581533
2022-11-13 11:00:00.000 UTC,0.582165,0.574398,0.575503,0.582165
2022-11-13 10:00:00.000 UTC,0.577068,0.573267,0.576353,0.575584
2022-11-13 09:00:00.000 UTC,0.583923,0.575981,0.583923,0.577639
2022-11-13 08:00:00.000 UTC,0.591894,0.584575,0.591894,0.584575
2022-11-13 07:00:00.000 UTC,0.59501,0.588699,0.59501,0.591794
2022-11-13 06:00:00.000 UTC,0.60692,0.597109,0.605945,0.597137
2022-11-13 05:00:00.000 UTC,0.608932,0.604869,0.608008,0.60533
2022-11-13 04:00:00.000 UTC,0.612562,0.608945,0.610511,0.608945
2022-11-13 03:00:00.000 UTC,0.611422,0.606277,0.610727,0.610716
2022-11-13 02:00:00.000 UTC,0.611124,0.609131,0.610459,0.609742
2022-11-13 01:00:00.000 UTC,0.609622,0.602218,0.602218,0.609622
2022-11-13 00:00:00.000 UTC,0.601727,0.592912,0.593961,0.601727
2022-11-12 23:00:00.000 UTC,0.600465,0.590791,0.600465,0.592273
2022-11-12 22:00:00.000 UTC,0.599463,0.596945,0.597373,0.599463
2022-11-12 21:00:00.000 UTC,0.600348,0.596066,0.598421,0.597289
2022-11-12 20:00:00.000 UTC,0.601227,0.597505,0.601227,0.597757
2022-11-12 19:00:00.000 UTC,0.602546,0.599624,0.601265,0.600794
2022-11-12 18:00:00.000 UTC,0.603545,0.600004,0.603545,0.601497
2022-11-12 17:00:00.000 UTC,0.60685,0.602056,0.60685,0.603386
2022-11-12 16:00:00.000 UTC,0.608405,0.604019,0.606507,0.605892
2022-11-12 15:00:00.000 UTC,0.609519,0.606849,0.607233,0.608404
2022-11-12 14:00:00.000 UTC,0.608654,0.599864,0.605116,0.606529
2022-11-12 13:00:00.000 UTC,0.606268,0.60087,0.606268,0.603688
2022-11-12 12:00:00.000 UTC,0.607858,0.601665,0.606397,0.605798
2022-11-12 11:00:00.000 UTC,0.606953,0.602737,0.604677,0.605155
2022-11-12 10:00:00.000 UTC,0.609459,0.603895,0.604174,0.605047
2022-11-12 09:00:00.000 UTC,0.60421,0.600621,0.603193,0.603239
2022-11-12 08:00:00.000 UTC,0.605705,0.600816,0.60484,0.603827
2022-11-12 07:00:00.000 UTC,0.611689,0.601951,0.601951,0.604016
2022-11-12 06:00:00.000 UTC,0.600529,0.592896,0.592896,0.600529
2022-11-12 05:00:00.000 UTC,0.607056,0.589752,0.607056,0.591096
2022-11-12 04:00:00.000 UTC,0.623444,0.608184,0.621736,0.608184
2022-11-12 03:00:00.000 UTC,0.626349,0.62056,0.625456,0.621252
2022-11-12 02:00:00.000 UTC,0.631335,0.624722,0.626564,0.628594
2022-11-12 01:00:00.000 UTC,0.626914,0.622191,0.626092,0.625566
2022-11-12 00:00:00.000 UTC,0.63493,0.624952,0.63493,0.626484
2022-11-11 23:00:00.000 UTC,0.636419,0.626425,0.629253,0.636419
2022-11-11 22:00:00.000 UTC,0.629313,0.623308,0.623308,0.628591
2022-11-11 21:00:00.000 UTC,0.623078,0.616579,0.617402,0.622284
2022-11-11 20:00:00.000 UTC,0.624831,0.613985,0.624831,0.616864
2022-11-11 19:00:00.000 UTC,0.622968,0.618102,0.6192,0.621825
2022-11-11 18:00:00.000 UTC,0.627495,0.620558,0.624078,0.620558
2022-11-11 17:00:00.000 UTC,0.622501,0.615915,0.618057,0.622501
2022-11-11 16:00:00.000 UTC,0.623575,0.613542,0.622193,0.616755
2022-11-11 15:00:00.000 UTC,0.633678,0.621444,0.628464,0.621823
2022-11-11 14:00:00.000 UTC,0.655355,0.611114,0.651536,0.628114
2022-11-11 13:00:00.000 UTC,0.658688,0.653309,0.653309,0.654232
2022-11-11 12:00:00.000 UTC,0.65344,0.644836,0.649342,0.65344
2022-11-11 11:00:00.000 UTC,0.653322,0.647034,0.651523,0.647034
2022-11-11 10:00:00.000 UTC,0.654036,0.647737,0.651774,0.650911
2022-11-11 09:00:00.000 UTC,0.654145,0.649598,0.654145,0.65158
2022-11-11 08:00:00.000 UTC,0.654631,0.646729,0.649412,0.653157
2022-11-11 07:00:00.000 UTC,0.649224,0.642487,0.642672,0.649123
2022-11-11 06:00:00.000 UTC,0.646732,0.641232,0.644908,0.64307
2022-11-11 05:00:00.000 UTC,0.645614,0.633707,0.633707,0.644987
2022-11-11 04:00:00.000 UTC,0.639306,0.632327,0.637323,0.632327
2022-11-11 03:00:00.000 UTC,0.65339,0.636857,0.646827,0.639282
2022-11-11 02:00:00.000 UTC,0.659802,0.646958,0.654218,0.646958
2022-11-11 01:00:00.000 UTC,0.677621,0.65689,0.672673,0.65689
2022-11-11 00:00:00.000 UTC,0.676071,0.664635,0.672796,0.670861
2022-11-10 23:00:00.000 UTC,0.678065,0.667456,0.674798,0.673051
2022-11-10 22:00:00.000 UTC,0.676008,0.667585,0.67035,0.676008
2022-11-10 21:00:00.000 UTC,0.67442,0.666915,0.672453,0.669087
2022-11-10 20:00:00.000 UTC,0.676558,0.658314,0.664413,0.676558
2022-11-10 19:00:00.000 UTC,0.669952,0.657548,0.662243,0.664009
2022-11-10 18:00:00.000 UTC,0.667983,0.655318,0.655318,0.664748
2022-11-10 17:00:00.000 UTC,0.67759,0.656486,0.67759,0.663643
2022-11-10 16:00:00.000 UTC,0.682575,0.670495,0.671145,0.675662
2022-11-10 15:00:00.000 UTC,0.681811,0.667022,0.671509,0.668069
2022-11-10 14:00:00.000 UTC,0.668554,0.657465,0.659014,0.668554
2022-11-10 13:00:00.000 UTC,0.661451,0.614071,0.614071,0.661451
2022-11-10 12:00:00.000 UTC,0.623645,0.613358,0.613358,0.613782
2022-11-10 11:00:00.000 UTC,0.611747,0.605097,0.607957,0.611747
2022-11-10 10:00:00.000 UTC,0.621122,0.607118,0.621122,0.607118
2022-11-10 09:00:00.000 UTC,0.631882,0.620841,0.631882,0.624845
2022-11-10 08:00:00.000 UTC,0.627771,0.609841,0.627757,0.627771
2022-11-10 07:00:00.000 UTC,0.635875,0.625611,0.627431,0.627952
2022-11-10 06:00:00.000 UTC,0.641225,0.621204,0.62676,0.627071
2022-11-10 05:00:00.000 UTC,0.623667,0.608137,0.608137,0.622341
2022-11-10 04:00:00.000 UTC,0.608354,0.596503,0.598495,0.604854
2022-11-10 03:00:00.000 UTC,0.605281,0.582722,0.582722,0.599237
2022-11-10 02:00:00.000 UTC,0.584213,0.574016,0.577591,0.580102
2022-11-10 01:00:00.000 UTC,0.598879,0.578353,0.589842,0.578353
2022-11-10 00:00:00.000 UTC,0.584723,0.559895,0.56412,0.584723
2022-11-09 23:00:00.000 UTC,0.573742,0.556749,0.566939,0.562177
2022-11-09 22:00:00.000 UTC,0.579044,0.561474,0.561474,0.567451
2022-11-09 21:00:00.000 UTC,0.623565,0.567134,0.62127,0.568233
2022-11-09 20:00:00.000 UTC,0.634288,0.620826,0.627272,0.620826
2022-11-09 19:00:00.000 UTC,0.638044,0.608545,0.608545,0.627566
2022-11-09 18:00:00.000 UTC,0.627693,0.60155,0.627693,0.613632
2022-11-09 17:00:00.000 UTC,0.64753,0.625822,0.64753,0.627647
2022-11-09 16:00:00.000 UTC,0.656467,0.628789,0.64657,0.644936
2022-11-09 15:00:00.000 UTC,0.670684,0.645405,0.667475,0.645405
2022-11-09 14:00:00.000 UTC,0.668337,0.648196,0.653727,0.665442
2022-11-09 13:00:00.000 UTC,0.66229,0.651823,0.657245,0.655815
2022-11-09 12:00:00.000 UTC,0.660479,0.647767,0.652722,0.657161
2022-11-09 11:00:00.000 UTC,0.652243,0.631952,0.631952,0.652243
2022-11-09 10:00:00.000 UTC,0.640327,0.62432,0.636887,0.635186
2022-11-09 09:00:00.000 UTC,0.673242,0.638384,0.673242,0.638384
2022-11-09 08:00:00.000 UTC,0.6853,0.666695,0.683445,0.672272
2022-11-09 07:00:00.000 UTC,0.698096,0.685057,0.689869,0.685057
2022-11-09 06:00:00.000 UTC,0.698737,0.686238,0.686238,0.698737
2022-11-09 05:00:00.000 UTC,0.695253,0.676986,0.68259,0.688753
2022-11-09 04:00:00.000 UTC,0.689469,0.680311,0.687154,0.68098
2022-11-09 03:00:00.000 UTC,0.68887,0.677423,0.68204,0.68887
2022-11-09 02:00:00.000 UTC,0.705388,0.690955,0.69821,0.690955
2022-11-09 01:00:00.000 UTC,0.710808,0.700667,0.704493,0.700667
2022-11-09 00:00:00.000 UTC,0.715555,0.699471,0.711813,0.705415
2022-11-08 23:00:00.000 UTC,0.718059,0.696165,0.696165,0.71043
2022-11-08 22:00:00.000 UTC,0.69968,0.689824,0.694126,0.697447
2022-11-08 21:00:00.000 UTC,0.694777,0.684155,0.694734,0.694777
2022-11-08 20:00:00.000 UTC,0.696462,0.676505,0.687952,0.691428
2022-11-08 19:00:00.000 UTC,0.728131,0.645538,0.728131,0.690097
2022-11-08 18:00:00.000 UTC,0.775675,0.726653,0.7756,0.731272
2022-11-08 17:00:00.000 UTC,0.812608,0.778744,0.812608,0.778744
2022-11-08 16:00:00.000 UTC,0.823763,0.784955,0.784955,0.816546
2022-11-08 15:00:00.000 UTC,0.787697,0.771808,0.776087,0.787697
2022-11-08 14:00:00.000 UTC,0.783111,0.769259,0.781744,0.783111
2022-11-08 13:00:00.000 UTC,0.787777,0.782065,0.784123,0.783383
2022-11-08 12:00:00.000 UTC,0.785872,0.780823,0.782607,0.78158
2022-11-08 11:00:00.000 UTC,0.788731,0.782326,0.78644,0.782326
2022-11-08 10:00:00.000 UTC,0.790085,0.784591,0.789114,0.787644
2022-11-08 09:00:00.000 UTC,0.790801,0.784489,0.784489,0.788877
2022-11-08 08:00:00.000 UTC,0.790925,0.781915,0.787884,0.784772
2022-11-08 07:00:00.000 UTC,0.792308,0.780626,0.783931,0.788929
2022-11-08 06:00:00.000 UTC,0.786192,0.765598,0.767963,0.784857
2022-11-08 05:00:00.000 UTC,0.784866,0.767734,0.784866,0.773015
2022-11-08 04:00:00.000 UTC,0.815746,0.784668,0.811138,0.788151
2022-11-08 03:00:00.000 UTC,0.837908,0.820592,0.837908,0.820592
2022-11-08 02:00:00.000 UTC,0.862534,0.846777,0.861448,0.846777
2022-11-08 01:00:00.000 UTC,0.856267,0.840087,0.840087,0.856267
2022-11-08 00:00:00.000 UTC,0.845988,0.841447,0.841752,0.841447
2022-11-07 23:00:00.000 UTC,0.842746,0.834405,0.834405,0.842558
2022-11-07 22:00:00.000 UTC,0.844723,0.826721,0.844723,0.834697
2022-11-07 21:00:00.000 UTC,0.851935,0.840702,0.851935,0.845028
2022-11-07 20:00:00.000 UTC,0.854481,0.849541,0.850195,0.852247
2022-11-07 19:00:00.000 UTC,0.85146,0.842525,0.842665,0.850785
2022-11-07 18:00:00.000 UTC,0.845249,0.841306,0.841568,0.843141
2022-11-07 17:00:00.000 UTC,0.841116,0.837729,0.837729,0.839932
2022-11-07 16:00:00.000 UTC,0.846604,0.839784,0.846604,0.839784
2022-11-07 15:00:00.000 UTC,0.84474,0.832696,0.832696,0.84474
2022-11-07 14:00:00.000 UTC,0.838371,0.830496,0.837166,0.830496
2022-11-07 13:00:00.000 UTC,0.842908,0.837256,0.841743,0.837962
2022-11-07 12:00:00.000 UTC,0.841744,0.836774,0.838713,0.838245
2022-11-07 11:00:00.000 UTC,0.842958,0.838855,0.840559,0.838855
2022-11-07 10:00:00.000 UTC,0.843246,0.833373,0.833373,0.840208
2022-11-07 09:00:00.000 UTC,0.83605,0.832489,0.832489,0.834048
2022-11-07 08:00:00.000 UTC,0.831919,0.823219,0.823219,0.830916
2022-11-07 07:00:00.000 UTC,0.84886,0.824384,0.84886,0.824384
2022-11-07 06:00:00.000 UTC,0.85553,0.849833,0.855289,0.850321
2022-11-07 05:00:00.000 UTC,0.859478,0.85317,0.853642,0.856605
2022-11-07 04:00:00.000 UTC,0.854327,0.84963,0.854327,0.851581
2022-11-07 03:00:00.000 UTC,0.857901,0.853761,0.857901,0.853761
2022-11-07 02:00:00.000 UTC,0.858151,0.854016,0.856032,0.858151
2022-11-07 01:00:00.000 UTC,0.854638,0.841973,0.845649,0.854638
2022-11-07 00:00:00.000 UTC,0.858053,0.845585,0.849169,0.845585
2022-11-06 23:00:00.000 UTC,0.866295,0.84465,0.866295,0.850393
2022-11-06 22:00:00.000 UTC,0.87424,0.863848,0.873442,0.866081
2022-11-06 21:00:00.000 UTC,0.879032,0.874267,0.877666,0.874267
2022-11-06 20:00:00.000 UTC,0.879011,0.873466,0.879011,0.876636
2022-11-06 19:00:00.000 UTC,0.883862,0.876852,0.883862,0.878377
2022-11-06 18:00:00.000 UTC,0.88766,0.881955,0.886195,0.882928
2022-11-06 17:00:00.000 UTC,0.890004,0.883927,0.890004,0.885383
2022-11-06 16:00:00.000 UTC,0.901149,0.88663,0.901149,0.891903
2022-11-06 15:00:00.000 UTC,0.906343,0.902779,0.902779,0.905443
2022-11-06 14:00:00.000 UTC,0.903639,0.896543,0.898687,0.903607
2022-11-06 13:00:00.000 UTC,0.901365,0.895563,0.895563,0.898755
2022-11-06 12:00:00.000 UTC,0.900151,0.89385,0.897049,0.89385
2022-11-06 11:00:00.000 UTC,0.905673,0.895303,0.905673,0.896487
2022-11-06 10:00:00.000 UTC,0.903324,0.899963,0.901159,0.90292
2022-11-06 09:00:00.000 UTC,0.9041,0.899668,0.902338,0.90268
2022-11-06 08:00:00.000 UTC,0.905632,0.896695,0.900624,0.905632
2022-11-06 07:00:00.000 UTC,0.9002,0.897367,0.898431,0.89965
2022-11-06 06:00:00.000 UTC,0.900304,0.896903,0.897468,0.898536
2022-11-06 05:00:00.000 UTC,0.904896,0.894665,0.903573,0.897232
2022-11-06 04:00:00.000 UTC,0.907937,0.902623,0.905272,0.903839
2022-11-06 03:00:00.000 UTC,0.903869,0.894721,0.894721,0.903869
2022-11-06 02:00:00.000 UTC,0.904085,0.893367,0.89502,0.895147
2022-11-06 01:00:00.000 UTC,0.912515,0.895411,0.909144,0.895411
2022-11-06 00:00:00.000 UTC,0.916564,0.899079,0.912476,0.908998
2022-11-05 23:00:00.000 UTC,0.920827,0.902932,0.920827,0.911247
2022-11-05 22:00:00.000 UTC,0.9214,0.914381,0.915693,0.9214
2022-11-05 21:00:00.000 UTC,0.915973,0.910706,0.915973,0.914971
2022-11-05 20:00:00.000 UTC,0.916149,0.912105,0.912105,0.916149
2022-11-05 19:00:00.000 UTC,0.912925,0.908909,0.909612,0.911505
2022-11-05 18:00:00.000 UTC,0.924714,0.909472,0.924086,0.909625
2022-11-05 17:00:00.000 UTC,0.924551,0.919681,0.924551,0.923342
2022-11-05 16:00:00.000 UTC,0.93361,0.921246,0.931197,0.924268
2022-11-05 15:00:00.000 UTC,0.933916,0.919368,0.919368,0.928367
2022-11-05 14:00:00.000 UTC,0.928652,0.91697,0.924367,0.919176
2022-11-05 13:00:00.000 UTC,0.92675,0.917522,0.921317,0.92675
2022-11-05 12:00:00.000 UTC,0.925179,0.917942,0.925179,0.922896
2022-11-05 11:00:00.000 UTC,0.931455,0.924135,0.925514,0.927258
2022-11-05 10:00:00.000 UTC,0.924509,0.909591,0.909591,0.924509
2022-11-05 09:00:00.000 UTC,0.913926,0.903846,0.913926,0.909401
2022-11-05 08:00:00.000 UTC,0.931277,0.909101,0.931277,0.913897
2022-11-05 07:00:00.000 UTC,0.936984,0.928593,0.936657,0.928593
2022-11-05 06:00:00.000 UTC,0.934915,0.927492,0.928698,0.933757
2022-11-05 05:00:00.000 UTC,0.933199,0.926304,0.926304,0.927481
2022-11-05 04:00:00.000 UTC,0.94486,0.936055,0.940585,0.936055
2022-11-05 03:00:00.000 UTC,0.958118,0.938263,0.958118,0.94023
2022-11-05 02:00:00.000 UTC,0.953951,0.944956,0.946805,0.953951
2022-11-05 01:00:00.000 UTC,0.972276,0.938686,0.959039,0.943028
2022-11-05 00:00:00.000 UTC,0.961288,0.885548,0.885548,0.961288
2022-11-04 23:00:00.000 UTC,0.888565,0.875613,0.879227,0.888565
2022-11-04 22:00:00.000 UTC,0.88271,0.87509,0.879718,0.881818
2022-11-04 21:00:00.000 UTC,0.879323,0.873172,0.875723,0.879323
2022-11-04 20:00:00.000 UTC,0.875022,0.87044,0.870843,0.875022
2022-11-04 19:00:00.000 UTC,0.871168,0.863712,0.863712,0.871168
2022-11-04 18:00:00.000 UTC,0.865783,0.85673,0.860377,0.865039
2022-11-04 17:00:00.000 UTC,0.861272,0.855421,0.859015,0.860726
2022-11-04 16:00:00.000 UTC,0.865351,0.85602,0.862698,0.85602
2022-11-04 15:00:00.000 UTC,0.877281,0.863632,0.877281,0.863632
2022-11-04 14:00:00.000 UTC,0.876431,0.856394,0.856394,0.876206
2022-11-04 13:00:00.000 UTC,0.862768,0.853766,0.861793,0.8539
2022-11-04 12:00:00.000 UTC,0.860318,0.844745,0.848636,0.856948
2022-11-04 11:00:00.000 UTC,0.857899,0.848083,0.854727,0.851075
2022-11-04 10:00:00.000 UTC,0.853675,0.846291,0.848641,0.853675
2022-11-04 09:00:00.000 UTC,0.853561,0.844688,0.851348,0.848635
2022-11-04 08:00:00.000 UTC,0.85873,0.853655,0.853859,0.854388
2022-11-04 07:00:00.000 UTC,0.853995,0.848157,0.850346,0.853276
2022-11-04 06:00:00.000 UTC,0.861219,0.849206,0.849206,0.852546
2022-11-04 05:00:00.000 UTC,0.851184,0.845575,0.849393,0.847851
2022-11-04 04:00:00.000 UTC,0.852453,0.842012,0.846923,0.849271
2022-11-04 03:00:00.000 UTC,0.853299,0.825171,0.825171,0.84753
2022-11-04 02:00:00.000 UTC,0.827352,0.819993,0.819993,0.823893
2022-11-04 01:00:00.000 UTC,0.821989,0.815373,0.816629,0.821165
2022-11-04 00:00:00.000 UTC,0.817503,0.809342,0.810225,0.816534
2022-11-03 23:00:00.000 UTC,0.811171,0.805483,0.809798,0.810997
2022-11-03 22:00:00.000 UTC,0.824141,0.810662,0.824141,0.812802
2022-11-03 21:00:00.000 UTC,0.824521,0.821648,0.821648,0.823101
2022-11-03 20:00:00.000 UTC,0.825852,0.823011,0.823934,0.823011
2022-11-03 19:00:00.000 UTC,0.828177,0.82317,0.823777,0.82317
2022-11-03 18:00:00.000 UTC,0.823971,0.821099,0.823471,0.823686
2022-11-03 17:00:00.000 UTC,0.829866,0.823443,0.829866,0.824573
2022-11-03 16:00:00.000 UTC,0.829825,0.825145,0.825145,0.829825
2022-11-03 15:00:00.000 UTC,0.83163,0.825279,0.83163,0.825279
2022-11-03 14:00:00.000 UTC,0.834117,0.813783,0.813783,0.834117
2022-11-03 13:00:00.000 UTC,0.822625,0.816209,0.818697,0.816209
2022-11-03 12:00:00.000 UTC,0.822962,0.814588,0.817515,0.817021
2022-11-03 11:00:00.000 UTC,0.829097,0.814108,0.827761,0.820038
2022-11-03 10:00:00.000 UTC,0.83884,0.829576,0.834704,0.829576
2022-11-03 09:00:00.000 UTC,0.839187,0.834212,0.834997,0.834212
2022-11-03 08:00:00.000 UTC,0.836877,0.83266,0.833488,0.833867
2022-11-03 07:00:00.000 UTC,0.844595,0.833021,0.84081,0.833021
2022-11-03 06:00:00.000 UTC,0.84428,0.836879,0.84332,0.839999
2022-11-03 05:00:00.000 UTC,0.837518,0.829143,0.829143,0.837518
2022-11-03 04:00:00.000 UTC,0.839872,0.830918,0.834889,0.830918
2022-11-03 03:00:00.000 UTC,0.83916,0.831366,0.831366,0.836744
2022-11-03 02:00:00.000 UTC,0.835638,0.825594,0.827295,0.83375
2022-11-03 01:00:00.000 UTC,0.826718,0.821379,0.822028,0.826718
2022-11-03 00:00:00.000 UTC,0.823144,0.808901,0.811219,0.823144
2022-11-02 23:00:00.000 UTC,0.81203,0.805821,0.80596,0.810898
2022-11-02 22:00:00.000 UTC,0.811729,0.803253,0.811729,0.803253
2022-11-02 21:00:00.000 UTC,0.809645,0.802584,0.802584,0.809645
2022-11-02 20:00:00.000 UTC,0.812508,0.794552,0.811352,0.8038
2022-11-02 19:00:00.000 UTC,0.831973,0.811711,0.822154,0.811912
2022-11-02 18:00:00.000 UTC,0.84124,0.814828,0.814828,0.819328
2022-11-02 17:00:00.000 UTC,0.82251,0.813736,0.82251,0.813736
2022-11-02 16:00:00.000 UTC,0.823127,0.813093,0.820434,0.823127
2022-11-02 15:00:00.000 UTC,0.820971,0.818135,0.820971,0.820238
2022-11-02 14:00:00.000 UTC,0.822887,0.817572,0.819335,0.821249
2022-11-02 13:00:00.000 UTC,0.81962,0.815353,0.815353,0.81962
2022-11-02 12:00:00.000 UTC,0.81718,0.813274,0.816235,0.815679
2022-11-02 11:00:00.000 UTC,0.818572,0.815564,0.817171,0.816046
2022-11-02 10:00:00.000 UTC,0.816371,0.810043,0.815265,0.816279
2022-11-02 09:00:00.000 UTC,0.832141,0.817176,0.832141,0.817176
2022-11-02 08:00:00.000 UTC,0.829704,0.824209,0.82812,0.829704
2022-11-02 07:00:00.000 UTC,0.834528,0.824003,0.833649,0.827766
2022-11-02 06:00:00.000 UTC,0.840739,0.833323,0.840071,0.833323
2022-11-02 05:00:00.000 UTC,0.849602,0.839116,0.847881,0.839116
2022-11-02 04:00:00.000 UTC,0.85459,0.845248,0.85459,0.847693
2022-11-02 03:00:00.000 UTC,0.856926,0.851499,0.851721,0.855409
2022-11-02 02:00:00.000 UTC,0.855663,0.846683,0.855663,0.851359
2022-11-02 01:00:00.000 UTC,0.859353,0.856312,0.856312,0.858529
2022-11-02 00:00:00.000 UTC,0.861437,0.849501,0.858603,0.854794
2022-11-01 23:00:00.000 UTC,0.866275,0.861142,0.864861,0.861142
2022-11-01 22:00:00.000 UTC,0.869416,0.859816,0.866136,0.863428
2022-11-01 21:00:00.000 UTC,0.87063,0.868224,0.87063,0.869675
2022-11-01 20:00:00.000 UTC,0.871058,0.867302,0.87097,0.871058
2022-11-01 19:00:00.000 UTC,0.874248,0.868456,0.872837,0.868456
2022-11-01 18:00:00.000 UTC,0.872759,0.870143,0.871158,0.871498
2022-11-01 17:00:00.000 UTC,0.872327,0.866508,0.867699,0.870858
2022-11-01 16:00:00.000 UTC,0.873619,0.862241,0.872896,0.86854
2022-11-01 15:00:00.000 UTC,0.873958,0.866365,0.866365,0.871195
2022-11-01 14:00:00.000 UTC,0.875561,0.869155,0.875561,0.869342
2022-11-01 13:00:00.000 UTC,0.8913,0.87256,0.8913,0.872848
2022-11-01 12:00:00.000 UTC,0.889293,0.879754,0.888279,0.889293
2022-11-01 11:00:00.000 UTC,0.899709,0.885232,0.899709,0.88874
2022-11-01 10:00:00.000 UTC,0.905033,0.891431,0.895841,0.895407
2022-11-01 09:00:00.000 UTC,0.896537,0.88245,0.88245,0.893625
2022-11-01 08:00:00.000 UTC,0.886742,0.881717,0.881717,0.88268
2022-11-01 07:00:00.000 UTC,0.89207,0.882158,0.891391,0.882158
2022-11-01 06:00:00.000 UTC,0.893309,0.886035,0.887422,0.891872
2022-11-01 05:00:00.000 UTC,0.887859,0.882451,0.883366,0.887859
2022-11-01 04:00:00.000 UTC,0.897778,0.878686,0.893273,0.882027
2022-11-01 03:00:00.000 UTC,0.899709,0.892449,0.893315,0.895207
2022-11-01 02:00:00.000 UTC,0.900803,0.889581,0.90024,0.893779
2022-11-01 01:00:00.000 UTC,0.907024,0.896953,0.907024,0.90038
2022-11-01 00:00:00.000 UTC,0.902768,0.869904,0.869904,0.902768
2022-10-31 23:00:00.000 UTC,0.880228,0.874585,0.879212,0.874791
2022-10-31 22:00:00.000 UTC,0.881573,0.870458,0.872641,0.88002
2022-10-31 21:00:00.000 UTC,0.88862,0.873167,0.882886,0.873167
2022-10-31 20:00:00.000 UTC,0.89095,0.878022,0.878022,0.89095
2022-10-31 19:00:00.000 UTC,0.880119,0.870722,0.879574,0.87828
2022-10-31 18:00:00.000 UTC,0.88336,0.876044,0.879416,0.877523
2022-10-31 17:00:00.000 UTC,0.890101,0.876046,0.883018,0.879369
2022-10-31 16:00:00.000 UTC,0.875571,0.860859,0.861855,0.874055
2022-10-31 15:00:00.000 UTC,0.868089,0.859435,0.861403,0.86668
2022-10-31 14:00:00.000 UTC,0.863789,0.855953,0.859731,0.861968
2022-10-31 13:00:00.000 UTC,0.884184,0.867818,0.880692,0.867818
2022-10-31 12:00:00.000 UTC,0.888838,0.87735,0.888838,0.881133
2022-10-31 11:00:00.000 UTC,0.894728,0.88106,0.891098,0.888979
2022-10-31 10:00:00.000 UTC,0.892885,0.880462,0.887719,0.892031
2022-10-31 09:00:00.000 UTC,0.885519,0.866199,0.866199,0.885519
2022-10-31 08:00:00.000 UTC,0.870285,0.856196,0.870285,0.866849
2022-10-31 07:00:00.000 UTC,0.875462,0.86645,0.871949,0.869535
2022-10-31 06:00:00.000 UTC,0.882037,0.860214,0.882037,0.872388
2022-10-31 05:00:00.000 UTC,0.893205,0.878724,0.893205,0.878724
2022-10-31 04:00:00.000 UTC,0.904209,0.893223,0.904209,0.894182
2022-10-31 03:00:00.000 UTC,0.89578,0.867215,0.867557,0.89578
2022-10-31 02:00:00.000 UTC,0.877414,0.858802,0.877414,0.866818
2022-10-31 01:00:00.000 UTC,0.874227,0.847257,0.847257,0.869828
2022-10-31 00:00:00.000 UTC,0.873903,0.853171,0.860657,0.854028
2022-10-30 23:00:00.000 UTC,0.864716,0.852443,0.852443,0.86154
2022-10-30 22:00:00.000 UTC,0.869076,0.844161,0.869076,0.850322
2022-10-30 21:00:00.000 UTC,0.874316,0.864699,0.867673,0.864699
2022-10-30 20:00:00.000 UTC,0.875834,0.867644,0.872033,0.873102
2022-10-30 19:00:00.000 UTC,0.876144,0.868532,0.873282,0.868532
2022-10-30 18:00:00.000 UTC,0.875397,0.864089,0.869404,0.874065
2022-10-30 17:00:00.000 UTC,0.869522,0.859338,0.859338,0.86815
2022-10-30 16:00:00.000 UTC,0.870255,0.858813,0.860965,0.867932
2022-10-30 15:00:00.000 UTC,0.883929,0.856734,0.874026,0.857431
2022-10-30 14:00:00.000 UTC,0.899002,0.868802,0.897343,0.876779
2022-10-30 13:00:00.000 UTC,0.920804,0.898553,0.906917,0.899856
2022-10-30 12:00:00.000 UTC,0.905993,0.887227,0.905993,0.903144
2022-10-30 11:00:00.000 UTC,0.923028,0.895852,0.914886,0.901748
2022-10-30 10:00:00.000 UTC,0.922708,0.896715,0.897654,0.909236
2022-10-30 09:00:00.000 UTC,0.934975,0.886806,0.886806,0.887427
2022-10-30 08:00:00.000 UTC,0.926876,0.878207,0.891513,0.882962
2022-10-30 07:00:00.000 UTC,0.889365,0.817913,0.819882,0.889365
2022-10-30 06:00:00.000 UTC,0.82053,0.811667,0.816142,0.81901
2022-10-30 05:00:00.000 UTC,0.82251,0.809468,0.809941,0.818816
2022-10-30 04:00:00.000 UTC,0.814637,0.807687,0.813589,0.810454
2022-10-30 03:00:00.000 UTC,0.814055,0.810066,0.810504,0.81303
2022-10-30 02:00:00.000 UTC,0.811239,0.806699,0.811077,0.809112
2022-10-30 01:00:00.000 UTC,0.810296,0.803892,0.805821,0.808854
2022-10-30 00:00:00.000 UTC,0.810993,0.805259,0.808646,0.805259
2022-10-29 23:00:00.000 UTC,0.808965,0.802134,0.802711,0.808965
2022-10-29 22:00:00.000 UTC,0.814977,0.79938,0.814258,0.79938
2022-10-29 21:00:00.000 UTC,0.817063,0.813713,0.814626,0.81561
2022-10-29 20:00:00.000 UTC,0.815768,0.809759,0.811324,0.814154
2022-10-29 19:00:00.000 UTC,0.813433,0.806323,0.813433,0.809788
2022-10-29 18:00:00.000 UTC,0.81752,0.807973,0.812923,0.815921
2022-10-29 17:00:00.000 UTC,0.828315,0.818539,0.819458,0.819269
2022-10-29 16:00:00.000 UTC,0.819592,0.808058,0.808058,0.819523
2022-10-29 15:00:00.000 UTC,0.809361,0.804214,0.805233,0.808237
2022-10-29 14:00:00.000 UTC,0.808411,0.80395,0.804734,0.805786
2022-10-29 13:00:00.000 UTC,0.811176,0.800485,0.811176,0.802914
2022-10-29 12:00:00.000 UTC,0.810013,0.805373,0.805373,0.810013
2022-10-29 11:00:00.000 UTC,0.811795,0.802401,0.811786,0.804344
2022-10-29 10:00:00.000 UTC,0.822644,0.808317,0.822335,0.811172
2022-10-29 09:00:00.000 UTC,0.824651,0.819746,0.822758,0.819764
2022-10-29 08:00:00.000 UTC,0.824948,0.814704,0.814704,0.821873
2022-10-29 07:00:00.000 UTC,0.815278,0.810476,0.811708,0.814524
2022-10-29 06:00:00.000 UTC,0.812965,0.811854,0.812152,0.812945
2022-10-29 05:00:00.000 UTC,0.812562,0.81001,0.811656,0.812233
2022-10-29 04:00:00.000 UTC,0.815326,0.808277,0.815271,0.811017
2022-10-29 03:00:00.000 UTC,0.815019,0.808303,0.808981,0.814387
2022-10-29 02:00:00.000 UTC,0.812363,0.805083,0.810449,0.808626
2022-10-29 01:00:00.000 UTC,0.81503,0.810376,0.815018,0.810376
2022-10-29 00:00:00.000 UTC,0.822867,0.795812,0.79755,0.814913
2022-10-28 23:00:00.000 UTC,0.800824,0.795315,0.798623,0.799592
2022-10-28 22:00:00.000 UTC,0.799936,0.796716,0.796716,0.799936
2022-10-28 21:00:00.000 UTC,0.80179,0.796806,0.79997,0.796806
2022-10-28 20:00:00.000 UTC,0.803284,0.800051,0.800051,0.80036
2022-10-28 19:00:00.000 UTC,0.801999,0.796701,0.797165,0.801999
2022-10-28 18:00:00.000 UTC,0.79994,0.795004,0.79994,0.795004
2022-10-28 17:00:00.000 UTC,0.800873,0.797127,0.798961,0.800098
2022-10-28 16:00:00.000 UTC,0.797677,0.786408,0.786408,0.797677
2022-10-28 15:00:00.000 UTC,0.787517,0.783694,0.787517,0.78699
2022-10-28 14:00:00.000 UTC,0.78904,0.775445,0.776888,0.787148
2022-10-28 13:00:00.000 UTC,0.779623,0.773521,0.773521,0.777667
2022-10-28 12:00:00.000 UTC,0.772997,0.76574,0.769129,0.771463
2022-10-28 11:00:00.000 UTC,0.772349,0.765835,0.771068,0.77062
2022-10-28 10:00:00.000 UTC,0.774635,0.768489,0.772656,0.768489
2022-10-28 09:00:00.000 UTC,0.773386,0.768721,0.769571,0.772257
2022-10-28 08:00:00.000 UTC,0.769515,0.764804,0.766202,0.769374
2022-10-28 07:00:00.000 UTC,0.773324,0.764127,0.771868,0.764127
2022-10-28 06:00:00.000 UTC,0.774064,0.772668,0.77391,0.773256
2022-10-28 05:00:00.000 UTC,0.774911,0.770302,0.774911,0.773042
2022-10-28 04:00:00.000 UTC,0.776289,0.773606,0.773606,0.775326
2022-10-28 03:00:00.000 UTC,0.772251,0.769473,0.769473,0.772034
2022-10-28 02:00:00.000 UTC,0.778517,0.768232,0.778517,0.768895
2022-10-28 01:00:00.000 UTC,0.778888,0.772714,0.773193,0.77805
2022-10-28 00:00:00.000 UTC,0.775218,0.7681,0.771423,0.773825
2022-10-27 23:00:00.000 UTC,0.774643,0.770435,0.773324,0.773421
2022-10-27 22:00:00.000 UTC,0.777308,0.770875,0.774461,0.775443
2022-10-27 21:00:00.000 UTC,0.777959,0.771698,0.777959,0.773225
2022-10-27 20:00:00.000 UTC,0.791399,0.769792,0.791399,0.779495
2022-10-27 19:00:00.000 UTC,0.793239,0.785762,0.785762,0.791815
2022-10-27 18:00:00.000 UTC,0.786613,0.782477,0.784597,0.786571
2022-10-27 17:00:00.000 UTC,0.784805,0.7806,0.781526,0.784805
2022-10-27 16:00:00.000 UTC,0.783623,0.779183,0.779265,0.782343
2022-10-27 15:00:00.000 UTC,0.787978,0.781439,0.785479,0.781439
2022-10-27 14:00:00.000 UTC,0.789623,0.77961,0.77961,0.787459
2022-10-27 13:00:00.000 UTC,0.795533,0.781055,0.794008,0.781055
2022-10-27 12:00:00.000 UTC,0.791757,0.784041,0.789361,0.791061
2022-10-27 11:00:00.000 UTC,0.79219,0.785413,0.788232,0.785413
2022-10-27 10:00:00.000 UTC,0.792414,0.787335,0.791937,0.790242
2022-10-27 09:00:00.000 UTC,0.799606,0.789732,0.799606,0.793613
2022-10-27 08:00:00.000 UTC,0.803176,0.797959,0.802522,0.797994
2022-10-27 07:00:00.000 UTC,0.811533,0.795113,0.811464,0.801448
2022-10-27 06:00:00.000 UTC,0.814009,0.795784,0.795784,0.813033
2022-10-27 05:00:00.000 UTC,0.796101,0.788515,0.788977,0.795353
2022-10-27 04:00:00.000 UTC,0.789175,0.785503,0.7859,0.789175
2022-10-27 03:00:00.000 UTC,0.784142,0.775129,0.775129,0.784142
2022-10-27 02:00:00.000 UTC,0.788515,0.776264,0.784937,0.777859
2022-10-27 01:00:00.000 UTC,0.790158,0.783228,0.787244,0.785356
2022-10-27 00:00:00.000 UTC,0.788881,0.778297,0.778297,0.784956
2022-10-26 23:00:00.000 UTC,0.7822,0.77902,0.780279,0.77902
2022-10-26 22:00:00.000 UTC,0.782361,0.778447,0.781518,0.778447
2022-10-26 21:00:00.000 UTC,0.782291,0.779813,0.781187,0.782231
2022-10-26 20:00:00.000 UTC,0.781157,0.776847,0.778459,0.781157
2022-10-26 19:00:00.000 UTC,0.778318,0.775199,0.77606,0.777677
2022-10-26 18:00:00.000 UTC,0.781159,0.776101,0.780377,0.776101
2022-10-26 17:00:00.000 UTC,0.780224,0.775927,0.777356,0.780224
2022-10-26 16:00:00.000 UTC,0.781928,0.775767,0.781278,0.776268
2022-10-26 15:00:00.000 UTC,0.784716,0.774077,0.774515,0.778955
2022-10-26 14:00:00.000 UTC,0.779587,0.770326,0.770326,0.774909
2022-10-26 13:00:00.000 UTC,0.773345,0.765097,0.76991,0.773345
2022-10-26 12:00:00.000 UTC,0.774498,0.766625,0.774498,0.769101
2022-10-26 11:00:00.000 UTC,0.778816,0.774694,0.777416,0.774694
2022-10-26 10:00:00.000 UTC,0.778133,0.772347,0.775478,0.77714
2022-10-26 09:00:00.000 UTC,0.777701,0.774503,0.775602,0.77522
2022-10-26 08:00:00.000 UTC,0.779747,0.769268,0.772557,0.776058
2022-10-26 07:00:00.000 UTC,0.777389,0.772165,0.773052,0.772449
2022-10-26 06:00:00.000 UTC,0.773718,0.76808,0.76808,0.772472
2022-10-26 05:00:00.000 UTC,0.770705,0.766729,0.769748,0.767707
2022-10-26 04:00:00.000 UTC,0.771561,0.765793,0.765793,0.77097
2022-10-26 03:00:00.000 UTC,0.7673,0.762892,0.76362,0.765794
2022-10-26 02:00:00.000 UTC,0.763426,0.759976,0.760975,0.763158
2022-10-26 01:00:00.000 UTC,0.763567,0.756776,0.760151,0.763567
2022-10-26 00:00:00.000 UTC,0.763448,0.757546,0.761936,0.758371
2022-10-25 23:00:00.000 UTC,0.764374,0.760407,0.763963,0.763615
2022-10-25 22:00:00.000 UTC,0.770901,0.762732,0.770901,0.763771
2022-10-25 21:00:00.000 UTC,0.769105,0.766902,0.768174,0.769105
2022-10-25 20:00:00.000 UTC,0.773197,0.76552,0.773197,0.768588
2022-10-25 19:00:00.000 UTC,0.774403,0.769652,0.77317,0.774255
2022-10-25 18:00:00.000 UTC,0.776334,0.77059,0.775091,0.77177
2022-10-25 17:00:00.000 UTC,0.774703,0.767303,0.768323,0.774703
2022-10-25 16:00:00.000 UTC,0.764586,0.75818,0.75818,0.764042
2022-10-25 15:00:00.000 UTC,0.761006,0.754048,0.754048,0.761006
2022-10-25 14:00:00.000 UTC,0.755883,0.752194,0.75406,0.754355
2022-10-25 13:00:00.000 UTC,0.753907,0.743773,0.743773,0.753907
2022-10-25 12:00:00.000 UTC,0.743993,0.741367,0.743431,0.743993
2022-10-25 11:00:00.000 UTC,0.743713,0.740279,0.74102,0.74325
2022-10-25 10:00:00.000 UTC,0.74169,0.738936,0.74077,0.740696
2022-10-25 09:00:00.000 UTC,0.742358,0.739217,0.74136,0.740782
2022-10-25 08:00:00.000 UTC,0.747034,0.742589,0.746234,0.743565
2022-10-25 07:00:00.000 UTC,0.746906,0.744759,0.74621,0.746307
2022-10-25 06:00:00.000 UTC,0.748143,0.745732,0.7476,0.745732
2022-10-25 05:00:00.000 UTC,0.749117,0.746442,0.749117,0.747322
2022-10-25 04:00:00.000 UTC,0.750829,0.747965,0.750544,0.748939
2022-10-25 03:00:00.000 UTC,0.746654,0.740299,0.740714,0.746654
2022-10-25 02:00:00.000 UTC,0.741213,0.739193,0.739524,0.740603
2022-10-25 01:00:00.000 UTC,0.739966,0.735556,0.739025,0.739966
2022-10-25 00:00:00.000 UTC,0.742323,0.7327,0.734493,0.739271
2022-10-24 23:00:00.000 UTC,0.735977,0.732448,0.73595,0.733978
2022-10-24 22:00:00.000 UTC,0.736092,0.733317,0.736092,0.735109
2022-10-24 21:00:00.000 UTC,0.738198,0.735916,0.738166,0.736671
2022-10-24 20:00:00.000 UTC,0.739847,0.73767,0.73901,0.737965
2022-10-24 19:00:00.000 UTC,0.741077,0.737204,0.737204,0.738901
2022-10-24 18:00:00.000 UTC,0.738633,0.735607,0.735607,0.737705
2022-10-24 17:00:00.000 UTC,0.737374,0.734781,0.737374,0.736695
2022-10-24 16:00:00.000 UTC,0.739397,0.736201,0.738896,0.737151
2022-10-24 15:00:00.000 UTC,0.737972,0.735724,0.737778,0.737688
2022-10-24 14:00:00.000 UTC,0.741006,0.730988,0.741006,0.736952
2022-10-24 13:00:00.000 UTC,0.743482,0.738683,0.743482,0.741512
2022-10-24 12:00:00.000 UTC,0.746955,0.742463,0.746832,0.744156
2022-10-24 11:00:00.000 UTC,0.746842,0.744681,0.746653,0.746231
2022-10-24 10:00:00.000 UTC,0.748474,0.744834,0.744834,0.746014
2022-10-24 09:00:00.000 UTC,0.744669,0.739532,0.740733,0.744669
2022-10-24 08:00:00.000 UTC,0.741556,0.739481,0.741556,0.74073
2022-10-24 07:00:00.000 UTC,0.74507,0.738599,0.743009,0.741831
2022-10-24 06:00:00.000 UTC,0.747333,0.743003,0.743057,0.743636
2022-10-24 05:00:00.000 UTC,0.746639,0.743048,0.746585,0.743048
2022-10-24 04:00:00.000 UTC,0.747006,0.743849,0.746072,0.746969
2022-10-24 03:00:00.000 UTC,0.749348,0.744888,0.748143,0.746469
2022-10-24 02:00:00.000 UTC,0.752355,0.74797,0.752355,0.74827
2022-10-24 01:00:00.000 UTC,0.758844,0.752495,0.758725,0.752495
2022-10-24 00:00:00.000 UTC,0.764457,0.758012,0.761501,0.758012
2022-10-23 23:00:00.000 UTC,0.763664,0.760579,0.760666,0.761546
2022-10-23 22:00:00.000 UTC,0.76204,0.751624,0.751624,0.76115
2022-10-23 21:00:00.000 UTC,0.752416,0.748359,0.748359,0.751348
2022-10-23 20:00:00.000 UTC,0.754019,0.747738,0.751858,0.748049
2022-10-23 19:00:00.000 UTC,0.752042,0.747157,0.748557,0.751812
2022-10-23 18:00:00.000 UTC,0.749911,0.743377,0.743377,0.747868
2022-10-23 17:00:00.000 UTC,0.74371,0.737287,0.738048,0.74371
2022-10-23 16:00:00.000 UTC,0.739092,0.73583,0.738201,0.739092
2022-10-23 15:00:00.000 UTC,0.738955,0.736098,0.736567,0.738008
2022-10-23 14:00:00.000 UTC,0.739316,0.736777,0.738317,0.736777
2022-10-23 13:00:00.000 UTC,0.738647,0.736852,0.737693,0.737887
2022-10-23 12:00:00.000 UTC,0.736549,0.731785,0.731828,0.736549
2022-10-23 11:00:00.000 UTC,0.739457,0.731027,0.739457,0.732334
2022-10-23 10:00:00.000 UTC,0.744154,0.739907,0.743235,0.740411
2022-10-23 09:00:00.000 UTC,0.747214,0.743522,0.746333,0.743522
2022-10-23 08:00:00.000 UTC,0.745002,0.743449,0.743841,0.74478
2022-10-23 07:00:00.000 UTC,0.746824,0.743916,0.746824,0.744069
2022-10-23 06:00:00.000 UTC,0.747004,0.743481,0.745052,0.745898
2022-10-23 05:00:00.000 UTC,0.74626,0.744641,0.745462,0.744918
2022-10-23 04:00:00.000 UTC,0.749001,0.745635,0.747255,0.745635
2022-10-23 03:00:00.000 UTC,0.750516,0.7478,0.750516,0.748885
2022-10-23 02:00:00.000 UTC,0.752828,0.742758,0.742758,0.750133
2022-10-23 01:00:00.000 UTC,0.744541,0.740553,0.744541,0.742237
2022-10-23 00:00:00.000 UTC,0.745335,0.743103,0.744764,0.745335
2022-10-22 23:00:00.000 UTC,0.744609,0.742927,0.743802,0.744484
2022-10-22 22:00:00.000 UTC,0.743945,0.742231,0.742904,0.743019
2022-10-22 21:00:00.000 UTC,0.745487,0.742348,0.744239,0.744034
2022-10-22 20:00:00.000 UTC,0.743392,0.740189,0.740392,0.743392
2022-10-22 19:00:00.000 UTC,0.740615,0.737071,0.738855,0.739266
2022-10-22 18:00:00.000 UTC,0.738523,0.736174,0.737995,0.738357
2022-10-22 17:00:00.000 UTC,0.740333,0.737755,0.739562,0.738161
2022-10-22 16:00:00.000 UTC,0.74091,0.738654,0.739947,0.739532
2022-10-22 15:00:00.000 UTC,0.743149,0.738577,0.741703,0.739119
2022-10-22 14:00:00.000 UTC,0.74303,0.741121,0.741828,0.741368
2022-10-22 13:00:00.000 UTC,0.746046,0.739962,0.739962,0.742109
2022-10-22 12:00:00.000 UTC,0.740354,0.736767,0.740354,0.739845
2022-10-22 11:00:00.000 UTC,0.740652,0.738715,0.738715,0.740028
2022-10-22 10:00:00.000 UTC,0.739376,0.736194,0.736194,0.738519
2022-10-22 09:00:00.000 UTC,0.737993,0.735931,0.736507,0.736668
2022-10-22 08:00:00.000 UTC,0.738845,0.735966,0.735966,0.737313
2022-10-22 07:00:00.000 UTC,0.736321,0.733989,0.735782,0.736153
2022-10-22 06:00:00.000 UTC,0.736464,0.733935,0.733935,0.735675
2022-10-22 05:00:00.000 UTC,0.734416,0.730743,0.732327,0.733118
2022-10-22 04:00:00.000 UTC,0.734969,0.733011,0.734969,0.733011
2022-10-22 03:00:00.000 UTC,0.734839,0.731841,0.731841,0.734839
2022-10-22 02:00:00.000 UTC,0.739711,0.733353,0.737006,0.733353
2022-10-22 01:00:00.000 UTC,0.744095,0.73795,0.744095,0.738818
2022-10-22 00:00:00.000 UTC,0.745882,0.740982,0.742867,0.744307
2022-10-21 23:00:00.000 UTC,0.745876,0.741948,0.745876,0.742621
2022-10-21 22:00:00.000 UTC,0.74536,0.742087,0.742087,0.74536
2022-10-21 21:00:00.000 UTC,0.743181,0.739755,0.743181,0.741497
2022-10-21 20:00:00.000 UTC,0.743669,0.739416,0.739416,0.742944
2022-10-21 19:00:00.000 UTC,0.741543,0.738353,0.739171,0.740464
2022-10-21 18:00:00.000 UTC,0.737981,0.734026,0.735142,0.735326
2022-10-21 17:00:00.000 UTC,0.738631,0.732565,0.732565,0.738227
2022-10-21 16:00:00.000 UTC,0.734725,0.728004,0.729761,0.734725
2022-10-21 15:00:00.000 UTC,0.72626,0.720329,0.721056,0.725949
2022-10-21 14:00:00.000 UTC,0.724751,0.719249,0.722996,0.722588
2022-10-21 13:00:00.000 UTC,0.723426,0.716946,0.716946,0.720695
2022-10-21 12:00:00.000 UTC,0.716752,0.703527,0.709811,0.71662
2022-10-21 11:00:00.000 UTC,0.713252,0.709855,0.71278,0.71047
2022-10-21 10:00:00.000 UTC,0.712166,0.709654,0.711829,0.712166
2022-10-21 09:00:00.000 UTC,0.711513,0.70604,0.7078,0.711513
2022-10-21 08:00:00.000 UTC,0.717256,0.705401,0.717256,0.709105
2022-10-21 07:00:00.000 UTC,0.721685,0.71725,0.718585,0.718137
2022-10-21 06:00:00.000 UTC,0.723362,0.71861,0.721639,0.719465
2022-10-21 05:00:00.000 UTC,0.723623,0.721194,0.722943,0.722243
2022-10-21 04:00:00.000 UTC,0.724929,0.722307,0.723885,0.722307
2022-10-21 03:00:00.000 UTC,0.726574,0.724047,0.724612,0.724143
2022-10-21 02:00:00.000 UTC,0.723767,0.720362,0.721048,0.72351
2022-10-21 01:00:00.000 UTC,0.721632,0.717132,0.720802,0.721088
2022-10-21 00:00:00.000 UTC,0.724403,0.715617,0.724403,0.721306
2022-10-20 23:00:00.000 UTC,0.726169,0.721225,0.724845,0.724674
2022-10-20 22:00:00.000 UTC,0.727848,0.722703,0.727584,0.724127
2022-10-20 21:00:00.000 UTC,0.728059,0.722207,0.724072,0.728059
2022-10-20 20:00:00.000 UTC,0.729379,0.722991,0.729379,0.725238
2022-10-20 19:00:00.000 UTC,0.728907,0.72705,0.727699,0.728907
2022-10-20 18:00:00.000 UTC,0.733766,0.722262,0.733766,0.725757
2022-10-20 17:00:00.000 UTC,0.740638,0.73553,0.740638,0.73553
2022-10-20 16:00:00.000 UTC,0.747481,0.740156,0.747481,0.740156
2022-10-20 15:00:00.000 UTC,0.75009,0.747471,0.749694,0.748339
2022-10-20 14:00:00.000 UTC,0.749694,0.74517,0.74565,0.748521
2022-10-20 13:00:00.000 UTC,0.746802,0.740227,0.741371,0.746802
2022-10-20 12:00:00.000 UTC,0.746026,0.740424,0.744882,0.741793
2022-10-20 11:00:00.000 UTC,0.744876,0.743023,0.74469,0.743897
2022-10-20 10:00:00.000 UTC,0.744614,0.739706,0.742567,0.744614
2022-10-20 09:00:00.000 UTC,0.742496,0.738758,0.739158,0.742496
2022-10-20 08:00:00.000 UTC,0.741905,0.740356,0.741905,0.7409
2022-10-20 07:00:00.000 UTC,0.742257,0.741087,0.741823,0.742257
2022-10-20 06:00:00.000 UTC,0.742595,0.740184,0.742595,0.741574
2022-10-20 05:00:00.000 UTC,0.742372,0.739355,0.739441,0.742372
2022-10-20 04:00:00.000 UTC,0.740049,0.73194,0.733065,0.740049
2022-10-20 03:00:00.000 UTC,0.733245,0.73112,0.733245,0.733086
2022-10-20 02:00:00.000 UTC,0.733336,0.730172,0.730172,0.732982
2022-10-20 01:00:00.000 UTC,0.734429,0.728746,0.728746,0.731028
2022-10-20 00:00:00.000 UTC,0.736918,0.727171,0.732758,0.727895
2022-10-19 23:00:00.000 UTC,0.740882,0.731154,0.740116,0.733344
2022-10-19 22:00:00.000 UTC,0.755043,0.736809,0.755043,0.739688
2022-10-19 21:00:00.000 UTC,0.7557,0.753409,0.755538,0.754187
2022-10-19 20:00:00.000 UTC,0.756845,0.753287,0.754838,0.754886
2022-10-19 19:00:00.000 UTC,0.755443,0.75296,0.753044,0.754846
2022-10-19 18:00:00.000 UTC,0.757247,0.752485,0.756442,0.753312
2022-10-19 17:00:00.000 UTC,0.756754,0.752459,0.754135,0.756329
2022-10-19 16:00:00.000 UTC,0.758748,0.754574,0.758748,0.754574
2022-10-19 15:00:00.000 UTC,0.758357,0.75307,0.754021,0.758357
2022-10-19 14:00:00.000 UTC,0.758212,0.750964,0.750964,0.754745
2022-10-19 13:00:00.000 UTC,0.75858,0.75193,0.754339,0.752343
2022-10-19 12:00:00.000 UTC,0.754234,0.751636,0.753656,0.754234
2022-10-19 11:00:00.000 UTC,0.756104,0.751201,0.756104,0.752506
2022-10-19 10:00:00.000 UTC,0.759955,0.756115,0.759955,0.756378
2022-10-19 09:00:00.000 UTC,0.760295,0.758006,0.758496,0.760295
2022-10-19 08:00:00.000 UTC,0.760104,0.75427,0.759923,0.757959
2022-10-19 07:00:00.000 UTC,0.760964,0.758931,0.759544,0.760321
2022-10-19 06:00:00.000 UTC,0.764739,0.759359,0.763261,0.759739
2022-10-19 05:00:00.000 UTC,0.766077,0.762209,0.765056,0.762812
2022-10-19 04:00:00.000 UTC,0.768479,0.764363,0.768479,0.765301
2022-10-19 03:00:00.000 UTC,0.768457,0.764664,0.76492,0.768324
2022-10-19 02:00:00.000 UTC,0.774678,0.763947,0.774678,0.766932
2022-10-19 01:00:00.000 UTC,0.776589,0.769363,0.769363,0.775032
2022-10-19 00:00:00.000 UTC,0.775863,0.770447,0.773804,0.770447
2022-10-18 23:00:00.000 UTC,0.775092,0.772008,0.773808,0.775092
2022-10-18 22:00:00.000 UTC,0.774985,0.772247,0.774985,0.774095
2022-10-18 21:00:00.000 UTC,0.776218,0.773611,0.776218,0.773974
2022-10-18 20:00:00.000 UTC,0.776029,0.767591,0.767591,0.77527
2022-10-18 19:00:00.000 UTC,0.768266,0.7621,0.763912,0.768266
2022-10-18 18:00:00.000 UTC,0.773944,0.764384,0.773889,0.764384
2022-10-18 17:00:00.000 UTC,0.775514,0.770382,0.772447,0.772767
2022-10-18 16:00:00.000 UTC,0.773726,0.768709,0.768709,0.77256
2022-10-18 15:00:00.000 UTC,0.774101,0.767312,0.774093,0.771429
2022-10-18 14:00:00.000 UTC,0.778366,0.769717,0.776529,0.774009
2022-10-18 13:00:00.000 UTC,0.785104,0.776655,0.783704,0.776655
2022-10-18 12:00:00.000 UTC,0.784931,0.781,0.781,0.783618
2022-10-18 11:00:00.000 UTC,0.784659,0.780183,0.780394,0.782251
2022-10-18 10:00:00.000 UTC,0.783861,0.782249,0.783338,0.782249
2022-10-18 09:00:00.000 UTC,0.791104,0.782128,0.791104,0.783092
2022-10-18 08:00:00.000 UTC,0.800589,0.791926,0.800589,0.791926
2022-10-18 07:00:00.000 UTC,0.800561,0.796914,0.800561,0.800511
2022-10-18 06:00:00.000 UTC,0.803579,0.79767,0.797874,0.800451
2022-10-18 05:00:00.000 UTC,0.799073,0.795721,0.798489,0.798592
2022-10-18 04:00:00.000 UTC,0.800816,0.797503,0.797503,0.798684
2022-10-18 03:00:00.000 UTC,0.799185,0.790802,0.792178,0.798531
2022-10-18 02:00:00.000 UTC,0.795987,0.792312,0.792312,0.793277
2022-10-18 01:00:00.000 UTC,0.802839,0.792361,0.802839,0.792361
2022-10-18 00:00:00.000 UTC,0.803102,0.791333,0.791333,0.800503
2022-10-17 23:00:00.000 UTC,0.793697,0.790414,0.790414,0.791711
2022-10-17 22:00:00.000 UTC,0.791555,0.785197,0.785197,0.790341
2022-10-17 21:00:00.000 UTC,0.786155,0.783281,0.786155,0.785462
2022-10-17 20:00:00.000 UTC,0.786568,0.783227,0.78419,0.785951
2022-10-17 19:00:00.000 UTC,0.784953,0.783491,0.784555,0.784588
2022-10-17 18:00:00.000 UTC,0.787325,0.782663,0.787325,0.783999
2022-10-17 17:00:00.000 UTC,0.787663,0.784651,0.784867,0.785976
2022-10-17 16:00:00.000 UTC,0.789866,0.784319,0.788374,0.785178
2022-10-17 15:00:00.000 UTC,0.790531,0.787553,0.790531,0.788221
2022-10-17 14:00:00.000 UTC,0.79405,0.789533,0.792424,0.789533
2022-10-17 13:00:00.000 UTC,0.7928,0.786565,0.786565,0.792447
2022-10-17 12:00:00.000 UTC,0.788172,0.782997,0.786821,0.787446
2022-10-17 11:00:00.000 UTC,0.78628,0.783611,0.784716,0.785598
2022-10-17 10:00:00.000 UTC,0.785431,0.782354,0.782425,0.783338
2022-10-17 09:00:00.000 UTC,0.783192,0.777821,0.777821,0.781933
2022-10-17 08:00:00.000 UTC,0.781513,0.778636,0.781293,0.779297
2022-10-17 07:00:00.000 UTC,0.780994,0.777263,0.777263,0.780994
2022-10-17 06:00:00.000 UTC,0.779898,0.77761,0.77761,0.777942
2022-10-17 05:00:00.000 UTC,0.778109,0.776,0.776,0.777495
2022-10-17 04:00:00.000 UTC,0.775442,0.771433,0.772186,0.775442
2022-10-17 03:00:00.000 UTC,0.774395,0.772214,0.774395,0.772994
2022-10-17 02:00:00.000 UTC,0.77482,0.772249,0.772663,0.774145
2022-10-17 01:00:00.000 UTC,0.780191,0.774096,0.778658,0.774096
2022-10-17 00:00:00.000 UTC,0.781292,0.77651,0.777548,0.778209
2022-10-16 23:00:00.000 UTC,0.785766,0.777435,0.784901,0.777678
2022-10-16 22:00:00.000 UTC,0.785241,0.775275,0.775275,0.784916
2022-10-16 21:00:00.000 UTC,0.781807,0.775271,0.781353,0.775271
2022-10-16 20:00:00.000 UTC,0.789739,0.780608,0.784776,0.781156
2022-10-16 19:00:00.000 UTC,0.782827,0.771227,0.771633,0.782771
2022-10-16 18:00:00.000 UTC,0.774162,0.771443,0.774162,0.771776
2022-10-16 17:00:00.000 UTC,0.775315,0.774095,0.775091,0.774095
2022-10-16 16:00:00.000 UTC,0.776312,0.773481,0.775882,0.775139
2022-10-16 15:00:00.000 UTC,0.777169,0.774499,0.774499,0.775435
2022-10-16 14:00:00.000 UTC,0.776749,0.773443,0.77574,0.774436
2022-10-16 13:00:00.000 UTC,0.777103,0.773554,0.774485,0.777103
2022-10-16 12:00:00.000 UTC,0.778438,0.774005,0.778438,0.775671
2022-10-16 11:00:00.000 UTC,0.779926,0.774324,0.774345,0.779926
2022-10-16 10:00:00.000 UTC,0.776865,0.772622,0.775312,0.77444
2022-10-16 09:00:00.000 UTC,0.778257,0.774691,0.778257,0.775199
2022-10-16 08:00:00.000 UTC,0.779151,0.769832,0.769832,0.77911
2022-10-16 07:00:00.000 UTC,0.770975,0.768829,0.770414,0.76982
2022-10-16 06:00:00.000 UTC,0.773277,0.769624,0.770973,0.770514
2022-10-16 05:00:00.000 UTC,0.772023,0.768251,0.768251,0.771523
2022-10-16 04:00:00.000 UTC,0.769952,0.766199,0.766199,0.768646
2022-10-16 03:00:00.000 UTC,0.766166,0.764106,0.764749,0.766166
2022-10-16 02:00:00.000 UTC,0.76719,0.763641,0.76719,0.764233
2022-10-16 01:00:00.000 UTC,0.767984,0.76389,0.764766,0.767984
2022-10-16 00:00:00.000 UTC,0.764845,0.761118,0.761118,0.764711
2022-10-15 23:00:00.000 UTC,0.765122,0.760358,0.765009,0.760358
2022-10-15 22:00:00.000 UTC,0.767607,0.763959,0.767469,0.766566
2022-10-15 21:00:00.000 UTC,0.771401,0.767911,0.771401,0.767911
2022-10-15 20:00:00.000 UTC,0.77323,0.770946,0.772026,0.770946
2022-10-15 19:00:00.000 UTC,0.773097,0.770447,0.771315,0.771838
2022-10-15 18:00:00.000 UTC,0.772374,0.770568,0.771428,0.770959
2022-10-15 17:00:00.000 UTC,0.773022,0.771385,0.771694,0.771385
2022-10-15 16:00:00.000 UTC,0.776429,0.771119,0.771119,0.771954
2022-10-15 15:00:00.000 UTC,0.773147,0.770241,0.771166,0.771398
2022-10-15 14:00:00.000 UTC,0.773798,0.766531,0.76932,0.772128
2022-10-15 13:00:00.000 UTC,0.76779,0.765461,0.767565,0.76665
2022-10-15 12:00:00.000 UTC,0.769377,0.765311,0.766712,0.769377
2022-10-15 11:00:00.000 UTC,0.76592,0.760965,0.761166,0.76592
2022-10-15 10:00:00.000 UTC,0.762344,0.759673,0.759673,0.762186
2022-10-15 09:00:00.000 UTC,0.762527,0.755297,0.755297,0.758508
2022-10-15 08:00:00.000 UTC,0.762952,0.755549,0.762753,0.756117
2022-10-15 07:00:00.000 UTC,0.765035,0.761339,0.761728,0.762906
2022-10-15 06:00:00.000 UTC,0.763336,0.759287,0.762997,0.76066
2022-10-15 05:00:00.000 UTC,0.762277,0.759497,0.760033,0.762277
2022-10-15 04:00:00.000 UTC,0.76244,0.759158,0.76244,0.760976
2022-10-15 03:00:00.000 UTC,0.761376,0.755877,0.75609,0.761376
2022-10-15 02:00:00.000 UTC,0.756394,0.75168,0.752448,0.754991
2022-10-15 01:00:00.000 UTC,0.756006,0.751576,0.756006,0.752839
2022-10-15 00:00:00.000 UTC,0.75633,0.752188,0.752188,0.75519
2022-10-14 23:00:00.000 UTC,0.754227,0.749919,0.749919,0.754227
2022-10-14 22:00:00.000 UTC,0.750217,0.745542,0.74584,0.750217
2022-10-14 21:00:00.000 UTC,0.754483,0.749194,0.754159,0.749194
2022-10-14 20:00:00.000 UTC,0.755481,0.753329,0.754461,0.754539
2022-10-14 19:00:00.000 UTC,0.756559,0.753654,0.755036,0.756428
2022-10-14 18:00:00.000 UTC,0.760786,0.753564,0.760351,0.755562
2022-10-14 17:00:00.000 UTC,0.761782,0.759242,0.760775,0.760123
2022-10-14 16:00:00.000 UTC,0.767479,0.759774,0.76729,0.762287
2022-10-14 15:00:00.000 UTC,0.773411,0.767411,0.771959,0.767411
2022-10-14 14:00:00.000 UTC,0.783188,0.76966,0.783188,0.771576
2022-10-14 13:00:00.000 UTC,0.787948,0.783135,0.785775,0.783135
2022-10-14 12:00:00.000 UTC,0.78568,0.777122,0.777523,0.78568
2022-10-14 11:00:00.000 UTC,0.782333,0.777808,0.780489,0.777808
2022-10-14 10:00:00.000 UTC,0.782248,0.78046,0.782248,0.780793
2022-10-14 09:00:00.000 UTC,0.780757,0.778355,0.779496,0.780757
2022-10-14 08:00:00.000 UTC,0.781446,0.778727,0.780892,0.780086
2022-10-14 07:00:00.000 UTC,0.785864,0.780007,0.785864,0.781032
2022-10-14 06:00:00.000 UTC,0.790377,0.787304,0.790092,0.787304
2022-10-14 05:00:00.000 UTC,0.792783,0.789362,0.789545,0.790654
2022-10-14 04:00:00.000 UTC,0.7931,0.790035,0.790035,0.790869
2022-10-14 03:00:00.000 UTC,0.793223,0.788886,0.790462,0.790176
2022-10-14 02:00:00.000 UTC,0.794514,0.788871,0.789994,0.79161
2022-10-14 01:00:00.000 UTC,0.789364,0.76919,0.769531,0.789364
2022-10-14 00:00:00.000 UTC,0.768955,0.761985,0.764081,0.768955
2022-10-13 23:00:00.000 UTC,0.768483,0.764089,0.768483,0.764532
2022-10-13 22:00:00.000 UTC,0.77223,0.76853,0.77223,0.768695
2022-10-13 21:00:00.000 UTC,0.771033,0.76779,0.769765,0.771033
2022-10-13 20:00:00.000 UTC,0.769552,0.764348,0.764697,0.768046
2022-10-13 19:00:00.000 UTC,0.765948,0.762898,0.763459,0.764095
2022-10-13 18:00:00.000 UTC,0.761297,0.753567,0.753567,0.761297
2022-10-13 17:00:00.000 UTC,0.755746,0.749515,0.749515,0.753843
2022-10-13 16:00:00.000 UTC,0.753101,0.742673,0.743996,0.751583
2022-10-13 15:00:00.000 UTC,0.745625,0.727189,0.727882,0.743942
2022-10-13 14:00:00.000 UTC,0.727646,0.725785,0.726846,0.726829
2022-10-13 13:00:00.000 UTC,0.72593,0.71371,0.723395,0.72593
2022-10-13 12:00:00.000 UTC,0.722309,0.714179,0.718526,0.719532
2022-10-13 11:00:00.000 UTC,0.719759,0.714285,0.71511,0.719727
2022-10-13 10:00:00.000 UTC,0.719523,0.706914,0.718742,0.714078
2022-10-13 09:00:00.000 UTC,0.724272,0.718003,0.722408,0.718003
2022-10-13 08:00:00.000 UTC,0.727822,0.718529,0.72736,0.723598
2022-10-13 07:00:00.000 UTC,0.742072,0.720589,0.742072,0.725428
2022-10-13 06:00:00.000 UTC,0.751418,0.738542,0.751418,0.741912
2022-10-13 05:00:00.000 UTC,0.752718,0.749169,0.751716,0.752177
2022-10-13 04:00:00.000 UTC,0.755006,0.750225,0.752437,0.750225
2022-10-13 03:00:00.000 UTC,0.754434,0.748987,0.750685,0.752922
2022-10-13 02:00:00.000 UTC,0.767014,0.750434,0.766822,0.750434
2022-10-13 01:00:00.000 UTC,0.779078,0.766789,0.778598,0.766789
2022-10-13 00:00:00.000 UTC,0.780153,0.778272,0.779698,0.778793
2022-10-12 23:00:00.000 UTC,0.780758,0.779475,0.780001,0.779514
2022-10-12 22:00:00.000 UTC,0.782128,0.779974,0.781208,0.779974
2022-10-12 21:00:00.000 UTC,0.782637,0.780442,0.780587,0.781601
2022-10-12 20:00:00.000 UTC,0.782282,0.779735,0.781478,0.780485
2022-10-12 19:00:00.000 UTC,0.782628,0.778185,0.779084,0.782431
2022-10-12 18:00:00.000 UTC,0.780135,0.776636,0.776721,0.778828
2022-10-12 17:00:00.000 UTC,0.779841,0.777858,0.779397,0.777858
2022-10-12 16:00:00.000 UTC,0.781094,0.779018,0.781094,0.779018
2022-10-12 15:00:00.000 UTC,0.780704,0.778124,0.778746,0.780704
2022-10-12 14:00:00.000 UTC,0.780993,0.777435,0.780387,0.77888
2022-10-12 13:00:00.000 UTC,0.781948,0.778183,0.780593,0.779278
2022-10-12 12:00:00.000 UTC,0.787447,0.78031,0.78634,0.781111
2022-10-12 11:00:00.000 UTC,0.787592,0.785972,0.785972,0.786515
2022-10-12 10:00:00.000 UTC,0.788035,0.785661,0.787497,0.785661
2022-10-12 09:00:00.000 UTC,0.789033,0.786422,0.786422,0.787372
2022-10-12 08:00:00.000 UTC,0.786178,0.783221,0.784654,0.785935
2022-10-12 07:00:00.000 UTC,0.788036,0.782088,0.788036,0.784578
2022-10-12 06:00:00.000 UTC,0.788961,0.781911,0.78241,0.787378
2022-10-12 05:00:00.000 UTC,0.784432,0.780382,0.783266,0.784432
2022-10-12 04:00:00.000 UTC,0.784924,0.777499,0.777499,0.783496
2022-10-12 03:00:00.000 UTC,0.779582,0.777243,0.777243,0.777999
2022-10-12 02:00:00.000 UTC,0.78193,0.777199,0.781244,0.77722
2022-10-12 01:00:00.000 UTC,0.786095,0.78138,0.786095,0.78138
2022-10-12 00:00:00.000 UTC,0.786408,0.777376,0.779119,0.786408
2022-10-11 23:00:00.000 UTC,0.782125,0.775539,0.781732,0.777733
2022-10-11 22:00:00.000 UTC,0.782228,0.779451,0.780607,0.782073
2022-10-11 21:00:00.000 UTC,0.781982,0.779704,0.781982,0.78028
2022-10-11 20:00:00.000 UTC,0.782882,0.779836,0.781616,0.782882
2022-10-11 19:00:00.000 UTC,0.784862,0.781126,0.784862,0.781126
2022-10-11 18:00:00.000 UTC,0.799434,0.785706,0.794403,0.785706
2022-10-11 17:00:00.000 UTC,0.795483,0.791347,0.79235,0.794465
2022-10-11 16:00:00.000 UTC,0.792733,0.788684,0.790596,0.792733
2022-10-11 15:00:00.000 UTC,0.791588,0.785181,0.785181,0.791194
2022-10-11 14:00:00.000 UTC,0.788079,0.778925,0.783165,0.787122
2022-10-11 13:00:00.000 UTC,0.79091,0.786329,0.790058,0.786329
2022-10-11 12:00:00.000 UTC,0.794552,0.788423,0.788423,0.791891
2022-10-11 11:00:00.000 UTC,0.787192,0.783543,0.785929,0.786867
2022-10-11 10:00:00.000 UTC,0.787849,0.783822,0.785948,0.784688
2022-10-11 09:00:00.000 UTC,0.792566,0.786564,0.791313,0.786564
2022-10-11 08:00:00.000 UTC,0.793141,0.78981,0.78981,0.791398
2022-10-11 07:00:00.000 UTC,0.790527,0.788396,0.790527,0.788701
2022-10-11 06:00:00.000 UTC,0.791621,0.787915,0.78829,0.790359
2022-10-11 05:00:00.000 UTC,0.790065,0.784769,0.787184,0.788617
2022-10-11 04:00:00.000 UTC,0.788952,0.786686,0.788952,0.787007
2022-10-11 03:00:00.000 UTC,0.789284,0.787228,0.787549,0.789226
2022-10-11 02:00:00.000 UTC,0.790226,0.784836,0.790226,0.786631
2022-10-11 01:00:00.000 UTC,0.79038,0.786613,0.786613,0.79038
2022-10-11 00:00:00.000 UTC,0.806799,0.782044,0.806799,0.787418
2022-10-10 23:00:00.000 UTC,0.814746,0.809206,0.813642,0.809206
2022-10-10 22:00:00.000 UTC,0.822129,0.813299,0.822129,0.814081
2022-10-10 21:00:00.000 UTC,0.823503,0.821799,0.822925,0.821903
2022-10-10 20:00:00.000 UTC,0.823699,0.822064,0.823009,0.822648
2022-10-10 19:00:00.000 UTC,0.8238,0.82271,0.82372,0.822903
2022-10-10 18:00:00.000 UTC,0.82493,0.822811,0.824303,0.823356
2022-10-10 17:00:00.000 UTC,0.82515,0.820441,0.820743,0.82515
2022-10-10 16:00:00.000 UTC,0.825483,0.820568,0.825358,0.820568
2022-10-10 15:00:00.000 UTC,0.825845,0.824152,0.824254,0.825264
2022-10-10 14:00:00.000 UTC,0.827328,0.823459,0.827328,0.823459
2022-10-10 13:00:00.000 UTC,0.828987,0.827173,0.82784,0.827173
2022-10-10 12:00:00.000 UTC,0.827879,0.825539,0.825687,0.826835
2022-10-10 11:00:00.000 UTC,0.827473,0.823479,0.823479,0.826787
2022-10-10 10:00:00.000 UTC,0.824878,0.823434,0.824327,0.824335
2022-10-10 09:00:00.000 UTC,0.824721,0.821442,0.821442,0.824721
2022-10-10 08:00:00.000 UTC,0.830962,0.820813,0.830962,0.821452
2022-10-10 07:00:00.000 UTC,0.83319,0.830799,0.830799,0.831504
2022-10-10 06:00:00.000 UTC,0.833452,0.829936,0.832996,0.829936
2022-10-10 05:00:00.000 UTC,0.835387,0.832885,0.83514,0.832962
2022-10-10 04:00:00.000 UTC,0.83584,0.834339,0.83584,0.835629
2022-10-10 03:00:00.000 UTC,0.838342,0.83571,0.837615,0.836243
2022-10-10 02:00:00.000 UTC,0.838115,0.837062,0.837566,0.837864
2022-10-10 01:00:00.000 UTC,0.84125,0.837985,0.838867,0.837985
2022-10-10 00:00:00.000 UTC,0.839874,0.832241,0.83394,0.839874
2022-10-09 23:00:00.000 UTC,0.834274,0.831487,0.832846,0.834274
2022-10-09 22:00:00.000 UTC,0.835431,0.83223,0.833103,0.833612
2022-10-09 21:00:00.000 UTC,0.833257,0.831139,0.831953,0.833257
2022-10-09 20:00:00.000 UTC,0.833533,0.830505,0.833533,0.831811
2022-10-09 19:00:00.000 UTC,0.833605,0.831568,0.833492,0.833193
2022-10-09 18:00:00.000 UTC,0.834259,0.83154,0.83154,0.834259
2022-10-09 17:00:00.000 UTC,0.83261,0.831535,0.83261,0.831837
2022-10-09 16:00:00.000 UTC,0.833766,0.832285,0.833662,0.832877
2022-10-09 15:00:00.000 UTC,0.834622,0.832317,0.832317,0.833115
2022-10-09 14:00:00.000 UTC,0.833273,0.832113,0.83212,0.833174
2022-10-09 13:00:00.000 UTC,0.833919,0.832396,0.833299,0.832479
2022-10-09 12:00:00.000 UTC,0.837226,0.834026,0.834644,0.834026
2022-10-09 11:00:00.000 UTC,0.838544,0.832045,0.832045,0.835426
2022-10-09 10:00:00.000 UTC,0.832999,0.830094,0.831527,0.832223
2022-10-09 09:00:00.000 UTC,0.832818,0.831059,0.832818,0.832099
2022-10-09 08:00:00.000 UTC,0.833383,0.831472,0.831472,0.832855
2022-10-09 07:00:00.000 UTC,0.832923,0.831386,0.831757,0.831386
2022-10-09 06:00:00.000 UTC,0.830775,0.829276,0.829276,0.830638
2022-10-09 05:00:00.000 UTC,0.82972,0.828161,0.829181,0.828161
2022-10-09 04:00:00.000 UTC,0.829167,0.826849,0.82792,0.829167
2022-10-09 03:00:00.000 UTC,0.827824,0.826768,0.826997,0.826867
2022-10-09 02:00:00.000 UTC,0.828427,0.826617,0.828427,0.82692
2022-10-09 01:00:00.000 UTC,0.828707,0.826847,0.826847,0.827331
2022-10-09 00:00:00.000 UTC,0.829219,0.826814,0.829219,0.82762
2022-10-08 23:00:00.000 UTC,0.82898,0.825998,0.826656,0.828686
2022-10-08 22:00:00.000 UTC,0.826961,0.825531,0.825821,0.826502
2022-10-08 21:00:00.000 UTC,0.830094,0.82623,0.829916,0.82623
2022-10-08 20:00:00.000 UTC,0.831548,0.829886,0.830092,0.830262
2022-10-08 19:00:00.000 UTC,0.832929,0.830011,0.832929,0.830011
2022-10-08 18:00:00.000 UTC,0.834906,0.832507,0.834778,0.832831
2022-10-08 17:00:00.000 UTC,0.835573,0.833518,0.835226,0.835573
2022-10-08 16:00:00.000 UTC,0.835355,0.83346,0.834817,0.834751
2022-10-08 15:00:00.000 UTC,0.836427,0.834794,0.836427,0.836313
2022-10-08 14:00:00.000 UTC,0.836213,0.834489,0.836101,0.836213
2022-10-08 13:00:00.000 UTC,0.836578,0.834754,0.836046,0.835665
2022-10-08 12:00:00.000 UTC,0.838853,0.835031,0.838853,0.836177
2022-10-08 11:00:00.000 UTC,0.839226,0.835925,0.836784,0.836959
2022-10-08 10:00:00.000 UTC,0.838494,0.83577,0.836591,0.83577
2022-10-08 09:00:00.000 UTC,0.840243,0.836324,0.839803,0.83804
2022-10-08 08:00:00.000 UTC,0.840715,0.837857,0.840632,0.840351
2022-10-08 07:00:00.000 UTC,0.841485,0.839398,0.839398,0.840892
2022-10-08 06:00:00.000 UTC,0.840527,0.837406,0.839853,0.840527
2022-10-08 05:00:00.000 UTC,0.840424,0.836336,0.836928,0.840424
2022-10-08 04:00:00.000 UTC,0.840233,0.835986,0.837908,0.837061
2022-10-08 03:00:00.000 UTC,0.839957,0.8373,0.837654,0.837985
2022-10-08 02:00:00.000 UTC,0.841766,0.837756,0.841472,0.838135
2022-10-08 01:00:00.000 UTC,0.841857,0.838326,0.838932,0.841319
2022-10-08 00:00:00.000 UTC,0.838839,0.835043,0.835962,0.838506
2022-10-07 23:00:00.000 UTC,0.835781,0.834336,0.835021,0.835303
2022-10-07 22:00:00.000 UTC,0.835901,0.833626,0.833626,0.835477
2022-10-07 21:00:00.000 UTC,0.833779,0.830855,0.832067,0.833779
2022-10-07 20:00:00.000 UTC,0.833029,0.830835,0.832187,0.832088
2022-10-07 19:00:00.000 UTC,0.833762,0.831675,0.83279,0.832006
2022-10-07 18:00:00.000 UTC,0.832721,0.830845,0.832527,0.832721
2022-10-07 17:00:00.000 UTC,0.833948,0.828637,0.829332,0.833399
2022-10-07 16:00:00.000 UTC,0.8366,0.828425,0.832963,0.829388
2022-10-07 15:00:00.000 UTC,0.835581,0.833184,0.835059,0.83384
2022-10-07 14:00:00.000 UTC,0.834872,0.829378,0.829378,0.834872
2022-10-07 13:00:00.000 UTC,0.83631,0.83122,0.833551,0.83191
2022-10-07 12:00:00.000 UTC,0.844587,0.831031,0.844431,0.831031
2022-10-07 11:00:00.000 UTC,0.846529,0.842431,0.843748,0.845167
2022-10-07 10:00:00.000 UTC,0.843912,0.840635,0.843817,0.842338
2022-10-07 09:00:00.000 UTC,0.846751,0.843718,0.843718,0.843962
2022-10-07 08:00:00.000 UTC,0.844989,0.843081,0.843822,0.843095
2022-10-07 07:00:00.000 UTC,0.843558,0.840812,0.840812,0.843164
2022-10-07 06:00:00.000 UTC,0.845842,0.839494,0.844859,0.841941
2022-10-07 05:00:00.000 UTC,0.845902,0.844452,0.845181,0.845117
2022-10-07 04:00:00.000 UTC,0.846895,0.843315,0.843315,0.845247
2022-10-07 03:00:00.000 UTC,0.846967,0.843475,0.845055,0.844788
2022-10-07 02:00:00.000 UTC,0.846594,0.843065,0.844601,0.844507
2022-10-07 01:00:00.000 UTC,0.846178,0.843837,0.844519,0.845409
2022-10-07 00:00:00.000 UTC,0.844817,0.841568,0.842618,0.843523
2022-10-06 23:00:00.000 UTC,0.844044,0.840587,0.844044,0.841099
2022-10-06 22:00:00.000 UTC,0.844699,0.842228,0.844699,0.842997
2022-10-06 21:00:00.000 UTC,0.850664,0.844406,0.850148,0.844691
2022-10-06 20:00:00.000 UTC,0.850936,0.848445,0.849164,0.850686
2022-10-06 19:00:00.000 UTC,0.849816,0.848862,0.849584,0.849207
2022-10-06 18:00:00.000 UTC,0.852908,0.848261,0.852908,0.849072
2022-10-06 17:00:00.000 UTC,0.854242,0.850583,0.852454,0.852437
2022-10-06 16:00:00.000 UTC,0.853215,0.8499,0.852291,0.853215
2022-10-06 15:00:00.000 UTC,0.854425,0.851064,0.8523,0.854073
2022-10-06 14:00:00.000 UTC,0.853357,0.848476,0.853357,0.851814
2022-10-06 13:00:00.000 UTC,0.856811,0.852253,0.855668,0.856069
2022-10-06 12:00:00.000 UTC,0.859641,0.856205,0.856835,0.856268
2022-10-06 11:00:00.000 UTC,0.856028,0.851648,0.851648,0.854985
2022-10-06 10:00:00.000 UTC,0.855813,0.852467,0.85405,0.852686
2022-10-06 09:00:00.000 UTC,0.862224,0.855864,0.86065,0.855864
2022-10-06 08:00:00.000 UTC,0.872809,0.860388,0.860388,0.863615
2022-10-06 07:00:00.000 UTC,0.859693,0.857581,0.858197,0.85894
2022-10-06 06:00:00.000 UTC,0.863672,0.858988,0.863672,0.858988
2022-10-06 05:00:00.000 UTC,0.867355,0.861634,0.867355,0.865739
2022-10-06 04:00:00.000 UTC,0.869215,0.86507,0.86722,0.86834
2022-10-06 03:00:00.000 UTC,0.868449,0.863588,0.868384,0.863588
2022-10-06 02:00:00.000 UTC,0.870848,0.864257,0.870689,0.868505
2022-10-06 01:00:00.000 UTC,0.86885,0.862519,0.866405,0.86885
2022-10-06 00:00:00.000 UTC,0.868962,0.861108,0.861108,0.866535
2022-10-05 23:00:00.000 UTC,0.861853,0.858989,0.861853,0.860424
2022-10-05 22:00:00.000 UTC,0.862335,0.856903,0.85834,0.86204
2022-10-05 21:00:00.000 UTC,0.860985,0.857544,0.860985,0.858816
2022-10-05 20:00:00.000 UTC,0.869614,0.861024,0.864462,0.861024
2022-10-05 19:00:00.000 UTC,0.867058,0.863545,0.863719,0.865779
2022-10-05 18:00:00.000 UTC,0.864417,0.857993,0.857993,0.863656
2022-10-05 17:00:00.000 UTC,0.859804,0.852328,0.852798,0.857839
2022-10-05 16:00:00.000 UTC,0.852981,0.847185,0.847388,0.852981
2022-10-05 15:00:00.000 UTC,0.847384,0.839822,0.839822,0.846584
2022-10-05 14:00:00.000 UTC,0.842463,0.838381,0.842463,0.8396
2022-10-05 13:00:00.000 UTC,0.844307,0.839769,0.844307,0.840379
2022-10-05 12:00:00.000 UTC,0.846054,0.842747,0.846054,0.845002
2022-10-05 11:00:00.000 UTC,0.850866,0.844434,0.847376,0.845373
2022-10-05 10:00:00.000 UTC,0.848545,0.844406,0.844426,0.846829
2022-10-05 09:00:00.000 UTC,0.848555,0.844622,0.847953,0.844826
2022-10-05 08:00:00.000 UTC,0.8554,0.844308,0.854745,0.849062
2022-10-05 07:00:00.000 UTC,0.858225,0.854785,0.857602,0.856815
2022-10-05 06:00:00.000 UTC,0.860289,0.855723,0.855723,0.859973
2022-10-05 05:00:00.000 UTC,0.85714,0.854288,0.855687,0.856458
2022-10-05 04:00:00.000 UTC,0.862227,0.854786,0.862227,0.855501
2022-10-05 03:00:00.000 UTC,0.862545,0.858814,0.858814,0.861331
2022-10-05 02:00:00.000 UTC,0.8719,0.858144,0.8719,0.858649
2022-10-05 01:00:00.000 UTC,0.873257,0.861871,0.863753,0.872149
2022-10-05 00:00:00.000 UTC,0.859062,0.850183,0.850183,0.859062
2022-10-04 23:00:00.000 UTC,0.851084,0.847596,0.848501,0.850235
2022-10-04 22:00:00.000 UTC,0.849089,0.846386,0.847821,0.848831
2022-10-04 21:00:00.000 UTC,0.851555,0.848718,0.851555,0.849193
2022-10-04 20:00:00.000 UTC,0.852056,0.848263,0.849928,0.850983
2022-10-04 19:00:00.000 UTC,0.850082,0.845628,0.846551,0.850082
2022-10-04 18:00:00.000 UTC,0.846094,0.843491,0.845097,0.845545
2022-10-04 17:00:00.000 UTC,0.844569,0.837225,0.84333,0.844569
2022-10-04 16:00:00.000 UTC,0.843542,0.839698,0.841457,0.843117
2022-10-04 15:00:00.000 UTC,0.843505,0.841537,0.843198,0.841867
2022-10-04 14:00:00.000 UTC,0.845847,0.842989,0.843298,0.842989
2022-10-04 13:00:00.000 UTC,0.843561,0.840622,0.840709,0.842447
2022-10-04 12:00:00.000 UTC,0.840949,0.838915,0.839328,0.840665
2022-10-04 11:00:00.000 UTC,0.839785,0.837865,0.839633,0.838857
2022-10-04 10:00:00.000 UTC,0.841855,0.839903,0.840249,0.839939
2022-10-04 09:00:00.000 UTC,0.840595,0.837843,0.839356,0.840595
2022-10-04 08:00:00.000 UTC,0.84145,0.838435,0.839062,0.838624
2022-10-04 07:00:00.000 UTC,0.84041,0.837117,0.837117,0.838308
2022-10-04 06:00:00.000 UTC,0.837636,0.833251,0.833251,0.836943
2022-10-04 05:00:00.000 UTC,0.835751,0.832285,0.832885,0.83379
2022-10-04 04:00:00.000 UTC,0.834037,0.83081,0.834037,0.831461
2022-10-04 03:00:00.000 UTC,0.833776,0.829178,0.829806,0.833776
2022-10-04 02:00:00.000 UTC,0.8303,0.828242,0.828242,0.8303
2022-10-04 01:00:00.000 UTC,0.829546,0.82828,0.829018,0.828529
2022-10-04 00:00:00.000 UTC,0.834473,0.828815,0.828961,0.828815
2022-10-03 23:00:00.000 UTC,0.833643,0.826977,0.826977,0.831429
2022-10-03 22:00:00.000 UTC,0.829256,0.826551,0.827878,0.827026
2022-10-03 21:00:00.000 UTC,0.830134,0.827652,0.83009,0.827652
2022-10-03 20:00:00.000 UTC,0.829341,0.825629,0.826821,0.829341
2022-10-03 19:00:00.000 UTC,0.827244,0.824302,0.826666,0.826228
2022-10-03 18:00:00.000 UTC,0.827853,0.825933,0.826291,0.82676
2022-10-03 17:00:00.000 UTC,0.826863,0.824449,0.825083,0.826347
2022-10-03 16:00:00.000 UTC,0.824755,0.82244,0.823383,0.824215
2022-10-03 15:00:00.000 UTC,0.825696,0.822338,0.822338,0.824308
2022-10-03 14:00:00.000 UTC,0.823063,0.816326,0.816326,0.821589
2022-10-03 13:00:00.000 UTC,0.821691,0.817913,0.820644,0.818441
2022-10-03 12:00:00.000 UTC,0.820923,0.818201,0.819627,0.819403
2022-10-03 11:00:00.000 UTC,0.820161,0.818067,0.818364,0.818612
2022-10-03 10:00:00.000 UTC,0.817527,0.815737,0.817135,0.816894
2022-10-03 09:00:00.000 UTC,0.81629,0.813445,0.815014,0.815876
2022-10-03 08:00:00.000 UTC,0.815135,0.811853,0.813463,0.814787
2022-10-03 07:00:00.000 UTC,0.815458,0.812312,0.812519,0.812944
2022-10-03 06:00:00.000 UTC,0.814276,0.811472,0.812757,0.812271
2022-10-03 05:00:00.000 UTC,0.811458,0.80636,0.807805,0.811458
2022-10-03 04:00:00.000 UTC,0.813336,0.80831,0.813336,0.80831
2022-10-03 03:00:00.000 UTC,0.815357,0.813631,0.814494,0.813631
2022-10-03 02:00:00.000 UTC,0.818701,0.81552,0.815755,0.816242
2022-10-03 01:00:00.000 UTC,0.816459,0.81345,0.813839,0.815403
2022-10-03 00:00:00.000 UTC,0.814362,0.805379,0.814187,0.813606
2022-10-02 23:00:00.000 UTC,0.823393,0.813081,0.823393,0.814109
2022-10-02 22:00:00.000 UTC,0.827971,0.824526,0.826716,0.825951
2022-10-02 21:00:00.000 UTC,0.828215,0.825068,0.828215,0.826119
2022-10-02 20:00:00.000 UTC,0.829575,0.828149,0.828772,0.828581
2022-10-02 19:00:00.000 UTC,0.829754,0.825421,0.825421,0.829049
2022-10-02 18:00:00.000 UTC,0.826349,0.825178,0.826349,0.825178
2022-10-02 17:00:00.000 UTC,0.828238,0.824566,0.825341,0.826791
2022-10-02 16:00:00.000 UTC,0.82669,0.82324,0.824119,0.825509
2022-10-02 15:00:00.000 UTC,0.824117,0.822127,0.823335,0.823287
2022-10-02 14:00:00.000 UTC,0.828884,0.82332,0.828209,0.82332
2022-10-02 13:00:00.000 UTC,0.828811,0.824625,0.82482,0.828725
2022-10-02 12:00:00.000 UTC,0.825602,0.824226,0.825536,0.825076
2022-10-02 11:00:00.000 UTC,0.825901,0.822816,0.823252,0.825744
2022-10-02 10:00:00.000 UTC,0.834556,0.81937,0.834556,0.82347
2022-10-02 09:00:00.000 UTC,0.834708,0.831739,0.833747,0.834708
2022-10-02 08:00:00.000 UTC,0.835153,0.831333,0.835145,0.833503
2022-10-02 07:00:00.000 UTC,0.836793,0.834613,0.834613,0.834913
2022-10-02 06:00:00.000 UTC,0.837209,0.834034,0.834034,0.83546
2022-10-02 05:00:00.000 UTC,0.838102,0.834213,0.837095,0.834213
2022-10-02 04:00:00.000 UTC,0.836947,0.835322,0.83569,0.836947
2022-10-02 03:00:00.000 UTC,0.837569,0.835054,0.836136,0.835054
2022-10-02 02:00:00.000 UTC,0.837487,0.835147,0.835748,0.836321
2022-10-02 01:00:00.000 UTC,0.83588,0.83405,0.83405,0.835669
2022-10-02 00:00:00.000 UTC,0.83782,0.834122,0.836208,0.834931
2022-10-01 23:00:00.000 UTC,0.836583,0.832102,0.836182,0.836075
2022-10-01 22:00:00.000 UTC,0.83764,0.836047,0.83764,0.836343
2022-10-01 21:00:00.000 UTC,0.836895,0.833312,0.8355,0.836576
2022-10-01 20:00:00.000 UTC,0.836307,0.833206,0.835834,0.835161
2022-10-01 19:00:00.000 UTC,0.835892,0.834545,0.835035,0.835781
2022-10-01 18:00:00.000 UTC,0.835143,0.832431,0.835143,0.834568
2022-10-01 17:00:00.000 UTC,0.835913,0.833079,0.835913,0.834697
2022-10-01 16:00:00.000 UTC,0.840131,0.834759,0.840131,0.834788
2022-10-01 15:00:00.000 UTC,0.84006,0.836977,0.838136,0.839884
2022-10-01 14:00:00.000 UTC,0.839349,0.837236,0.838952,0.838167
2022-10-01 13:00:00.000 UTC,0.840175,0.836973,0.838071,0.838841
2022-10-01 12:00:00.000 UTC,0.840203,0.83596,0.840203,0.837718
2022-10-01 11:00:00.000 UTC,0.840821,0.836187,0.840821,0.840401
2022-10-01 10:00:00.000 UTC,0.841315,0.83938,0.840871,0.840984
2022-10-01 09:00:00.000 UTC,0.842782,0.840244,0.840916,0.841563
2022-10-01 08:00:00.000 UTC,0.841832,0.840607,0.840772,0.841559
2022-10-01 07:00:00.000 UTC,0.841705,0.83888,0.840705,0.841705
2022-10-01 06:00:00.000 UTC,0.842463,0.840321,0.84209,0.84037
2022-10-01 05:00:00.000 UTC,0.843317,0.839791,0.84176,0.841408
2022-10-01 04:00:00.000 UTC,0.843935,0.841901,0.843916,0.842214
2022-10-01 03:00:00.000 UTC,0.845776,0.843617,0.845776,0.844479
2022-10-01 02:00:00.000 UTC,0.845499,0.842462,0.844141,0.845488
2022-10-01 01:00:00.000 UTC,0.842978,0.840555,0.842364,0.842678
2022-10-01 00:00:00.000 UTC,0.843833,0.840449,0.84305,0.842264
2022-09-30 23:00:00.000 UTC,0.842933,0.838718,0.839235,0.842933
2022-09-30 22:00:00.000 UTC,0.839695,0.835558,0.837611,0.839695
2022-09-30 21:00:00.000 UTC,0.838815,0.835309,0.835309,0.837061
2022-09-30 20:00:00.000 UTC,0.841158,0.834547,0.838768,0.836508
2022-09-30 19:00:00.000 UTC,0.845242,0.839114,0.843942,0.839114
2022-09-30 18:00:00.000 UTC,0.847723,0.843828,0.846113,0.843828
2022-09-30 17:00:00.000 UTC,0.853097,0.844961,0.851218,0.846159
2022-09-30 16:00:00.000 UTC,0.853177,0.850261,0.852666,0.850448
2022-09-30 15:00:00.000 UTC,0.86145,0.851599,0.852659,0.852263
2022-09-30 14:00:00.000 UTC,0.853547,0.842895,0.846035,0.850415
2022-09-30 13:00:00.000 UTC,0.845841,0.841382,0.84505,0.845841
2022-09-30 12:00:00.000 UTC,0.846873,0.841624,0.84313,0.844164
2022-09-30 11:00:00.000 UTC,0.847051,0.843111,0.846239,0.843111
2022-09-30 10:00:00.000 UTC,0.854584,0.846895,0.852629,0.846895
2022-09-30 09:00:00.000 UTC,0.856794,0.852053,0.85627,0.852053
2022-09-30 08:00:00.000 UTC,0.855516,0.851716,0.852471,0.853449
2022-09-30 07:00:00.000 UTC,0.85591,0.849247,0.849247,0.852294
2022-09-30 06:00:00.000 UTC,0.852307,0.848511,0.850877,0.849035
2022-09-30 05:00:00.000 UTC,0.853099,0.851115,0.851322,0.851511
2022-09-30 04:00:00.000 UTC,0.855659,0.84777,0.84777,0.852255
2022-09-30 03:00:00.000 UTC,0.850522,0.84677,0.84677,0.84803
2022-09-30 02:00:00.000 UTC,0.850772,0.843816,0.850772,0.846624
2022-09-30 01:00:00.000 UTC,0.851503,0.84601,0.846819,0.851503
2022-09-30 00:00:00.000 UTC,0.85141,0.843652,0.85141,0.846509
2022-09-29 23:00:00.000 UTC,0.853286,0.847108,0.847108,0.851384
2022-09-29 22:00:00.000 UTC,0.853082,0.846893,0.846893,0.847496
2022-09-29 21:00:00.000 UTC,0.850156,0.847711,0.848488,0.847928
2022-09-29 20:00:00.000 UTC,0.848796,0.840277,0.840277,0.847536
2022-09-29 19:00:00.000 UTC,0.840082,0.835953,0.835953,0.839614
2022-09-29 18:00:00.000 UTC,0.840526,0.836703,0.837599,0.836703
2022-09-29 17:00:00.000 UTC,0.840655,0.838429,0.838685,0.838632
2022-09-29 16:00:00.000 UTC,0.840759,0.835786,0.839593,0.840536
2022-09-29 15:00:00.000 UTC,0.840406,0.836744,0.838619,0.839454
2022-09-29 14:00:00.000 UTC,0.838976,0.83108,0.835679,0.838976
2022-09-29 13:00:00.000 UTC,0.83994,0.832646,0.836486,0.832646
2022-09-29 12:00:00.000 UTC,0.842964,0.835717,0.842964,0.836516
2022-09-29 11:00:00.000 UTC,0.845212,0.84195,0.842514,0.84424
2022-09-29 10:00:00.000 UTC,0.843723,0.841185,0.843319,0.842451
2022-09-29 09:00:00.000 UTC,0.844418,0.839068,0.839068,0.843605
2022-09-29 08:00:00.000 UTC,0.842026,0.838118,0.841083,0.839976
2022-09-29 07:00:00.000 UTC,0.845787,0.839642,0.845787,0.839742
2022-09-29 06:00:00.000 UTC,0.848923,0.84389,0.848923,0.848032
2022-09-29 05:00:00.000 UTC,0.854633,0.849067,0.851224,0.849067
2022-09-29 04:00:00.000 UTC,0.852524,0.850026,0.850026,0.851772
2022-09-29 03:00:00.000 UTC,0.850444,0.844691,0.845716,0.849944
2022-09-29 02:00:00.000 UTC,0.851354,0.846627,0.851354,0.84921
2022-09-29 01:00:00.000 UTC,0.855272,0.845787,0.845787,0.851339
2022-09-29 00:00:00.000 UTC,0.856749,0.847878,0.847878,0.8479
2022-09-28 23:00:00.000 UTC,0.852451,0.846845,0.848998,0.846845
2022-09-28 22:00:00.000 UTC,0.855671,0.848506,0.848506,0.849828
2022-09-28 21:00:00.000 UTC,0.853875,0.850413,0.85339,0.851729
2022-09-28 20:00:00.000 UTC,0.857432,0.84997,0.84997,0.855368
2022-09-28 19:00:00.000 UTC,0.853726,0.848524,0.850649,0.85316
2022-09-28 18:00:00.000 UTC,0.850606,0.848374,0.848475,0.849421
2022-09-28 17:00:00.000 UTC,0.851465,0.844994,0.844994,0.848515
2022-09-28 16:00:00.000 UTC,0.850683,0.845302,0.850683,0.846635
2022-09-28 15:00:00.000 UTC,0.849749,0.841412,0.841412,0.849749
2022-09-28 14:00:00.000 UTC,0.846826,0.834267,0.837451,0.844641
2022-09-28 13:00:00.000 UTC,0.83883,0.834938,0.83502,0.83718
2022-09-28 12:00:00.000 UTC,0.836666,0.83301,0.83301,0.835488
2022-09-28 11:00:00.000 UTC,0.834975,0.831542,0.83296,0.833461
2022-09-28 10:00:00.000 UTC,0.835269,0.825025,0.825025,0.833892
2022-09-28 09:00:00.000 UTC,0.825486,0.819945,0.825486,0.824257
2022-09-28 08:00:00.000 UTC,0.826912,0.823585,0.826882,0.82468
2022-09-28 07:00:00.000 UTC,0.827055,0.822544,0.82476,0.826823
2022-09-28 06:00:00.000 UTC,0.82918,0.825545,0.828986,0.825545
2022-09-28 05:00:00.000 UTC,0.828296,0.822966,0.826283,0.828296
2022-09-28 04:00:00.000 UTC,0.827366,0.824001,0.826284,0.825467
2022-09-28 03:00:00.000 UTC,0.825369,0.823832,0.823832,0.825241
2022-09-28 02:00:00.000 UTC,0.837715,0.818488,0.837715,0.823575
2022-09-28 01:00:00.000 UTC,0.851321,0.834642,0.847289,0.835591
2022-09-28 00:00:00.000 UTC,0.850584,0.845688,0.846607,0.847047
2022-09-27 23:00:00.000 UTC,0.849925,0.846097,0.847173,0.848059
2022-09-27 22:00:00.000 UTC,0.849161,0.844167,0.845949,0.845999
2022-09-27 21:00:00.000 UTC,0.846044,0.843527,0.845398,0.845669
2022-09-27 20:00:00.000 UTC,0.844286,0.839419,0.844286,0.841527
2022-09-27 19:00:00.000 UTC,0.844611,0.840547,0.842732,0.844611
2022-09-27 18:00:00.000 UTC,0.845117,0.836713,0.842724,0.845117
2022-09-27 17:00:00.000 UTC,0.856311,0.841885,0.856142,0.841885
2022-09-27 16:00:00.000 UTC,0.883446,0.85453,0.877066,0.85453
2022-09-27 15:00:00.000 UTC,0.88908,0.877446,0.884566,0.877505
2022-09-27 14:00:00.000 UTC,0.886382,0.879581,0.882047,0.886004
2022-09-27 13:00:00.000 UTC,0.887129,0.877617,0.879158,0.88355
2022-09-27 12:00:00.000 UTC,0.884407,0.87773,0.87773,0.882604
2022-09-27 11:00:00.000 UTC,0.882708,0.875171,0.880658,0.880728
2022-09-27 10:00:00.000 UTC,0.881365,0.878464,0.880072,0.880027
2022-09-27 09:00:00.000 UTC,0.882131,0.87738,0.879839,0.880842
2022-09-27 08:00:00.000 UTC,0.885407,0.880675,0.880798,0.880675
2022-09-27 07:00:00.000 UTC,0.889215,0.882118,0.883113,0.882118
2022-09-27 06:00:00.000 UTC,0.882937,0.879418,0.879418,0.882657
2022-09-27 05:00:00.000 UTC,0.88043,0.874746,0.877642,0.879959
2022-09-27 04:00:00.000 UTC,0.882187,0.877775,0.877775,0.877821
2022-09-27 03:00:00.000 UTC,0.882151,0.868184,0.868184,0.878724
2022-09-27 02:00:00.000 UTC,0.872009,0.866308,0.870145,0.871885
2022-09-27 01:00:00.000 UTC,0.872655,0.85922,0.85922,0.869971
2022-09-27 00:00:00.000 UTC,0.86165,0.855791,0.859902,0.86024
2022-09-26 23:00:00.000 UTC,0.858834,0.851396,0.852655,0.858834
2022-09-26 22:00:00.000 UTC,0.853732,0.848313,0.848313,0.851713
2022-09-26 21:00:00.000 UTC,0.851655,0.849009,0.850901,0.849553
2022-09-26 20:00:00.000 UTC,0.852274,0.849407,0.851926,0.850632
2022-09-26 19:00:00.000 UTC,0.855281,0.850307,0.854236,0.855281
2022-09-26 18:00:00.000 UTC,0.854234,0.84909,0.84909,0.854234
2022-09-26 17:00:00.000 UTC,0.849633,0.845294,0.847754,0.849633
2022-09-26 16:00:00.000 UTC,0.85609,0.845873,0.85609,0.848838
2022-09-26 15:00:00.000 UTC,0.85566,0.852631,0.854845,0.852631
2022-09-26 14:00:00.000 UTC,0.857507,0.854714,0.856217,0.854714
2022-09-26 13:00:00.000 UTC,0.857734,0.848548,0.850354,0.857734
2022-09-26 12:00:00.000 UTC,0.852154,0.845896,0.847572,0.850899
2022-09-26 11:00:00.000 UTC,0.850976,0.841404,0.850976,0.84498
2022-09-26 10:00:00.000 UTC,0.85349,0.848935,0.85103,0.848935
2022-09-26 09:00:00.000 UTC,0.857886,0.852013,0.857886,0.852743
2022-09-26 08:00:00.000 UTC,0.857676,0.847216,0.847216,0.857676
2022-09-26 07:00:00.000 UTC,0.848587,0.839407,0.839407,0.847904
2022-09-26 06:00:00.000 UTC,0.847565,0.839138,0.846695,0.842969
2022-09-26 05:00:00.000 UTC,0.856781,0.846084,0.856407,0.848065
2022-09-26 04:00:00.000 UTC,0.863663,0.858804,0.860223,0.858804
2022-09-26 03:00:00.000 UTC,0.862533,0.859041,0.861514,0.859461
2022-09-26 02:00:00.000 UTC,0.868146,0.862646,0.866005,0.862646
2022-09-26 01:00:00.000 UTC,0.866774,0.857443,0.859117,0.866774
2022-09-26 00:00:00.000 UTC,0.868815,0.860483,0.865318,0.861123
2022-09-25 23:00:00.000 UTC,0.869862,0.86218,0.86218,0.865731
2022-09-25 22:00:00.000 UTC,0.869151,0.858775,0.863771,0.866659
2022-09-25 21:00:00.000 UTC,0.871937,0.864501,0.87077,0.865261
2022-09-25 20:00:00.000 UTC,0.875335,0.871181,0.874445,0.871521
2022-09-25 19:00:00.000 UTC,0.877355,0.874022,0.876392,0.874024
2022-09-25 18:00:00.000 UTC,0.876341,0.870878,0.873943,0.876341
2022-09-25 17:00:00.000 UTC,0.874546,0.869711,0.874546,0.873546
2022-09-25 16:00:00.000 UTC,0.881798,0.877612,0.880035,0.878661
2022-09-25 15:00:00.000 UTC,0.881061,0.875295,0.875312,0.881061
2022-09-25 14:00:00.000 UTC,0.880989,0.875371,0.880989,0.875696
2022-09-25 13:00:00.000 UTC,0.894332,0.87839,0.894332,0.88059
2022-09-25 12:00:00.000 UTC,0.896634,0.892881,0.892881,0.894806
2022-09-25 11:00:00.000 UTC,0.893989,0.891563,0.891922,0.893989
2022-09-25 10:00:00.000 UTC,0.89357,0.888492,0.890752,0.89357
2022-09-25 09:00:00.000 UTC,0.893405,0.888489,0.892872,0.889713
2022-09-25 08:00:00.000 UTC,0.894334,0.892145,0.892434,0.893367
2022-09-25 07:00:00.000 UTC,0.896287,0.891058,0.893131,0.892975
2022-09-25 06:00:00.000 UTC,0.896294,0.891097,0.895035,0.893561
2022-09-25 05:00:00.000 UTC,0.899118,0.889914,0.899118,0.89562
2022-09-25 04:00:00.000 UTC,0.8998,0.897038,0.897038,0.898991
2022-09-25 03:00:00.000 UTC,0.89593,0.891894,0.89593,0.895492
2022-09-25 02:00:00.000 UTC,0.898848,0.889058,0.889058,0.895709
2022-09-25 01:00:00.000 UTC,0.889336,0.887044,0.888868,0.888772
2022-09-25 00:00:00.000 UTC,0.892167,0.886795,0.888668,0.888398
2022-09-24 23:00:00.000 UTC,0.892192,0.888576,0.892106,0.891642
2022-09-24 22:00:00.000 UTC,0.900031,0.888669,0.898557,0.892229
2022-09-24 21:00:00.000 UTC,0.916573,0.89826,0.916573,0.898699
2022-09-24 20:00:00.000 UTC,0.917551,0.913107,0.915896,0.917374
2022-09-24 19:00:00.000 UTC,0.921467,0.915594,0.9199,0.915594
2022-09-24 18:00:00.000 UTC,0.920168,0.914434,0.915839,0.920168
2022-09-24 17:00:00.000 UTC,0.920437,0.911872,0.911872,0.916033
2022-09-24 16:00:00.000 UTC,0.913102,0.909584,0.910923,0.910883
2022-09-24 15:00:00.000 UTC,0.909881,0.907482,0.907482,0.909005
2022-09-24 14:00:00.000 UTC,0.917335,0.908916,0.915025,0.908916
2022-09-24 13:00:00.000 UTC,0.920961,0.915525,0.920301,0.915525
2022-09-24 12:00:00.000 UTC,0.924518,0.917762,0.92035,0.920514
2022-09-24 11:00:00.000 UTC,0.925912,0.919582,0.921295,0.921121
2022-09-24 10:00:00.000 UTC,0.924369,0.9178,0.921784,0.918809
2022-09-24 09:00:00.000 UTC,0.923694,0.916043,0.921068,0.922008
2022-09-24 08:00:00.000 UTC,0.921208,0.907042,0.911925,0.921208
2022-09-24 07:00:00.000 UTC,0.919193,0.910807,0.919193,0.910807
2022-09-24 06:00:00.000 UTC,0.922507,0.918541,0.920453,0.919209
2022-09-24 05:00:00.000 UTC,0.922481,0.915953,0.922481,0.921196
2022-09-24 04:00:00.000 UTC,0.926291,0.92302,0.923968,0.925443
2022-09-24 03:00:00.000 UTC,0.932595,0.921572,0.931109,0.925544
2022-09-24 02:00:00.000 UTC,0.937201,0.929319,0.933053,0.930473
2022-09-24 01:00:00.000 UTC,0.941895,0.928118,0.930864,0.93554
2022-09-24 00:00:00.000 UTC,0.933041,0.918352,0.924529,0.931081
2022-09-23 23:00:00.000 UTC,0.927507,0.921874,0.926588,0.921874
2022-09-23 22:00:00.000 UTC,0.928711,0.922163,0.92278,0.925459
2022-09-23 21:00:00.000 UTC,0.93627,0.923239,0.933187,0.923283
2022-09-23 20:00:00.000 UTC,0.935445,0.891405,0.891405,0.932599
2022-09-23 19:00:00.000 UTC,0.894877,0.870803,0.870803,0.890106
2022-09-23 18:00:00.000 UTC,0.884991,0.871565,0.881448,0.872741
2022-09-23 17:00:00.000 UTC,0.884941,0.871148,0.871492,0.877032
2022-09-23 16:00:00.000 UTC,0.877484,0.861741,0.875663,0.874092
2022-09-23 15:00:00.000 UTC,0.883815,0.861035,0.865791,0.871955
2022-09-23 14:00:00.000 UTC,0.865461,0.857226,0.861477,0.865333
2022-09-23 13:00:00.000 UTC,0.880049,0.865338,0.86868,0.865338
2022-09-23 12:00:00.000 UTC,0.87232,0.864558,0.864558,0.871482
2022-09-23 11:00:00.000 UTC,0.872188,0.86443,0.872188,0.86443
2022-09-23 10:00:00.000 UTC,0.877615,0.871782,0.877317,0.871782
2022-09-23 09:00:00.000 UTC,0.881845,0.871151,0.876667,0.872678
2022-09-23 08:00:00.000 UTC,0.892268,0.87567,0.889958,0.876063
2022-09-23 07:00:00.000 UTC,0.901788,0.892301,0.901788,0.892301
2022-09-23 06:00:00.000 UTC,0.909576,0.902491,0.902651,0.902491
2022-09-23 05:00:00.000 UTC,0.908631,0.902196,0.904348,0.905395
2022-09-23 04:00:00.000 UTC,0.909073,0.901943,0.905942,0.906519
2022-09-23 03:00:00.000 UTC,0.910496,0.89309,0.89309,0.905837
2022-09-23 02:00:00.000 UTC,0.898776,0.890635,0.896364,0.892888
2022-09-23 01:00:00.000 UTC,0.894386,0.886712,0.888352,0.892287
2022-09-23 00:00:00.000 UTC,0.900963,0.890983,0.894536,0.890983
2022-09-22 23:00:00.000 UTC,0.896375,0.889852,0.889852,0.893122
2022-09-22 22:00:00.000 UTC,0.893565,0.882988,0.882988,0.890165
2022-09-22 21:00:00.000 UTC,0.892314,0.883214,0.890698,0.883214
2022-09-22 20:00:00.000 UTC,0.898866,0.891636,0.89407,0.891636
2022-09-22 19:00:00.000 UTC,0.897071,0.883675,0.883675,0.8961
2022-09-22 18:00:00.000 UTC,0.893379,0.879345,0.882279,0.887466
2022-09-22 17:00:00.000 UTC,0.884738,0.872537,0.879114,0.882523
2022-09-22 16:00:00.000 UTC,0.880066,0.854429,0.860384,0.880066
2022-09-22 15:00:00.000 UTC,0.863348,0.855409,0.85796,0.863348
2022-09-22 14:00:00.000 UTC,0.865896,0.860478,0.861939,0.860478
2022-09-22 13:00:00.000 UTC,0.874709,0.861772,0.870088,0.863665
2022-09-22 12:00:00.000 UTC,0.871135,0.865817,0.865974,0.870721
2022-09-22 11:00:00.000 UTC,0.861799,0.850163,0.851968,0.861799
2022-09-22 10:00:00.000 UTC,0.855218,0.848783,0.850396,0.855218
2022-09-22 09:00:00.000 UTC,0.855152,0.849157,0.849157,0.851499
2022-09-22 08:00:00.000 UTC,0.852979,0.838395,0.838395,0.849472
2022-09-22 07:00:00.000 UTC,0.839571,0.831079,0.831079,0.839571
2022-09-22 06:00:00.000 UTC,0.832905,0.828164,0.829423,0.830711
2022-09-22 05:00:00.000 UTC,0.831659,0.825436,0.826641,0.828576
2022-09-22 04:00:00.000 UTC,0.827647,0.82419,0.82419,0.826911
2022-09-22 03:00:00.000 UTC,0.82573,0.822488,0.825141,0.824136
2022-09-22 02:00:00.000 UTC,0.824696,0.818805,0.820311,0.824696
2022-09-22 01:00:00.000 UTC,0.818958,0.811713,0.811713,0.818062
2022-09-22 00:00:00.000 UTC,0.820393,0.811301,0.818043,0.811301
2022-09-21 23:00:00.000 UTC,0.818904,0.809351,0.809587,0.818632
2022-09-21 22:00:00.000 UTC,0.817539,0.805791,0.817539,0.808546
2022-09-21 21:00:00.000 UTC,0.844744,0.817514,0.844744,0.818976
2022-09-21 20:00:00.000 UTC,0.856304,0.838835,0.856304,0.84179
2022-09-21 19:00:00.000 UTC,0.887704,0.855931,0.886828,0.855931
2022-09-21 18:00:00.000 UTC,0.880959,0.836525,0.857031,0.880959
2022-09-21 17:00:00.000 UTC,0.86068,0.840265,0.840536,0.855552
2022-09-21 16:00:00.000 UTC,0.846345,0.840834,0.840955,0.84299
2022-09-21 15:00:00.000 UTC,0.843986,0.839499,0.843986,0.840871
2022-09-21 14:00:00.000 UTC,0.853757,0.844236,0.853103,0.844236
2022-09-21 13:00:00.000 UTC,0.854953,0.849601,0.854665,0.85219
2022-09-21 12:00:00.000 UTC,0.85664,0.849343,0.849343,0.855323
2022-09-21 11:00:00.000 UTC,0.84969,0.846469,0.846529,0.848896
2022-09-21 10:00:00.000 UTC,0.843506,0.841069,0.842076,0.843354
2022-09-21 09:00:00.000 UTC,0.841733,0.836716,0.837719,0.840801
2022-09-21 08:00:00.000 UTC,0.838424,0.836222,0.836838,0.837272
2022-09-21 07:00:00.000 UTC,0.840068,0.837165,0.838757,0.837165
2022-09-21 06:00:00.000 UTC,0.853039,0.837218,0.851046,0.839723
2022-09-21 05:00:00.000 UTC,0.859642,0.853827,0.85771,0.859601
2022-09-21 04:00:00.000 UTC,0.857346,0.850468,0.850468,0.857346
2022-09-21 03:00:00.000 UTC,0.854842,0.850459,0.854842,0.850459
2022-09-21 02:00:00.000 UTC,0.853646,0.846865,0.846865,0.853646
2022-09-21 01:00:00.000 UTC,0.853652,0.846994,0.852172,0.847753
2022-09-21 00:00:00.000 UTC,0.851633,0.842034,0.842034,0.851633
2022-09-20 23:00:00.000 UTC,0.846043,0.840678,0.846043,0.840944
2022-09-20 22:00:00.000 UTC,0.846895,0.84285,0.846136,0.846348
2022-09-20 21:00:00.000 UTC,0.856051,0.845909,0.851918,0.845909
2022-09-20 20:00:00.000 UTC,0.859213,0.853154,0.853686,0.853846
2022-09-20 19:00:00.000 UTC,0.855778,0.847847,0.849291,0.852695
2022-09-20 18:00:00.000 UTC,0.848272,0.84361,0.846808,0.845638
2022-09-20 17:00:00.000 UTC,0.86154,0.84607,0.860053,0.84607
2022-09-20 16:00:00.000 UTC,0.860877,0.854303,0.855862,0.860877
2022-09-20 15:00:00.000 UTC,0.85033,0.845715,0.847821,0.85033
2022-09-20 14:00:00.000 UTC,0.847948,0.838053,0.840739,0.847948
2022-09-20 13:00:00.000 UTC,0.84747,0.838092,0.846598,0.841108
2022-09-20 12:00:00.000 UTC,0.850327,0.845034,0.847736,0.847311
2022-09-20 11:00:00.000 UTC,0.85269,0.847958,0.851306,0.847958
2022-09-20 10:00:00.000 UTC,0.853432,0.847124,0.848169,0.853432
2022-09-20 09:00:00.000 UTC,0.853919,0.847613,0.853849,0.847613
2022-09-20 08:00:00.000 UTC,0.856254,0.851605,0.854096,0.851605
2022-09-20 07:00:00.000 UTC,0.865547,0.854762,0.857489,0.854762
2022-09-20 06:00:00.000 UTC,0.854468,0.850185,0.852713,0.854468
2022-09-20 05:00:00.000 UTC,0.86019,0.853763,0.854217,0.853763
2022-09-20 04:00:00.000 UTC,0.856417,0.853732,0.856417,0.854378
2022-09-20 03:00:00.000 UTC,0.862779,0.849418,0.862779,0.856317
2022-09-20 02:00:00.000 UTC,0.862723,0.855857,0.856797,0.859897
2022-09-20 01:00:00.000 UTC,0.858301,0.856568,0.857343,0.856811
2022-09-20 00:00:00.000 UTC,0.868069,0.856851,0.858068,0.85733
2022-09-19 23:00:00.000 UTC,0.860487,0.855783,0.859757,0.859815
2022-09-19 22:00:00.000 UTC,0.86101,0.855049,0.857317,0.859407
2022-09-19 21:00:00.000 UTC,0.861832,0.853109,0.853109,0.8577
2022-09-19 20:00:00.000 UTC,0.85695,0.85207,0.853501,0.853081
2022-09-19 19:00:00.000 UTC,0.855387,0.847413,0.847413,0.853745
2022-09-19 18:00:00.000 UTC,0.846901,0.839563,0.839759,0.845169
2022-09-19 17:00:00.000 UTC,0.846726,0.836211,0.846726,0.839413
2022-09-19 16:00:00.000 UTC,0.846385,0.841112,0.841899,0.846385
2022-09-19 15:00:00.000 UTC,0.847969,0.841625,0.847581,0.842494
2022-09-19 14:00:00.000 UTC,0.852158,0.846775,0.850582,0.850432
2022-09-19 13:00:00.000 UTC,0.847038,0.831765,0.835346,0.845711
2022-09-19 12:00:00.000 UTC,0.836007,0.826794,0.82961,0.836007
2022-09-19 11:00:00.000 UTC,0.830014,0.825341,0.829635,0.829943
2022-09-19 10:00:00.000 UTC,0.830641,0.81954,0.81954,0.829227
2022-09-19 09:00:00.000 UTC,0.82029,0.815244,0.816617,0.82029
2022-09-19 08:00:00.000 UTC,0.821837,0.816983,0.820836,0.816983
2022-09-19 07:00:00.000 UTC,0.821548,0.816035,0.818701,0.821548
2022-09-19 06:00:00.000 UTC,0.828159,0.818041,0.824926,0.818821
2022-09-19 05:00:00.000 UTC,0.831286,0.823414,0.823414,0.827662
2022-09-19 04:00:00.000 UTC,0.823738,0.817847,0.817847,0.823738
2022-09-19 03:00:00.000 UTC,0.820477,0.815356,0.819584,0.818511
2022-09-19 02:00:00.000 UTC,0.835843,0.815938,0.835843,0.819196
2022-09-19 01:00:00.000 UTC,0.840111,0.834377,0.83777,0.835371
2022-09-19 00:00:00.000 UTC,0.844004,0.825516,0.828948,0.837876
2022-09-18 23:00:00.000 UTC,0.8363,0.827022,0.833895,0.827022
2022-09-18 22:00:00.000 UTC,0.83862,0.827112,0.83862,0.834212
2022-09-18 21:00:00.000 UTC,0.867936,0.836361,0.867304,0.837973
2022-09-18 20:00:00.000 UTC,0.872624,0.868101,0.871218,0.868261
2022-09-18 19:00:00.000 UTC,0.877909,0.87241,0.874356,0.87241
2022-09-18 18:00:00.000 UTC,0.879752,0.874482,0.878145,0.875026
2022-09-18 17:00:00.000 UTC,0.888325,0.879039,0.888325,0.879039
2022-09-18 16:00:00.000 UTC,0.902925,0.888079,0.902685,0.889011
2022-09-18 15:00:00.000 UTC,0.901878,0.899053,0.899878,0.901708
2022-09-18 14:00:00.000 UTC,0.905863,0.897918,0.905863,0.899729
2022-09-18 13:00:00.000 UTC,0.910587,0.906392,0.910587,0.906589
2022-09-18 12:00:00.000 UTC,0.909967,0.900889,0.905527,0.909967
2022-09-18 11:00:00.000 UTC,0.911283,0.901662,0.901662,0.90519
2022-09-18 10:00:00.000 UTC,0.907215,0.900346,0.900346,0.903399
2022-09-18 09:00:00.000 UTC,0.918726,0.898595,0.914718,0.902081
2022-09-18 08:00:00.000 UTC,0.918122,0.912513,0.914979,0.916703
2022-09-18 07:00:00.000 UTC,0.916344,0.912571,0.915095,0.913883
2022-09-18 06:00:00.000 UTC,0.919695,0.914353,0.916487,0.915298
2022-09-18 05:00:00.000 UTC,0.921626,0.907471,0.907471,0.916869
2022-09-18 04:00:00.000 UTC,0.908027,0.903661,0.903661,0.907797
2022-09-18 03:00:00.000 UTC,0.908657,0.903165,0.905184,0.904003
2022-09-18 02:00:00.000 UTC,0.908677,0.902794,0.902794,0.905254
2022-09-18 01:00:00.000 UTC,0.903693,0.899546,0.902238,0.899546
2022-09-18 00:00:00.000 UTC,0.911698,0.902138,0.911698,0.903252
2022-09-17 23:00:00.000 UTC,0.916371,0.906099,0.907374,0.914553
2022-09-17 22:00:00.000 UTC,0.907476,0.902952,0.903505,0.905791
2022-09-17 21:00:00.000 UTC,0.910612,0.898909,0.902548,0.90451
2022-09-17 20:00:00.000 UTC,0.899001,0.895978,0.895978,0.896985
2022-09-17 19:00:00.000 UTC,0.897222,0.894076,0.895819,0.895883
2022-09-17 18:00:00.000 UTC,0.898731,0.894836,0.896812,0.897227
2022-09-17 17:00:00.000 UTC,0.902598,0.898235,0.902598,0.89866
2022-09-17 16:00:00.000 UTC,0.902872,0.897814,0.897814,0.902817
2022-09-17 15:00:00.000 UTC,0.902007,0.897689,0.902007,0.899516
2022-09-17 14:00:00.000 UTC,0.901563,0.890639,0.890639,0.901563
2022-09-17 13:00:00.000 UTC,0.894875,0.88163,0.88163,0.889593
2022-09-17 12:00:00.000 UTC,0.882284,0.878183,0.878183,0.88192
2022-09-17 11:00:00.000 UTC,0.87808,0.87698,0.877204,0.877535
2022-09-17 10:00:00.000 UTC,0.879337,0.875201,0.878333,0.877003
2022-09-17 09:00:00.000 UTC,0.880599,0.877517,0.880131,0.878002
2022-09-17 08:00:00.000 UTC,0.881421,0.879248,0.880064,0.880071
2022-09-17 07:00:00.000 UTC,0.879726,0.87597,0.877947,0.878523
2022-09-17 06:00:00.000 UTC,0.878832,0.877061,0.87747,0.877647
2022-09-17 05:00:00.000 UTC,0.882933,0.877424,0.882767,0.877424
2022-09-17 04:00:00.000 UTC,0.885341,0.882155,0.88232,0.882155
2022-09-17 03:00:00.000 UTC,0.884269,0.882453,0.882729,0.882453
2022-09-17 02:00:00.000 UTC,0.890192,0.882348,0.886468,0.882348
2022-09-17 01:00:00.000 UTC,0.887751,0.882945,0.883935,0.887751
2022-09-17 00:00:00.000 UTC,0.89129,0.876761,0.876761,0.885431
2022-09-16 23:00:00.000 UTC,0.876487,0.873038,0.874647,0.874981
2022-09-16 22:00:00.000 UTC,0.877914,0.875104,0.875636,0.87516
2022-09-16 21:00:00.000 UTC,0.879297,0.876942,0.878499,0.876942
2022-09-16 20:00:00.000 UTC,0.879437,0.871521,0.871521,0.879437
2022-09-16 19:00:00.000 UTC,0.877231,0.866447,0.866447,0.871298
2022-09-16 18:00:00.000 UTC,0.871205,0.859259,0.862913,0.867346
2022-09-16 17:00:00.000 UTC,0.86745,0.856788,0.863944,0.863143
2022-09-16 16:00:00.000 UTC,0.874731,0.856543,0.874731,0.862692
2022-09-16 15:00:00.000 UTC,0.874557,0.865636,0.870934,0.869144
2022-09-16 14:00:00.000 UTC,0.871501,0.857605,0.859608,0.870328
2022-09-16 13:00:00.000 UTC,0.870753,0.861345,0.870753,0.861345
2022-09-16 12:00:00.000 UTC,0.873106,0.867881,0.873106,0.870376
2022-09-16 11:00:00.000 UTC,0.877369,0.864566,0.864609,0.872497
2022-09-16 10:00:00.000 UTC,0.868257,0.859136,0.859136,0.864472
2022-09-16 09:00:00.000 UTC,0.857672,0.852701,0.852701,0.857431
2022-09-16 08:00:00.000 UTC,0.860324,0.854387,0.857944,0.854387
2022-09-16 07:00:00.000 UTC,0.863967,0.859944,0.861631,0.859944
2022-09-16 06:00:00.000 UTC,0.865091,0.861526,0.863902,0.862306
2022-09-16 05:00:00.000 UTC,0.866053,0.856869,0.857121,0.862586
2022-09-16 04:00:00.000 UTC,0.860858,0.85484,0.85484,0.857309
2022-09-16 03:00:00.000 UTC,0.854662,0.852291,0.853437,0.854178
2022-09-16 02:00:00.000 UTC,0.857864,0.851796,0.85768,0.853691
2022-09-16 01:00:00.000 UTC,0.861731,0.856303,0.861731,0.857523
2022-09-16 00:00:00.000 UTC,0.858582,0.849191,0.857459,0.856834
2022-09-15 23:00:00.000 UTC,0.858296,0.855637,0.857159,0.856499
2022-09-15 22:00:00.000 UTC,0.867451,0.854885,0.866956,0.854885
2022-09-15 21:00:00.000 UTC,0.872498,0.863292,0.872498,0.865338
2022-09-15 20:00:00.000 UTC,0.87198,0.866182,0.868691,0.868979
2022-09-15 19:00:00.000 UTC,0.870656,0.863153,0.86503,0.870656
2022-09-15 18:00:00.000 UTC,0.872921,0.866453,0.870147,0.866813
2022-09-15 17:00:00.000 UTC,0.876309,0.868245,0.868245,0.870842
2022-09-15 16:00:00.000 UTC,0.866564,0.860547,0.863034,0.865225
2022-09-15 15:00:00.000 UTC,0.863956,0.859812,0.863264,0.862246
2022-09-15 14:00:00.000 UTC,0.883535,0.866157,0.882128,0.866157
2022-09-15 13:00:00.000 UTC,0.887275,0.877544,0.887232,0.880278
2022-09-15 12:00:00.000 UTC,0.887374,0.883885,0.88448,0.887374
2022-09-15 11:00:00.000 UTC,0.884141,0.875236,0.877789,0.883244
2022-09-15 10:00:00.000 UTC,0.884748,0.877166,0.88001,0.877629
2022-09-15 09:00:00.000 UTC,0.885056,0.881776,0.882763,0.883136
2022-09-15 08:00:00.000 UTC,0.890923,0.882101,0.890923,0.882854
2022-09-15 07:00:00.000 UTC,0.892843,0.882664,0.882664,0.89049
2022-09-15 06:00:00.000 UTC,0.885231,0.868241,0.877955,0.885231
2022-09-15 05:00:00.000 UTC,0.87884,0.870981,0.870981,0.877547
2022-09-15 04:00:00.000 UTC,0.873764,0.869865,0.873026,0.870547
2022-09-15 03:00:00.000 UTC,0.876679,0.869602,0.876679,0.871501
2022-09-15 02:00:00.000 UTC,0.885371,0.874179,0.885177,0.877876
2022-09-15 01:00:00.000 UTC,0.887245,0.883499,0.887005,0.887142
2022-09-15 00:00:00.000 UTC,0.899957,0.885316,0.899957,0.886557
2022-09-14 23:00:00.000 UTC,0.903279,0.898744,0.898744,0.903279
2022-09-14 22:00:00.000 UTC,0.901174,0.897152,0.899988,0.901161
2022-09-14 21:00:00.000 UTC,0.896921,0.892537,0.896664,0.896123
2022-09-14 20:00:00.000 UTC,0.896207,0.894097,0.896207,0.895118
2022-09-14 19:00:00.000 UTC,0.896468,0.88553,0.887564,0.896388
2022-09-14 18:00:00.000 UTC,0.892178,0.877347,0.892178,0.886386
2022-09-14 17:00:00.000 UTC,0.896386,0.886683,0.886683,0.89221
2022-09-14 16:00:00.000 UTC,0.891083,0.883917,0.889896,0.891083
2022-09-14 15:00:00.000 UTC,0.892766,0.88859,0.892766,0.890507
2022-09-14 14:00:00.000 UTC,0.893456,0.887225,0.892126,0.893346
2022-09-14 13:00:00.000 UTC,0.892346,0.884919,0.891576,0.8903
2022-09-14 12:00:00.000 UTC,0.895796,0.881482,0.886694,0.892169
2022-09-14 11:00:00.000 UTC,0.895373,0.887175,0.895373,0.887175
2022-09-14 10:00:00.000 UTC,0.894785,0.889543,0.889543,0.894702
2022-09-14 09:00:00.000 UTC,0.891119,0.88733,0.891098,0.88898
2022-09-14 08:00:00.000 UTC,0.889531,0.878747,0.883891,0.889531
2022-09-14 07:00:00.000 UTC,0.894187,0.880486,0.889242,0.880486
2022-09-14 06:00:00.000 UTC,0.897237,0.889192,0.897237,0.889354
2022-09-14 05:00:00.000 UTC,0.899504,0.895507,0.89714,0.898126
2022-09-14 04:00:00.000 UTC,0.898303,0.891874,0.892644,0.898303
2022-09-14 03:00:00.000 UTC,0.89658,0.891653,0.894621,0.892502
2022-09-14 02:00:00.000 UTC,0.893786,0.886725,0.886725,0.89092
2022-09-14 01:00:00.000 UTC,0.88382,0.881342,0.882247,0.883682
2022-09-14 00:00:00.000 UTC,0.883843,0.878461,0.879759,0.882512
2022-09-13 23:00:00.000 UTC,0.884627,0.879589,0.882793,0.881172
2022-09-13 22:00:00.000 UTC,0.889014,0.883346,0.889014,0.883346
2022-09-13 21:00:00.000 UTC,0.894802,0.885631,0.89302,0.888792
2022-09-13 20:00:00.000 UTC,0.898737,0.893523,0.893676,0.897134
2022-09-13 19:00:00.000 UTC,0.89487,0.885133,0.894081,0.894705
2022-09-13 18:00:00.000 UTC,0.904558,0.897849,0.904558,0.897849
2022-09-13 17:00:00.000 UTC,0.907392,0.904443,0.90497,0.904578
2022-09-13 16:00:00.000 UTC,0.907115,0.901616,0.902245,0.906444
2022-09-13 15:00:00.000 UTC,0.905262,0.902987,0.9043,0.903562
2022-09-13 14:00:00.000 UTC,0.910808,0.902713,0.907624,0.903315
2022-09-13 13:00:00.000 UTC,0.915803,0.909144,0.915803,0.909144
2022-09-13 12:00:00.000 UTC,0.968053,0.916354,0.96317,0.916354
2022-09-13 11:00:00.000 UTC,0.966088,0.959946,0.961472,0.96168
2022-09-13 10:00:00.000 UTC,0.961737,0.950731,0.950731,0.961737
2022-09-13 09:00:00.000 UTC,0.96557,0.951383,0.961099,0.951383
2022-09-13 08:00:00.000 UTC,0.968187,0.960418,0.963935,0.960418
2022-09-13 07:00:00.000 UTC,0.963817,0.953782,0.953782,0.963817
2022-09-13 06:00:00.000 UTC,0.959798,0.954117,0.955721,0.954312
2022-09-13 05:00:00.000 UTC,0.958788,0.953959,0.954043,0.95589
2022-09-13 04:00:00.000 UTC,0.958564,0.94899,0.953689,0.954255
2022-09-13 03:00:00.000 UTC,0.954196,0.941963,0.946497,0.954196
2022-09-13 02:00:00.000 UTC,0.944712,0.934584,0.938075,0.944712
2022-09-13 01:00:00.000 UTC,0.948106,0.939514,0.94679,0.939514
2022-09-13 00:00:00.000 UTC,0.960268,0.945756,0.960268,0.947348
2022-09-12 23:00:00.000 UTC,0.964369,0.959081,0.963471,0.960753
2022-09-12 22:00:00.000 UTC,0.967285,0.963784,0.967285,0.965107
2022-09-12 21:00:00.000 UTC,0.976944,0.969376,0.976944,0.970101
2022-09-12 20:00:00.000 UTC,0.978215,0.969128,0.969128,0.977725
2022-09-12 19:00:00.000 UTC,0.971896,0.966872,0.968772,0.969647
2022-09-12 18:00:00.000 UTC,0.970464,0.965944,0.969066,0.967628
2022-09-12 17:00:00.000 UTC,0.968173,0.963653,0.968149,0.967427
2022-09-12 16:00:00.000 UTC,0.969132,0.955048,0.969132,0.965625
2022-09-12 15:00:00.000 UTC,0.981882,0.968327,0.981882,0.968327
2022-09-12 14:00:00.000 UTC,0.991332,0.97828,0.989194,0.98524
2022-09-12 13:00:00.000 UTC,0.992556,0.988059,0.988059,0.988989
2022-09-12 12:00:00.000 UTC,0.99076,0.986509,0.986509,0.9879
2022-09-12 11:00:00.000 UTC,0.992939,0.985716,0.992939,0.986118
2022-09-12 10:00:00.000 UTC,0.991884,0.977739,0.984262,0.991884
2022-09-12 09:00:00.000 UTC,0.984267,0.98023,0.983481,0.984267
2022-09-12 08:00:00.000 UTC,0.985048,0.972793,0.972793,0.982743
2022-09-12 07:00:00.000 UTC,0.974166,0.967529,0.968227,0.971204
2022-09-12 06:00:00.000 UTC,0.966926,0.96415,0.96415,0.966926
2022-09-12 05:00:00.000 UTC,0.965906,0.963715,0.964868,0.965402
2022-09-12 04:00:00.000 UTC,0.965508,0.959768,0.959768,0.965508
2022-09-12 03:00:00.000 UTC,0.970862,0.956778,0.968742,0.959437
2022-09-12 02:00:00.000 UTC,0.977923,0.964774,0.977923,0.967633
2022-09-12 01:00:00.000 UTC,0.978656,0.960716,0.961209,0.978656
2022-09-12 00:00:00.000 UTC,0.973177,0.964511,0.973177,0.964511
2022-09-11 23:00:00.000 UTC,0.974588,0.965628,0.966176,0.973954
2022-09-11 22:00:00.000 UTC,0.971031,0.962857,0.962857,0.968898
2022-09-11 21:00:00.000 UTC,0.975542,0.962643,0.974338,0.962643
2022-09-11 20:00:00.000 UTC,0.98069,0.970553,0.97922,0.973503
2022-09-11 19:00:00.000 UTC,0.979154,0.975989,0.975989,0.978877
2022-09-11 18:00:00.000 UTC,0.981673,0.977997,0.981673,0.977997
2022-09-11 17:00:00.000 UTC,0.989926,0.982127,0.983926,0.982127
2022-09-11 16:00:00.000 UTC,0.987597,0.974955,0.974955,0.987597
2022-09-11 15:00:00.000 UTC,0.977087,0.97394,0.974752,0.975534
2022-09-11 14:00:00.000 UTC,0.977391,0.972138,0.976195,0.974726
2022-09-11 13:00:00.000 UTC,0.979487,0.973651,0.979127,0.976683
2022-09-11 12:00:00.000 UTC,0.983209,0.976846,0.978465,0.979347
2022-09-11 11:00:00.000 UTC,0.980674,0.978313,0.978313,0.978918
2022-09-11 10:00:00.000 UTC,0.980631,0.979352,0.979924,0.979429
2022-09-11 09:00:00.000 UTC,0.979885,0.9772,0.978667,0.979885
2022-09-11 08:00:00.000 UTC,0.978905,0.973825,0.974487,0.978905
2022-09-11 07:00:00.000 UTC,0.976658,0.971618,0.972369,0.974094
2022-09-11 06:00:00.000 UTC,0.982608,0.966162,0.980246,0.972331
2022-09-11 05:00:00.000 UTC,0.984483,0.980024,0.984483,0.981669
2022-09-11 04:00:00.000 UTC,0.987751,0.983589,0.984729,0.983589
2022-09-11 03:00:00.000 UTC,0.985232,0.982124,0.984639,0.982729
2022-09-11 02:00:00.000 UTC,0.98951,0.98148,0.98636,0.98148
2022-09-11 01:00:00.000 UTC,0.993188,0.985914,0.98808,0.990209
2022-09-11 00:00:00.000 UTC,0.991631,0.985393,0.985393,0.990198
2022-09-10 23:00:00.000 UTC,0.98627,0.982415,0.983558,0.985538
2022-09-10 22:00:00.000 UTC,0.987426,0.980937,0.982157,0.983403
2022-09-10 21:00:00.000 UTC,0.991277,0.981821,0.981821,0.991277
2022-09-10 20:00:00.000 UTC,0.9822,0.978179,0.9822,0.981585
2022-09-10 19:00:00.000 UTC,0.981578,0.979774,0.981578,0.980721
2022-09-10 18:00:00.000 UTC,0.981837,0.978021,0.978021,0.981837
2022-09-10 17:00:00.000 UTC,0.988823,0.9782,0.988823,0.979763
2022-09-10 16:00:00.000 UTC,0.991917,0.975171,0.975171,0.99168
2022-09-10 15:00:00.000 UTC,0.980356,0.97402,0.978363,0.975952
2022-09-10 14:00:00.000 UTC,0.986484,0.979902,0.980416,0.980907
2022-09-10 13:00:00.000 UTC,0.996293,0.979668,0.996293,0.979668
2022-09-10 12:00:00.000 UTC,1.000412,0.991072,0.997801,0.992103
2022-09-10 11:00:00.000 UTC,1.001727,0.994796,0.998796,0.998201
2022-09-10 10:00:00.000 UTC,1.016051,0.997642,1.016051,0.997642
2022-09-10 09:00:00.000 UTC,1.018806,1.002874,1.002874,1.016446
2022-09-10 08:00:00.000 UTC,1.017534,0.977896,0.977896,1.004701
2022-09-10 07:00:00.000 UTC,0.993293,0.974574,0.985819,0.976669
2022-09-10 06:00:00.000 UTC,0.986739,0.972518,0.972518,0.986436
2022-09-10 05:00:00.000 UTC,0.976076,0.968411,0.968908,0.973182
2022-09-10 04:00:00.000 UTC,0.979169,0.966861,0.972923,0.966861
2022-09-10 03:00:00.000 UTC,0.98398,0.972799,0.98398,0.973042
2022-09-10 02:00:00.000 UTC,0.984256,0.979151,0.979472,0.984116
2022-09-10 01:00:00.000 UTC,0.983705,0.978052,0.978052,0.978955
2022-09-10 00:00:00.000 UTC,0.981788,0.970804,0.97958,0.977232
2022-09-09 23:00:00.000 UTC,0.981359,0.967213,0.976454,0.979447
2022-09-09 22:00:00.000 UTC,0.980351,0.974968,0.975326,0.975494
2022-09-09 21:00:00.000 UTC,0.980686,0.9739,0.97908,0.976352
2022-09-09 20:00:00.000 UTC,0.979702,0.973233,0.974466,0.976856
2022-09-09 19:00:00.000 UTC,0.975289,0.966432,0.966432,0.975289
2022-09-09 18:00:00.000 UTC,0.97048,0.964815,0.964815,0.966967
2022-09-09 17:00:00.000 UTC,0.975031,0.964974,0.974199,0.964974
2022-09-09 16:00:00.000 UTC,0.971072,0.958889,0.967641,0.971072
2022-09-09 15:00:00.000 UTC,0.96971,0.963769,0.968088,0.96636
2022-09-09 14:00:00.000 UTC,0.9709,0.966297,0.966297,0.967781
2022-09-09 13:00:00.000 UTC,0.973363,0.964881,0.973363,0.96717
2022-09-09 12:00:00.000 UTC,0.99015,0.976294,0.977683,0.976551
2022-09-09 11:00:00.000 UTC,0.975903,0.96981,0.970995,0.973885
2022-09-09 10:00:00.000 UTC,0.972119,0.966986,0.971059,0.969238
2022-09-09 09:00:00.000 UTC,0.970124,0.964195,0.968756,0.969305
2022-09-09 08:00:00.000 UTC,0.970197,0.956367,0.956367,0.970197
2022-09-09 07:00:00.000 UTC,0.959177,0.954399,0.958487,0.956176
2022-09-09 06:00:00.000 UTC,0.959457,0.954381,0.95828,0.959266
2022-09-09 05:00:00.000 UTC,0.959954,0.94766,0.94766,0.959954
2022-09-09 04:00:00.000 UTC,0.950806,0.933733,0.933733,0.950806
2022-09-09 03:00:00.000 UTC,0.936647,0.920111,0.920111,0.936162
2022-09-09 02:00:00.000 UTC,0.924856,0.920724,0.921958,0.920944
2022-09-09 01:00:00.000 UTC,0.928968,0.920743,0.92627,0.922153
2022-09-09 00:00:00.000 UTC,0.926562,0.916435,0.916435,0.926562
2022-09-08 23:00:00.000 UTC,0.916222,0.91109,0.91109,0.916153
2022-09-08 22:00:00.000 UTC,0.916111,0.909511,0.913643,0.914819
2022-09-08 21:00:00.000 UTC,0.914985,0.910209,0.914985,0.912576
2022-09-08 20:00:00.000 UTC,0.916978,0.91185,0.915283,0.914913
2022-09-08 19:00:00.000 UTC,0.910592,0.904769,0.904769,0.910586
2022-09-08 18:00:00.000 UTC,0.909494,0.904751,0.905399,0.90773
2022-09-08 17:00:00.000 UTC,0.907396,0.898365,0.899381,0.906363
2022-09-08 16:00:00.000 UTC,0.907874,0.897146,0.907874,0.901194
2022-09-08 15:00:00.000 UTC,0.91596,0.908103,0.915364,0.908103
2022-09-08 14:00:00.000 UTC,0.909086,0.902439,0.909086,0.907909
2022-09-08 13:00:00.000 UTC,0.909259,0.895099,0.901795,0.909259
2022-09-08 12:00:00.000 UTC,0.909685,0.901527,0.908176,0.903085
2022-09-08 11:00:00.000 UTC,0.91169,0.907386,0.907889,0.908674
2022-09-08 10:00:00.000 UTC,0.910675,0.903106,0.903517,0.907429
2022-09-08 09:00:00.000 UTC,0.908556,0.900678,0.903072,0.900998
2022-09-08 08:00:00.000 UTC,0.903624,0.895056,0.900136,0.90311
2022-09-08 07:00:00.000 UTC,0.909346,0.894023,0.907604,0.894997
2022-09-08 06:00:00.000 UTC,0.909344,0.904476,0.904476,0.90612
2022-09-08 05:00:00.000 UTC,0.906738,0.903384,0.906738,0.904181
2022-09-08 04:00:00.000 UTC,0.912391,0.904063,0.904063,0.905282
2022-09-08 03:00:00.000 UTC,0.909148,0.904995,0.907488,0.905922
2022-09-08 02:00:00.000 UTC,0.907842,0.899516,0.899516,0.90499
2022-09-08 01:00:00.000 UTC,0.905098,0.899092,0.903146,0.900622
2022-09-08 00:00:00.000 UTC,0.907982,0.899088,0.904369,0.899673
2022-09-07 23:00:00.000 UTC,0.908285,0.903719,0.904704,0.904843
2022-09-07 22:00:00.000 UTC,0.910753,0.904512,0.90747,0.904512
2022-09-07 21:00:00.000 UTC,0.910707,0.903135,0.905101,0.907196
2022-09-07 20:00:00.000 UTC,0.906057,0.891999,0.891999,0.906057
2022-09-07 19:00:00.000 UTC,0.893603,0.889235,0.893303,0.892558
2022-09-07 18:00:00.000 UTC,0.893427,0.889131,0.891849,0.889689
2022-09-07 17:00:00.000 UTC,0.89505,0.88326,0.88326,0.89505
2022-09-07 16:00:00.000 UTC,0.888881,0.88102,0.885292,0.882911
2022-09-07 15:00:00.000 UTC,0.885233,0.880003,0.880003,0.885233
2022-09-07 14:00:00.000 UTC,0.882135,0.876084,0.87653,0.880281
2022-09-07 13:00:00.000 UTC,0.880787,0.869409,0.869409,0.876622
2022-09-07 12:00:00.000 UTC,0.869335,0.863961,0.867941,0.866726
2022-09-07 11:00:00.000 UTC,0.87151,0.86829,0.870259,0.86834
2022-09-07 10:00:00.000 UTC,0.873328,0.869664,0.873328,0.870556
2022-09-07 09:00:00.000 UTC,0.875015,0.871883,0.875015,0.873427
2022-09-07 08:00:00.000 UTC,0.875095,0.873466,0.873466,0.875095
2022-09-07 07:00:00.000 UTC,0.87354,0.87186,0.873538,0.872552
2022-09-07 06:00:00.000 UTC,0.873821,0.870544,0.870765,0.873294
2022-09-07 05:00:00.000 UTC,0.873816,0.870834,0.873661,0.871184
2022-09-07 04:00:00.000 UTC,0.873319,0.865806,0.867265,0.870227
2022-09-07 03:00:00.000 UTC,0.871117,0.863891,0.865688,0.866627
2022-09-07 02:00:00.000 UTC,0.874593,0.860245,0.874083,0.863096
2022-09-07 01:00:00.000 UTC,0.879782,0.874756,0.879782,0.874756
2022-09-07 00:00:00.000 UTC,0.881431,0.875532,0.879872,0.880498
2022-09-06 23:00:00.000 UTC,0.888208,0.879738,0.885309,0.879738
2022-09-06 22:00:00.000 UTC,0.890744,0.88269,0.886473,0.887138
2022-09-06 21:00:00.000 UTC,0.8876,0.885074,0.887044,0.886546
2022-09-06 20:00:00.000 UTC,0.891374,0.882,0.891374,0.888407
2022-09-06 19:00:00.000 UTC,0.896529,0.888854,0.891526,0.888854
2022-09-06 18:00:00.000 UTC,0.903018,0.892575,0.903018,0.892575
2022-09-06 17:00:00.000 UTC,0.959793,0.902034,0.959793,0.902666
2022-09-06 16:00:00.000 UTC,0.961135,0.956773,0.959896,0.95938
2022-09-06 15:00:00.000 UTC,0.961225,0.956102,0.959217,0.958422
2022-09-06 14:00:00.000 UTC,0.958242,0.949292,0.952629,0.9552
2022-09-06 13:00:00.000 UTC,0.966447,0.954788,0.965328,0.954788
2022-09-06 12:00:00.000 UTC,0.970923,0.962965,0.962965,0.966409
2022-09-06 11:00:00.000 UTC,0.964202,0.962053,0.963589,0.963036
2022-09-06 10:00:00.000 UTC,0.965101,0.961199,0.961206,0.9643
2022-09-06 09:00:00.000 UTC,0.967264,0.959218,0.967264,0.961761
2022-09-06 08:00:00.000 UTC,0.965446,0.961593,0.963233,0.962812
2022-09-06 07:00:00.000 UTC,0.965629,0.961429,0.964337,0.962036
2022-09-06 06:00:00.000 UTC,0.966381,0.96339,0.96339,0.96375
2022-09-06 05:00:00.000 UTC,0.966628,0.958596,0.958596,0.965241
2022-09-06 04:00:00.000 UTC,0.963778,0.959035,0.959091,0.959785
2022-09-06 03:00:00.000 UTC,0.957901,0.950912,0.956491,0.957569
2022-09-06 02:00:00.000 UTC,0.96084,0.950501,0.96084,0.956594
2022-09-06 01:00:00.000 UTC,0.973847,0.963837,0.968864,0.963837
2022-09-06 00:00:00.000 UTC,0.974094,0.958369,0.958369,0.974094
2022-09-05 23:00:00.000 UTC,0.959699,0.952613,0.955757,0.958097
2022-09-05 22:00:00.000 UTC,0.954393,0.949799,0.952449,0.954393
2022-09-05 21:00:00.000 UTC,0.95434,0.949373,0.95434,0.951477
2022-09-05 20:00:00.000 UTC,0.954421,0.948473,0.949929,0.952538
2022-09-05 19:00:00.000 UTC,0.952324,0.948389,0.952012,0.948524
2022-09-05 18:00:00.000 UTC,0.954957,0.946782,0.95259,0.948701
2022-09-05 17:00:00.000 UTC,0.954722,0.950727,0.953935,0.953426
2022-09-05 16:00:00.000 UTC,0.956656,0.951274,0.951891,0.95146
2022-09-05 15:00:00.000 UTC,0.955439,0.951842,0.952593,0.954035
2022-09-05 14:00:00.000 UTC,0.952471,0.948915,0.950073,0.951361
2022-09-05 13:00:00.000 UTC,0.953743,0.945617,0.945617,0.949315
2022-09-05 12:00:00.000 UTC,0.947887,0.943856,0.945247,0.947125
2022-09-05 11:00:00.000 UTC,0.948821,0.945405,0.945461,0.945405
2022-09-05 10:00:00.000 UTC,0.958326,0.94494,0.947403,0.945385
2022-09-05 09:00:00.000 UTC,0.949833,0.942405,0.949498,0.947087
2022-09-05 08:00:00.000 UTC,0.955594,0.950702,0.95544,0.951826
2022-09-05 07:00:00.000 UTC,0.966254,0.954581,0.965819,0.954581
2022-09-05 06:00:00.000 UTC,0.974054,0.965356,0.96973,0.966385
2022-09-05 05:00:00.000 UTC,0.982374,0.967244,0.982302,0.97081
2022-09-05 04:00:00.000 UTC,0.979851,0.973422,0.973422,0.979851
2022-09-05 03:00:00.000 UTC,0.974197,0.969003,0.972299,0.974197
2022-09-05 02:00:00.000 UTC,0.974529,0.969484,0.974529,0.972767
2022-09-05 01:00:00.000 UTC,0.985137,0.974137,0.980398,0.975233
2022-09-05 00:00:00.000 UTC,0.982287,0.966059,0.968933,0.977591
2022-09-04 23:00:00.000 UTC,0.967204,0.961978,0.96502,0.965528
2022-09-04 22:00:00.000 UTC,0.967624,0.964493,0.967624,0.965177
2022-09-04 21:00:00.000 UTC,0.970074,0.965385,0.965385,0.966722
2022-09-04 20:00:00.000 UTC,0.970006,0.965637,0.967227,0.968625
2022-09-04 19:00:00.000 UTC,0.975524,0.967338,0.974067,0.967592
2022-09-04 18:00:00.000 UTC,0.978848,0.973062,0.973423,0.973914
2022-09-04 17:00:00.000 UTC,0.973567,0.963739,0.968044,0.973567
2022-09-04 16:00:00.000 UTC,0.967314,0.963113,0.966956,0.967314
2022-09-04 15:00:00.000 UTC,0.967741,0.965014,0.967741,0.965822
2022-09-04 14:00:00.000 UTC,0.969582,0.964488,0.964951,0.966971
2022-09-04 13:00:00.000 UTC,0.973424,0.963447,0.973424,0.963476
2022-09-04 12:00:00.000 UTC,0.971145,0.959429,0.969908,0.971145
2022-09-04 11:00:00.000 UTC,0.959739,0.937568,0.939562,0.959558
2022-09-04 10:00:00.000 UTC,0.938593,0.930942,0.930942,0.937152
2022-09-04 09:00:00.000 UTC,0.936752,0.928668,0.933689,0.931066
2022-09-04 08:00:00.000 UTC,0.934187,0.924342,0.925888,0.932735
2022-09-04 07:00:00.000 UTC,0.928414,0.927196,0.927246,0.928108
2022-09-04 06:00:00.000 UTC,0.932785,0.926029,0.930425,0.926291
2022-09-04 05:00:00.000 UTC,0.931699,0.930514,0.93149,0.93081
2022-09-04 04:00:00.000 UTC,0.935396,0.928903,0.930447,0.930554
2022-09-04 03:00:00.000 UTC,0.939015,0.930173,0.933576,0.930385
2022-09-04 02:00:00.000 UTC,0.938299,0.92969,0.92969,0.936839
2022-09-04 01:00:00.000 UTC,0.935094,0.930217,0.933742,0.930217
2022-09-04 00:00:00.000 UTC,0.939873,0.929221,0.929352,0.93102
2022-09-03 23:00:00.000 UTC,0.929726,0.926792,0.926792,0.929391
2022-09-03 22:00:00.000 UTC,0.93444,0.926454,0.931963,0.926836
2022-09-03 21:00:00.000 UTC,0.932729,0.923784,0.924062,0.932508
2022-09-03 20:00:00.000 UTC,0.924274,0.921804,0.923146,0.923969
2022-09-03 19:00:00.000 UTC,0.926793,0.921426,0.92508,0.923143
2022-09-03 18:00:00.000 UTC,0.928359,0.92709,0.928064,0.928359
2022-09-03 17:00:00.000 UTC,0.927449,0.925329,0.927445,0.927449
2022-09-03 16:00:00.000 UTC,0.927843,0.926039,0.926039,0.92736
2022-09-03 15:00:00.000 UTC,0.92632,0.923221,0.923886,0.924851
2022-09-03 14:00:00.000 UTC,0.926461,0.9235,0.926461,0.923997
2022-09-03 13:00:00.000 UTC,0.92827,0.924841,0.926782,0.927312
2022-09-03 12:00:00.000 UTC,0.931719,0.925687,0.92869,0.925687
2022-09-03 11:00:00.000 UTC,0.933248,0.928538,0.932083,0.928538
2022-09-03 10:00:00.000 UTC,0.933447,0.922184,0.922184,0.931031
2022-09-03 09:00:00.000 UTC,0.921995,0.919123,0.919123,0.921995
2022-09-03 08:00:00.000 UTC,0.924285,0.918458,0.924285,0.91872
2022-09-03 07:00:00.000 UTC,0.92686,0.920348,0.926551,0.920348
2022-09-03 06:00:00.000 UTC,0.928207,0.925257,0.927643,0.92624
2022-09-03 05:00:00.000 UTC,0.932529,0.925191,0.925625,0.92779
2022-09-03 04:00:00.000 UTC,0.928267,0.921778,0.921778,0.925468
2022-09-03 03:00:00.000 UTC,0.927393,0.92206,0.92443,0.922113
2022-09-03 02:00:00.000 UTC,0.928154,0.923447,0.928154,0.924499
2022-09-03 01:00:00.000 UTC,0.930981,0.924924,0.930981,0.928357
2022-09-03 00:00:00.000 UTC,0.935817,0.92993,0.935817,0.93154
2022-09-02 23:00:00.000 UTC,0.935097,0.928399,0.928553,0.935097
2022-09-02 22:00:00.000 UTC,0.931417,0.924696,0.931281,0.928837
2022-09-02 21:00:00.000 UTC,0.931367,0.924089,0.924089,0.928715
2022-09-02 20:00:00.000 UTC,0.925673,0.921677,0.924738,0.922157
2022-09-02 19:00:00.000 UTC,0.936984,0.923103,0.935723,0.923103
2022-09-02 18:00:00.000 UTC,0.939223,0.927749,0.932604,0.933812
2022-09-02 17:00:00.000 UTC,0.946538,0.932979,0.946538,0.934621
2022-09-02 16:00:00.000 UTC,0.955813,0.945825,0.952108,0.945825
2022-09-02 15:00:00.000 UTC,0.957365,0.951059,0.95404,0.952074
2022-09-02 14:00:00.000 UTC,0.955452,0.947332,0.949938,0.952453
2022-09-02 13:00:00.000 UTC,0.953027,0.946966,0.948162,0.951666
2022-09-02 12:00:00.000 UTC,0.954091,0.937462,0.940711,0.947639
2022-09-02 11:00:00.000 UTC,0.942415,0.934782,0.940996,0.938087
2022-09-02 10:00:00.000 UTC,0.948662,0.942329,0.946574,0.942595
2022-09-02 09:00:00.000 UTC,0.9487,0.943518,0.9487,0.944729
2022-09-02 08:00:00.000 UTC,0.946941,0.942094,0.944442,0.946941
2022-09-02 07:00:00.000 UTC,0.944322,0.940215,0.941673,0.942756
2022-09-02 06:00:00.000 UTC,0.945019,0.939817,0.944081,0.941933
2022-09-02 05:00:00.000 UTC,0.946603,0.941118,0.944142,0.945747
2022-09-02 04:00:00.000 UTC,0.949942,0.944578,0.948028,0.947649
2022-09-02 03:00:00.000 UTC,0.948535,0.933068,0.933068,0.948535
2022-09-02 02:00:00.000 UTC,0.934865,0.930077,0.932174,0.932428
2022-09-02 01:00:00.000 UTC,0.937566,0.931775,0.937316,0.931775
2022-09-02 00:00:00.000 UTC,0.940533,0.93626,0.940533,0.936763
2022-09-01 23:00:00.000 UTC,0.942336,0.936536,0.937962,0.942336
2022-09-01 22:00:00.000 UTC,0.939596,0.935949,0.936184,0.938202
2022-09-01 21:00:00.000 UTC,0.939036,0.933301,0.933301,0.936303
2022-09-01 20:00:00.000 UTC,0.932679,0.925691,0.925691,0.932679
2022-09-01 19:00:00.000 UTC,0.924981,0.921398,0.921398,0.924415
2022-09-01 18:00:00.000 UTC,0.924424,0.919111,0.919431,0.922063
2022-09-01 17:00:00.000 UTC,0.923884,0.919139,0.92197,0.919636
2022-09-01 16:00:00.000 UTC,0.92212,0.915678,0.915926,0.917032
2022-09-01 15:00:00.000 UTC,0.919085,0.913489,0.915063,0.91598
2022-09-01 14:00:00.000 UTC,0.931012,0.911615,0.929914,0.911615
2022-09-01 13:00:00.000 UTC,0.936493,0.927407,0.932306,0.92998
2022-09-01 12:00:00.000 UTC,0.936552,0.928023,0.936203,0.931421
2022-09-01 11:00:00.000 UTC,0.936292,0.93319,0.93319,0.936182
2022-09-01 10:00:00.000 UTC,0.936156,0.929738,0.929738,0.932213
2022-09-01 09:00:00.000 UTC,0.930454,0.925153,0.925272,0.930454
2022-09-01 08:00:00.000 UTC,0.926623,0.922636,0.925908,0.924134
2022-09-01 07:00:00.000 UTC,0.935502,0.923686,0.935502,0.926209
2022-09-01 06:00:00.000 UTC,0.93682,0.932523,0.93682,0.934101
2022-09-01 05:00:00.000 UTC,0.938345,0.934015,0.93573,0.937183
2022-09-01 04:00:00.000 UTC,0.935945,0.932564,0.9359,0.935768
2022-09-01 03:00:00.000 UTC,0.938653,0.933735,0.935986,0.933735
2022-09-01 02:00:00.000 UTC,0.941284,0.936377,0.937668,0.936436
2022-09-01 01:00:00.000 UTC,0.938164,0.934795,0.934795,0.938027
2022-09-01 00:00:00.000 UTC,0.947466,0.932014,0.944019,0.932014
2022-08-31 23:00:00.000 UTC,0.951676,0.941696,0.951676,0.943011
2022-08-31 22:00:00.000 UTC,0.958483,0.948606,0.95644,0.952367
2022-08-31 21:00:00.000 UTC,0.956472,0.950972,0.951232,0.955747
2022-08-31 20:00:00.000 UTC,0.955509,0.950704,0.955509,0.951946
2022-08-31 19:00:00.000 UTC,0.958027,0.949743,0.949743,0.956367
2022-08-31 18:00:00.000 UTC,0.9492,0.945441,0.945782,0.949158
2022-08-31 17:00:00.000 UTC,0.954412,0.944718,0.951431,0.951342
2022-08-31 16:00:00.000 UTC,0.954275,0.950741,0.954275,0.952036
2022-08-31 15:00:00.000 UTC,0.958298,0.948664,0.958298,0.954452
2022-08-31 14:00:00.000 UTC,0.966798,0.959347,0.966798,0.959347
2022-08-31 13:00:00.000 UTC,0.969062,0.96405,0.965677,0.969062
2022-08-31 12:00:00.000 UTC,0.968585,0.961314,0.963725,0.96485
2022-08-31 11:00:00.000 UTC,0.968109,0.96151,0.965346,0.963577
2022-08-31 10:00:00.000 UTC,0.968417,0.960201,0.960201,0.968417
2022-08-31 09:00:00.000 UTC,0.963441,0.959569,0.963441,0.961277
2022-08-31 08:00:00.000 UTC,0.965698,0.958999,0.96412,0.964874
2022-08-31 07:00:00.000 UTC,0.967492,0.963785,0.96611,0.967492
2022-08-31 06:00:00.000 UTC,0.978112,0.965671,0.972243,0.966459
2022-08-31 05:00:00.000 UTC,0.974919,0.971092,0.972554,0.972628
2022-08-31 04:00:00.000 UTC,0.974963,0.970736,0.970736,0.972399
2022-08-31 03:00:00.000 UTC,0.979012,0.969043,0.969407,0.97399
2022-08-31 02:00:00.000 UTC,0.971442,0.965201,0.965201,0.968471
2022-08-31 01:00:00.000 UTC,0.975106,0.961714,0.961714,0.965371
2022-08-31 00:00:00.000 UTC,0.963296,0.954106,0.957168,0.962135
2022-08-30 23:00:00.000 UTC,0.962168,0.95319,0.960301,0.955996
2022-08-30 22:00:00.000 UTC,0.961063,0.954119,0.960777,0.961063
2022-08-30 21:00:00.000 UTC,0.963114,0.957848,0.959695,0.958594
2022-08-30 20:00:00.000 UTC,0.962391,0.955115,0.956194,0.961433
2022-08-30 19:00:00.000 UTC,0.962617,0.943668,0.943668,0.961372
2022-08-30 18:00:00.000 UTC,0.943516,0.94083,0.941066,0.942863
2022-08-30 17:00:00.000 UTC,0.946108,0.936591,0.946108,0.940689
2022-08-30 16:00:00.000 UTC,0.960044,0.947278,0.9569,0.94742
2022-08-30 15:00:00.000 UTC,0.962066,0.954186,0.962066,0.957909
2022-08-30 14:00:00.000 UTC,0.987336,0.959914,0.982963,0.959914
2022-08-30 13:00:00.000 UTC,0.985887,0.983009,0.984618,0.983009
2022-08-30 12:00:00.000 UTC,0.990528,0.981895,0.986166,0.983592
2022-08-30 11:00:00.000 UTC,0.990735,0.984369,0.990735,0.985749
2022-08-30 10:00:00.000 UTC,0.995809,0.988681,0.991875,0.988681
2022-08-30 09:00:00.000 UTC,0.995805,0.989586,0.994528,0.992662
2022-08-30 08:00:00.000 UTC,0.996958,0.989715,0.993547,0.989715
2022-08-30 07:00:00.000 UTC,1.000323,0.99282,0.99282,0.993641
2022-08-30 06:00:00.000 UTC,0.995748,0.991766,0.993487,0.993611
2022-08-30 05:00:00.000 UTC,0.996894,0.99314,0.993893,0.99314
2022-08-30 04:00:00.000 UTC,0.998821,0.986178,0.986178,0.997575
2022-08-30 03:00:00.000 UTC,0.986315,0.981814,0.982763,0.986315
2022-08-30 02:00:00.000 UTC,0.983907,0.979455,0.982179,0.982887
2022-08-30 01:00:00.000 UTC,0.989939,0.98207,0.987396,0.98207
2022-08-30 00:00:00.000 UTC,0.991936,0.985415,0.986089,0.986122
2022-08-29 23:00:00.000 UTC,0.990734,0.977834,0.978847,0.985496
2022-08-29 22:00:00.000 UTC,0.980938,0.977026,0.980938,0.979172
2022-08-29 21:00:00.000 UTC,0.981082,0.977207,0.978902,0.981082
2022-08-29 20:00:00.000 UTC,0.981043,0.977382,0.977382,0.977471
2022-08-29 19:00:00.000 UTC,0.979421,0.976138,0.97711,0.977698
2022-08-29 18:00:00.000 UTC,0.978218,0.975185,0.977972,0.976855
2022-08-29 17:00:00.000 UTC,0.981021,0.976813,0.980076,0.978604
2022-08-29 16:00:00.000 UTC,0.980905,0.969182,0.969182,0.98074
2022-08-29 15:00:00.000 UTC,0.972603,0.965226,0.967777,0.969178
2022-08-29 14:00:00.000 UTC,0.978149,0.961644,0.961644,0.970944
2022-08-29 13:00:00.000 UTC,0.966459,0.957317,0.963242,0.962134
2022-08-29 12:00:00.000 UTC,0.970795,0.941676,0.941676,0.960658
2022-08-29 11:00:00.000 UTC,0.944286,0.939883,0.943167,0.940905
2022-08-29 10:00:00.000 UTC,0.943452,0.935644,0.935644,0.943452
2022-08-29 09:00:00.000 UTC,0.938275,0.934853,0.934853,0.938275
2022-08-29 08:00:00.000 UTC,0.940395,0.935562,0.940395,0.940056
2022-08-29 07:00:00.000 UTC,0.94233,0.93799,0.94029,0.940205
2022-08-29 06:00:00.000 UTC,0.939259,0.929929,0.929929,0.938557
2022-08-29 05:00:00.000 UTC,0.939564,0.931972,0.938589,0.931972
2022-08-29 04:00:00.000 UTC,0.939264,0.936708,0.936708,0.937974
2022-08-29 03:00:00.000 UTC,0.940378,0.93024,0.93024,0.936564
2022-08-29 02:00:00.000 UTC,0.932593,0.925773,0.9258,0.929393
2022-08-29 01:00:00.000 UTC,0.928613,0.922773,0.926619,0.924732
2022-08-29 00:00:00.000 UTC,0.94363,0.926473,0.94363,0.927262
2022-08-28 23:00:00.000 UTC,0.958592,0.947028,0.958592,0.947527
2022-08-28 22:00:00.000 UTC,0.966521,0.958224,0.966521,0.959275
2022-08-28 21:00:00.000 UTC,0.972396,0.96608,0.967671,0.96608
2022-08-28 20:00:00.000 UTC,0.971789,0.966504,0.96675,0.968071
2022-08-28 19:00:00.000 UTC,0.971028,0.965944,0.969456,0.966201
2022-08-28 18:00:00.000 UTC,0.970356,0.967862,0.967862,0.968899
2022-08-28 17:00:00.000 UTC,0.97097,0.966616,0.968347,0.968569
2022-08-28 16:00:00.000 UTC,0.975549,0.965884,0.965884,0.969307
2022-08-28 15:00:00.000 UTC,0.966441,0.958003,0.958003,0.965985
2022-08-28 14:00:00.000 UTC,0.962504,0.95355,0.96083,0.959012
2022-08-28 13:00:00.000 UTC,0.964434,0.960668,0.964434,0.962013
2022-08-28 12:00:00.000 UTC,0.970338,0.965062,0.969051,0.965062
2022-08-28 11:00:00.000 UTC,0.969219,0.964465,0.966063,0.968757
2022-08-28 10:00:00.000 UTC,0.970618,0.963078,0.96754,0.968206
2022-08-28 09:00:00.000 UTC,0.970876,0.96651,0.968106,0.96651
2022-08-28 08:00:00.000 UTC,0.975658,0.965996,0.971507,0.967502
2022-08-28 07:00:00.000 UTC,0.972418,0.966253,0.966403,0.971279
2022-08-28 06:00:00.000 UTC,0.967635,0.965256,0.965602,0.96609
2022-08-28 05:00:00.000 UTC,0.966584,0.959053,0.964775,0.962435
2022-08-28 04:00:00.000 UTC,0.967435,0.963114,0.967435,0.964257
2022-08-28 03:00:00.000 UTC,0.969157,0.965817,0.965817,0.967831
2022-08-28 02:00:00.000 UTC,0.971743,0.966688,0.968022,0.966688
2022-08-28 01:00:00.000 UTC,0.968718,0.963017,0.964365,0.968362
2022-08-28 00:00:00.000 UTC,0.968315,0.960225,0.96561,0.963198
2022-08-27 23:00:00.000 UTC,0.968676,0.962453,0.963882,0.9681
2022-08-27 22:00:00.000 UTC,0.972879,0.955384,0.956551,0.963864
2022-08-27 21:00:00.000 UTC,0.964036,0.956878,0.963495,0.956878
2022-08-27 20:00:00.000 UTC,0.961748,0.959437,0.961584,0.961748
2022-08-27 19:00:00.000 UTC,0.961936,0.9557,0.9557,0.960654
2022-08-27 18:00:00.000 UTC,0.956975,0.954292,0.956975,0.955516
2022-08-27 17:00:00.000 UTC,0.964271,0.954556,0.964271,0.961137
2022-08-27 16:00:00.000 UTC,0.961673,0.947679,0.960186,0.961673
2022-08-27 15:00:00.000 UTC,0.968565,0.953086,0.960734,0.968565
2022-08-27 14:00:00.000 UTC,0.966574,0.961484,0.966574,0.962352
2022-08-27 13:00:00.000 UTC,0.973237,0.956657,0.960855,0.973237
2022-08-27 12:00:00.000 UTC,0.962071,0.959586,0.96089,0.960872
2022-08-27 11:00:00.000 UTC,0.963038,0.959061,0.960154,0.963038
2022-08-27 10:00:00.000 UTC,0.964119,0.956967,0.956967,0.960786
2022-08-27 09:00:00.000 UTC,0.964575,0.956559,0.961034,0.956559
2022-08-27 08:00:00.000 UTC,0.96248,0.959706,0.961618,0.961504
2022-08-27 07:00:00.000 UTC,0.960057,0.952221,0.953732,0.960057
2022-08-27 06:00:00.000 UTC,0.954234,0.948724,0.949065,0.953334
2022-08-27 05:00:00.000 UTC,0.953694,0.940138,0.952875,0.947102
2022-08-27 04:00:00.000 UTC,0.959995,0.952681,0.958752,0.953169
2022-08-27 03:00:00.000 UTC,0.958966,0.954576,0.957619,0.958148
2022-08-27 02:00:00.000 UTC,0.965725,0.952248,0.959361,0.956853
2022-08-27 01:00:00.000 UTC,0.960629,0.956605,0.959818,0.960629
2022-08-27 00:00:00.000 UTC,0.961787,0.951375,0.959756,0.960336
2022-08-26 23:00:00.000 UTC,0.98095,0.956551,0.98095,0.956551
2022-08-26 22:00:00.000 UTC,0.991096,0.978649,0.990203,0.980949
2022-08-26 21:00:00.000 UTC,0.995146,0.988019,0.993578,0.989256
2022-08-26 20:00:00.000 UTC,0.996038,0.991904,0.991904,0.993801
2022-08-26 19:00:00.000 UTC,0.991606,0.985001,0.985001,0.991606
2022-08-26 18:00:00.000 UTC,0.992917,0.979219,0.992917,0.984502
2022-08-26 17:00:00.000 UTC,0.99971,0.99365,0.997742,0.994196
2022-08-26 16:00:00.000 UTC,1.004536,0.99074,1.004536,0.996307
2022-08-26 15:00:00.000 UTC,1.034346,1.001948,1.034346,1.005549
2022-08-26 14:00:00.000 UTC,1.056999,1.038021,1.056412,1.038021
2022-08-26 13:00:00.000 UTC,1.055669,1.042159,1.042159,1.051744
2022-08-26 12:00:00.000 UTC,1.047316,1.018576,1.020969,1.039081
2022-08-26 11:00:00.000 UTC,1.031795,1.015986,1.031795,1.018365
2022-08-26 10:00:00.000 UTC,1.036556,1.031308,1.035437,1.032827
2022-08-26 09:00:00.000 UTC,1.037564,1.034145,1.035025,1.035247
2022-08-26 08:00:00.000 UTC,1.036829,1.032606,1.03407,1.036829
2022-08-26 07:00:00.000 UTC,1.036325,1.030579,1.036325,1.032519
2022-08-26 06:00:00.000 UTC,1.038611,1.032812,1.034128,1.035338
2022-08-26 05:00:00.000 UTC,1.051623,1.032001,1.051623,1.03441
2022-08-26 04:00:00.000 UTC,1.052135,1.047448,1.050698,1.047448
2022-08-26 03:00:00.000 UTC,1.053295,1.050903,1.052221,1.051025
2022-08-26 02:00:00.000 UTC,1.059031,1.046041,1.046041,1.053689
2022-08-26 01:00:00.000 UTC,1.046269,1.039121,1.039474,1.046269
2022-08-26 00:00:00.000 UTC,1.050228,1.039605,1.050228,1.039605
2022-08-25 23:00:00.000 UTC,1.052816,1.049247,1.050171,1.050823
2022-08-25 22:00:00.000 UTC,1.056677,1.048751,1.054546,1.048751
2022-08-25 21:00:00.000 UTC,1.060773,1.053038,1.059409,1.053038
2022-08-25 20:00:00.000 UTC,1.061139,1.049456,1.055785,1.060789
2022-08-25 19:00:00.000 UTC,1.050306,1.045331,1.045331,1.049291
2022-08-25 18:00:00.000 UTC,1.045851,1.044129,1.044836,1.044913
2022-08-25 17:00:00.000 UTC,1.050234,1.042975,1.048102,1.045416
2022-08-25 16:00:00.000 UTC,1.044533,1.040912,1.042971,1.042937
2022-08-25 15:00:00.000 UTC,1.059659,1.041374,1.059659,1.041374
2022-08-25 14:00:00.000 UTC,1.06547,1.052738,1.053018,1.063098
2022-08-25 13:00:00.000 UTC,1.059188,1.050749,1.054503,1.052942
2022-08-25 12:00:00.000 UTC,1.068867,1.058276,1.063507,1.059928
2022-08-25 11:00:00.000 UTC,1.066239,1.059435,1.064106,1.061358
2022-08-25 10:00:00.000 UTC,1.067629,1.060279,1.061998,1.063734
2022-08-25 09:00:00.000 UTC,1.067397,1.062813,1.065422,1.066702
2022-08-25 08:00:00.000 UTC,1.071352,1.065522,1.07021,1.065909
2022-08-25 07:00:00.000 UTC,1.072406,1.063483,1.07009,1.063483
2022-08-25 06:00:00.000 UTC,1.071534,1.053128,1.053128,1.069961
2022-08-25 05:00:00.000 UTC,1.053123,1.050646,1.051395,1.052595
2022-08-25 04:00:00.000 UTC,1.056115,1.04853,1.04853,1.050906
2022-08-25 03:00:00.000 UTC,1.063131,1.046676,1.058764,1.055737
2022-08-25 02:00:00.000 UTC,1.058057,1.051969,1.058057,1.053963
2022-08-25 01:00:00.000 UTC,1.060907,1.050331,1.050331,1.059154
2022-08-25 00:00:00.000 UTC,1.056121,1.046787,1.046787,1.051147
2022-08-24 23:00:00.000 UTC,1.059362,1.051413,1.056917,1.051413
2022-08-24 22:00:00.000 UTC,1.065539,1.054884,1.065539,1.054884
2022-08-24 21:00:00.000 UTC,1.072118,1.064893,1.072118,1.06508
2022-08-24 20:00:00.000 UTC,1.068674,1.063372,1.067992,1.067323
2022-08-24 19:00:00.000 UTC,1.071125,1.059826,1.059826,1.065675
2022-08-24 18:00:00.000 UTC,1.066964,1.060181,1.066964,1.061323
2022-08-24 17:00:00.000 UTC,1.066315,1.061289,1.065155,1.066315
2022-08-24 16:00:00.000 UTC,1.072556,1.065036,1.072058,1.066036
2022-08-24 15:00:00.000 UTC,1.073022,1.04901,1.049689,1.073022
2022-08-24 14:00:00.000 UTC,1.058048,1.048043,1.054134,1.049337
2022-08-24 13:00:00.000 UTC,1.058711,1.048094,1.05252,1.048094
2022-08-24 12:00:00.000 UTC,1.059209,1.050427,1.052971,1.05772
2022-08-24 11:00:00.000 UTC,1.056972,1.046481,1.049798,1.052849
2022-08-24 10:00:00.000 UTC,1.057176,1.047732,1.047732,1.05286
2022-08-24 09:00:00.000 UTC,1.053484,1.045167,1.045167,1.052436
2022-08-24 08:00:00.000 UTC,1.046665,1.042,1.044867,1.045799
2022-08-24 07:00:00.000 UTC,1.054754,1.042011,1.047857,1.044271
2022-08-24 06:00:00.000 UTC,1.052315,1.042991,1.045605,1.046629
2022-08-24 05:00:00.000 UTC,1.05733,1.040122,1.040225,1.051181
2022-08-24 04:00:00.000 UTC,1.044348,1.033156,1.041675,1.044348
2022-08-24 03:00:00.000 UTC,1.042303,1.034642,1.041244,1.041162
2022-08-24 02:00:00.000 UTC,1.050079,1.042761,1.044591,1.042761
2022-08-24 01:00:00.000 UTC,1.05817,1.04378,1.052114,1.04378
2022-08-24 00:00:00.000 UTC,1.071037,1.053256,1.070456,1.060224
2022-08-23 23:00:00.000 UTC,1.077942,1.056414,1.056414,1.071418
2022-08-23 22:00:00.000 UTC,1.064766,1.052002,1.052002,1.056303
2022-08-23 21:00:00.000 UTC,1.055325,1.050026,1.053521,1.050719
2022-08-23 20:00:00.000 UTC,1.064016,1.052805,1.058038,1.052837
2022-08-23 19:00:00.000 UTC,1.059041,1.054394,1.057917,1.057117
2022-08-23 18:00:00.000 UTC,1.059449,1.044632,1.052728,1.057943
2022-08-23 17:00:00.000 UTC,1.052909,1.046137,1.04813,1.052405
2022-08-23 16:00:00.000 UTC,1.053488,1.045782,1.050534,1.046884
2022-08-23 15:00:00.000 UTC,1.06207,1.050242,1.058926,1.05371
2022-08-23 14:00:00.000 UTC,1.068756,1.058864,1.061083,1.061435
2022-08-23 13:00:00.000 UTC,1.060211,1.041835,1.042304,1.060211
2022-08-23 12:00:00.000 UTC,1.056193,1.0426,1.053985,1.0426
2022-08-23 11:00:00.000 UTC,1.052001,1.040175,1.043258,1.052001
2022-08-23 10:00:00.000 UTC,1.049015,1.037786,1.046169,1.043964
2022-08-23 09:00:00.000 UTC,1.054428,1.038031,1.046713,1.048731
2022-08-23 08:00:00.000 UTC,1.051087,1.036801,1.036801,1.043816
2022-08-23 07:00:00.000 UTC,1.041963,1.028208,1.028208,1.041963
2022-08-23 06:00:00.000 UTC,1.030226,1.022153,1.027125,1.028235
2022-08-23 05:00:00.000 UTC,1.047719,1.02841,1.046057,1.02841
2022-08-23 04:00:00.000 UTC,1.048485,1.045889,1.048393,1.046877
2022-08-23 03:00:00.000 UTC,1.052885,1.049399,1.052885,1.050787
2022-08-23 02:00:00.000 UTC,1.051822,1.047904,1.051822,1.049515
2022-08-23 01:00:00.000 UTC,1.059493,1.050335,1.05259,1.055401
2022-08-23 00:00:00.000 UTC,1.057578,1.04658,1.050229,1.053242
2022-08-22 23:00:00.000 UTC,1.050518,1.031499,1.031499,1.050518
2022-08-22 22:00:00.000 UTC,1.039198,1.022086,1.022086,1.032386
2022-08-22 21:00:00.000 UTC,1.031443,1.021279,1.026622,1.021279
2022-08-22 20:00:00.000 UTC,1.034812,1.016527,1.016527,1.028382
2022-08-22 19:00:00.000 UTC,1.024658,1.015292,1.022286,1.015292
2022-08-22 18:00:00.000 UTC,1.025135,1.016461,1.025106,1.022807
2022-08-22 17:00:00.000 UTC,1.025774,1.023192,1.025774,1.024022
2022-08-22 16:00:00.000 UTC,1.037806,1.025205,1.030473,1.025205
2022-08-22 15:00:00.000 UTC,1.030951,1.022329,1.02746,1.030951
2022-08-22 14:00:00.000 UTC,1.033375,1.020347,1.02656,1.028326
2022-08-22 13:00:00.000 UTC,1.034991,1.019609,1.026356,1.034229
2022-08-22 12:00:00.000 UTC,1.034966,1.023404,1.028743,1.023404
2022-08-22 11:00:00.000 UTC,1.033277,1.026488,1.029469,1.029153
2022-08-22 10:00:00.000 UTC,1.030587,1.025442,1.026573,1.02885
2022-08-22 09:00:00.000 UTC,1.030755,1.02282,1.025056,1.027119
2022-08-22 08:00:00.000 UTC,1.034949,1.020128,1.034949,1.023596
2022-08-22 07:00:00.000 UTC,1.047393,1.037141,1.038765,1.040425
2022-08-22 06:00:00.000 UTC,1.063085,1.046122,1.063085,1.046122
2022-08-22 05:00:00.000 UTC,1.06209,1.059173,1.06062,1.061102
2022-08-22 04:00:00.000 UTC,1.063772,1.054564,1.061489,1.060113
2022-08-22 03:00:00.000 UTC,1.067144,1.062703,1.06556,1.062703
2022-08-22 02:00:00.000 UTC,1.065123,1.061639,1.063147,1.065123
2022-08-22 01:00:00.000 UTC,1.069453,1.059344,1.062422,1.063182
2022-08-22 00:00:00.000 UTC,1.075862,1.061288,1.073035,1.061288
2022-08-21 23:00:00.000 UTC,1.078026,1.072846,1.073662,1.073133
2022-08-21 22:00:00.000 UTC,1.075628,1.057188,1.075628,1.074148
2022-08-21 21:00:00.000 UTC,1.088194,1.0732,1.081316,1.075665
2022-08-21 20:00:00.000 UTC,1.091488,1.066834,1.06941,1.091488
2022-08-21 19:00:00.000 UTC,1.073205,1.070273,1.073087,1.07035
2022-08-21 18:00:00.000 UTC,1.072707,1.066187,1.069442,1.072707
2022-08-21 17:00:00.000 UTC,1.073215,1.067154,1.071262,1.067154
2022-08-21 16:00:00.000 UTC,1.080977,1.05727,1.05993,1.080977
2022-08-21 15:00:00.000 UTC,1.059877,1.055867,1.056774,1.059576
2022-08-21 14:00:00.000 UTC,1.063279,1.053365,1.063279,1.05637
2022-08-21 13:00:00.000 UTC,1.069594,1.062857,1.069594,1.062857
2022-08-21 12:00:00.000 UTC,1.070557,1.061816,1.062375,1.070557
2022-08-21 11:00:00.000 UTC,1.067685,1.058572,1.067685,1.061426
2022-08-21 10:00:00.000 UTC,1.062515,1.058511,1.060297,1.059638
2022-08-21 09:00:00.000 UTC,1.069436,1.055003,1.055003,1.061618
2022-08-21 08:00:00.000 UTC,1.080399,1.055955,1.065948,1.055955
2022-08-21 07:00:00.000 UTC,1.049815,1.031182,1.034534,1.049815
2022-08-21 06:00:00.000 UTC,1.041706,1.033486,1.041706,1.033486
2022-08-21 05:00:00.000 UTC,1.044845,1.037978,1.041038,1.040817
2022-08-21 04:00:00.000 UTC,1.04694,1.0396,1.045238,1.042038
2022-08-21 03:00:00.000 UTC,1.049619,1.04297,1.049619,1.04297
2022-08-21 02:00:00.000 UTC,1.051175,1.046505,1.050355,1.049412
2022-08-21 01:00:00.000 UTC,1.051425,1.039251,1.039251,1.051425
2022-08-21 00:00:00.000 UTC,1.049324,1.038408,1.038408,1.043259
2022-08-20 23:00:00.000 UTC,1.053749,1.032149,1.03341,1.041284
2022-08-20 22:00:00.000 UTC,1.039995,1.033601,1.035571,1.035394
2022-08-20 21:00:00.000 UTC,1.031764,1.012784,1.012784,1.031764
2022-08-20 20:00:00.000 UTC,1.042191,1.020183,1.020183,1.021906
2022-08-20 19:00:00.000 UTC,1.029553,1.016712,1.029553,1.020389
2022-08-20 18:00:00.000 UTC,1.046982,1.032669,1.045778,1.032669
2022-08-20 17:00:00.000 UTC,1.048554,1.041232,1.04827,1.047391
2022-08-20 16:00:00.000 UTC,1.059555,1.049189,1.05817,1.049189
2022-08-20 15:00:00.000 UTC,1.065207,1.054052,1.060001,1.056356
2022-08-20 14:00:00.000 UTC,1.070051,1.059159,1.064755,1.059159
2022-08-20 13:00:00.000 UTC,1.06361,1.05935,1.060951,1.06361
2022-08-20 12:00:00.000 UTC,1.065336,1.059028,1.064873,1.062211
2022-08-20 11:00:00.000 UTC,1.067757,1.064715,1.067757,1.064715
2022-08-20 10:00:00.000 UTC,1.069308,1.063636,1.069308,1.06876
2022-08-20 09:00:00.000 UTC,1.071057,1.06717,1.06717,1.069808
2022-08-20 08:00:00.000 UTC,1.073402,1.067788,1.073064,1.06814
2022-08-20 07:00:00.000 UTC,1.075858,1.070212,1.070212,1.073319
2022-08-20 06:00:00.000 UTC,1.073431,1.059826,1.060907,1.073431
2022-08-20 05:00:00.000 UTC,1.064615,1.056392,1.06444,1.062008
2022-08-20 04:00:00.000 UTC,1.060616,1.052462,1.054263,1.05837
2022-08-20 03:00:00.000 UTC,1.056484,1.051233,1.055016,1.051233
2022-08-20 02:00:00.000 UTC,1.057975,1.05145,1.05145,1.056575
2022-08-20 01:00:00.000 UTC,1.056379,1.050699,1.050699,1.053161
2022-08-20 00:00:00.000 UTC,1.07824,1.046106,1.046106,1.065423
2022-08-19 23:00:00.000 UTC,1.06725,1.045909,1.051334,1.045909
2022-08-19 22:00:00.000 UTC,1.071247,1.045317,1.05563,1.053823
2022-08-19 21:00:00.000 UTC,1.067736,1.063702,1.0671,1.063702
2022-08-19 20:00:00.000 UTC,1.076796,1.065928,1.072147,1.067456
2022-08-19 19:00:00.000 UTC,1.091079,1.066578,1.069186,1.074795
2022-08-19 18:00:00.000 UTC,1.077184,1.066695,1.072862,1.068351
2022-08-19 17:00:00.000 UTC,1.086131,1.070849,1.080662,1.070849
2022-08-19 16:00:00.000 UTC,1.096522,1.066251,1.068367,1.083298
2022-08-19 15:00:00.000 UTC,1.078705,1.060224,1.061505,1.078705
2022-08-19 14:00:00.000 UTC,1.069653,1.060401,1.060401,1.063772
2022-08-19 13:00:00.000 UTC,1.068555,1.062735,1.068555,1.062914
2022-08-19 12:00:00.000 UTC,1.068663,1.056007,1.065268,1.068663
2022-08-19 11:00:00.000 UTC,1.070012,1.055812,1.064517,1.062293
2022-08-19 10:00:00.000 UTC,1.070104,1.063083,1.067162,1.065092
2022-08-19 09:00:00.000 UTC,1.068032,1.062705,1.065357,1.06684
2022-08-19 08:00:00.000 UTC,1.070605,1.056421,1.070605,1.066917
2022-08-19 07:00:00.000 UTC,1.08592,1.064875,1.065604,1.072263
2022-08-19 06:00:00.000 UTC,1.116455,1.072477,1.116455,1.072477
2022-08-19 05:00:00.000 UTC,1.117519,1.113863,1.115636,1.113863
2022-08-19 04:00:00.000 UTC,1.126572,1.113946,1.115715,1.118381
2022-08-19 03:00:00.000 UTC,1.119671,1.107906,1.112862,1.119212
2022-08-19 02:00:00.000 UTC,1.116367,1.105391,1.114323,1.112306
2022-08-19 01:00:00.000 UTC,1.139408,1.104639,1.139408,1.110473
2022-08-19 00:00:00.000 UTC,1.154958,1.132271,1.153833,1.137728
2022-08-18 23:00:00.000 UTC,1.21,1.148477,1.21,1.156528
2022-08-18 22:00:00.000 UTC,1.21,1.21,1.21,1.21
2022-08-18 21:00:00.000 UTC,1.21,1.21,1.21,1.21
2022-08-18 20:00:00.000 UTC,1.21,1.21,1.21,1.21
2022-08-18 19:00:00.000 UTC,1.22,1.21,1.22,1.21
2022-08-18 18:00:00.000 UTC,1.21,1.21,1.21,1.21
2022-08-18 17:00:00.000 UTC,1.22,1.21,1.21,1.21
2022-08-18 16:00:00.000 UTC,1.23,1.21,1.22,1.22
2022-08-18 15:00:00.000 UTC,1.23,1.22,1.22,1.22
2022-08-18 14:00:00.000 UTC,1.23,1.22,1.23,1.23
2022-08-18 13:00:00.000 UTC,1.24,1.23,1.24,1.23
2022-08-18 12:00:00.000 UTC,1.24,1.23,1.23,1.23
2022-08-18 11:00:00.000 UTC,1.23,1.22,1.22,1.23
2022-08-18 10:00:00.000 UTC,1.24,1.22,1.23,1.22
2022-08-18 09:00:00.000 UTC,1.24,1.22,1.22,1.24
2022-08-18 08:00:00.000 UTC,1.22,1.21,1.22,1.22
2022-08-18 07:00:00.000 UTC,1.23,1.22,1.23,1.22
2022-08-18 06:00:00.000 UTC,1.24,1.22,1.23,1.22
2022-08-18 05:00:00.000 UTC,1.25,1.22,1.22,1.23
2022-08-18 04:00:00.000 UTC,1.23,1.22,1.23,1.22
2022-08-18 03:00:00.000 UTC,1.23,1.22,1.22,1.23
2022-08-18 02:00:00.000 UTC,1.23,1.22,1.23,1.22
2022-08-18 01:00:00.000 UTC,1.24,1.22,1.22,1.22
2022-08-18 00:00:00.000 UTC,1.23,1.22,1.22,1.22
2022-08-17 23:00:00.000 UTC,1.22,1.21,1.22,1.21
2022-08-17 22:00:00.000 UTC,1.22,1.22,1.22,1.22
2022-08-17 21:00:00.000 UTC,1.24,1.21,1.23,1.22
2022-08-17 20:00:00.000 UTC,1.23,1.23,1.23,1.23
2022-08-17 19:00:00.000 UTC,1.24,1.23,1.23,1.23
2022-08-17 18:00:00.000 UTC,1.25,1.23,1.24,1.24
2022-08-17 17:00:00.000 UTC,1.24,1.23,1.23,1.24
2022-08-17 16:00:00.000 UTC,1.24,1.22,1.22,1.23
2022-08-17 15:00:00.000 UTC,1.23,1.22,1.22,1.22
2022-08-17 14:00:00.000 UTC,1.23,1.22,1.22,1.22
2022-08-17 13:00:00.000 UTC,1.24,1.22,1.24,1.22
2022-08-17 12:00:00.000 UTC,1.28,1.23,1.28,1.24
2022-08-17 11:00:00.000 UTC,1.28,1.27,1.27,1.28
2022-08-17 10:00:00.000 UTC,1.28,1.27,1.28,1.27
2022-08-17 09:00:00.000 UTC,1.28,1.27,1.27,1.28
2022-08-17 08:00:00.000 UTC,1.29,1.27,1.28,1.27
2022-08-17 07:00:00.000 UTC,1.31,1.28,1.3,1.29
2022-08-17 06:00:00.000 UTC,1.31,1.3,1.3,1.3
2022-08-17 05:00:00.000 UTC,1.3,1.29,1.3,1.3
2022-08-17 04:00:00.000 UTC,1.31,1.3,1.3,1.3
2022-08-17 03:00:00.000 UTC,1.31,1.28,1.28,1.29
2022-08-17 02:00:00.000 UTC,1.3,1.28,1.28,1.28
2022-08-17 01:00:00.000 UTC,1.3,1.28,1.29,1.28
2022-08-17 00:00:00.000 UTC,1.28,1.27,1.27,1.28
2022-08-16 23:00:00.000 UTC,1.28,1.27,1.27,1.28
2022-08-16 22:00:00.000 UTC,1.28,1.27,1.28,1.27
2022-08-16 21:00:00.000 UTC,1.28,1.27,1.28,1.28
2022-08-16 20:00:00.000 UTC,1.28,1.28,1.28,1.28
2022-08-16 19:00:00.000 UTC,1.28,1.27,1.27,1.28
2022-08-16 18:00:00.000 UTC,1.29,1.27,1.28,1.27
2022-08-16 17:00:00.000 UTC,1.29,1.28,1.28,1.28
2022-08-16 16:00:00.000 UTC,1.29,1.28,1.29,1.28
2022-08-16 15:00:00.000 UTC,1.29,1.28,1.28,1.29
2022-08-16 14:00:00.000 UTC,1.3,1.28,1.3,1.28
2022-08-16 13:00:00.000 UTC,1.31,1.29,1.31,1.29
2022-08-16 12:00:00.000 UTC,1.31,1.29,1.3,1.29
2022-08-16 11:00:00.000 UTC,1.32,1.3,1.3,1.3
2022-08-16 10:00:00.000 UTC,1.31,1.31,1.31,1.31
2022-08-16 09:00:00.000 UTC,1.32,1.3,1.3,1.31
2022-08-16 08:00:00.000 UTC,1.3,1.3,1.3,1.3
2022-08-16 07:00:00.000 UTC,1.3,1.29,1.3,1.3
2022-08-16 06:00:00.000 UTC,1.3,1.29,1.29,1.3
2022-08-16 05:00:00.000 UTC,1.3,1.29,1.3,1.3
2022-08-16 04:00:00.000 UTC,1.31,1.3,1.31,1.3
2022-08-16 03:00:00.000 UTC,1.32,1.28,1.3,1.31
2022-08-16 02:00:00.000 UTC,1.31,1.3,1.31,1.3
2022-08-16 01:00:00.000 UTC,1.33,1.31,1.31,1.31
2022-08-16 00:00:00.000 UTC,1.33,1.3,1.31,1.31
2022-08-15 23:00:00.000 UTC,1.31,1.29,1.31,1.31
2022-08-15 22:00:00.000 UTC,1.33,1.31,1.31,1.31
2022-08-15 21:00:00.000 UTC,1.32,1.31,1.31,1.31
2022-08-15 20:00:00.000 UTC,1.32,1.31,1.31,1.31
2022-08-15 19:00:00.000 UTC,1.33,1.32,1.32,1.32
2022-08-15 18:00:00.000 UTC,1.33,1.32,1.32,1.32
2022-08-15 17:00:00.000 UTC,1.35,1.33,1.34,1.33
2022-08-15 16:00:00.000 UTC,1.33,1.33,1.33,1.33
2022-08-15 15:00:00.000 UTC,1.33,1.32,1.32,1.33
2022-08-15 14:00:00.000 UTC,1.34,1.32,1.34,1.32
2022-08-15 13:00:00.000 UTC,1.34,1.31,1.31,1.32
2022-08-15 12:00:00.000 UTC,1.32,1.3,1.31,1.3
2022-08-15 11:00:00.000 UTC,1.33,1.31,1.32,1.31
2022-08-15 10:00:00.000 UTC,1.32,1.32,1.32,1.32
2022-08-15 09:00:00.000 UTC,1.32,1.31,1.32,1.32
2022-08-15 08:00:00.000 UTC,1.32,1.31,1.32,1.31
2022-08-15 07:00:00.000 UTC,1.34,1.31,1.34,1.32
2022-08-15 06:00:00.000 UTC,1.37,1.32,1.37,1.32
2022-08-15 05:00:00.000 UTC,1.38,1.37,1.38,1.37
2022-08-15 04:00:00.000 UTC,1.39,1.37,1.39,1.37
2022-08-15 03:00:00.000 UTC,1.4,1.38,1.39,1.38
2022-08-15 02:00:00.000 UTC,1.41,1.37,1.37,1.39
2022-08-15 01:00:00.000 UTC,1.37,1.35,1.36,1.37
2022-08-15 00:00:00.000 UTC,1.38,1.33,1.34,1.36
2022-08-14 23:00:00.000 UTC,1.34,1.34,1.34,1.34
2022-08-14 22:00:00.000 UTC,1.34,1.33,1.34,1.34
2022-08-14 21:00:00.000 UTC,1.34,1.32,1.32,1.34
2022-08-14 20:00:00.000 UTC,1.34,1.33,1.34,1.33
2022-08-14 19:00:00.000 UTC,1.34,1.34,1.34,1.34
2022-08-14 18:00:00.000 UTC,1.34,1.33,1.33,1.34
2022-08-14 17:00:00.000 UTC,1.34,1.33,1.34,1.33
2022-08-14 16:00:00.000 UTC,1.38,1.36,1.37,1.36
2022-08-14 15:00:00.000 UTC,1.37,1.35,1.36,1.37
2022-08-14 14:00:00.000 UTC,1.36,1.35,1.35,1.36
2022-08-14 13:00:00.000 UTC,1.39,1.35,1.39,1.35
2022-08-14 12:00:00.000 UTC,1.4,1.38,1.4,1.39
2022-08-14 11:00:00.000 UTC,1.4,1.39,1.4,1.39
2022-08-14 10:00:00.000 UTC,1.41,1.4,1.41,1.4
2022-08-14 09:00:00.000 UTC,1.43,1.4,1.4,1.41
2022-08-14 08:00:00.000 UTC,1.41,1.38,1.39,1.4
2022-08-14 07:00:00.000 UTC,1.39,1.38,1.39,1.39
2022-08-14 06:00:00.000 UTC,1.4,1.38,1.39,1.39
2022-08-14 05:00:00.000 UTC,1.41,1.36,1.36,1.41
2022-08-14 04:00:00.000 UTC,1.38,1.35,1.36,1.36
2022-08-14 03:00:00.000 UTC,1.37,1.35,1.37,1.36
2022-08-14 02:00:00.000 UTC,1.37,1.35,1.35,1.37
2022-08-14 01:00:00.000 UTC,1.36,1.34,1.35,1.34
2022-08-14 00:00:00.000 UTC,1.36,1.33,1.33,1.34
2022-08-13 23:00:00.000 UTC,1.33,1.32,1.32,1.33
2022-08-13 22:00:00.000 UTC,1.34,1.33,1.33,1.34
2022-08-13 21:00:00.000 UTC,1.34,1.33,1.34,1.33
2022-08-13 20:00:00.000 UTC,1.34,1.33,1.33,1.34
2022-08-13 19:00:00.000 UTC,1.34,1.33,1.34,1.33
2022-08-13 18:00:00.000 UTC,1.34,1.33,1.34,1.33
2022-08-13 17:00:00.000 UTC,1.34,1.34,1.34,1.34
2022-08-13 16:00:00.000 UTC,1.34,1.34,1.34,1.34
2022-08-13 15:00:00.000 UTC,1.34,1.33,1.34,1.34
2022-08-13 14:00:00.000 UTC,1.34,1.33,1.33,1.34
2022-08-13 13:00:00.000 UTC,1.35,1.33,1.35,1.33
2022-08-13 12:00:00.000 UTC,1.34,1.33,1.34,1.33
2022-08-13 11:00:00.000 UTC,1.34,1.33,1.34,1.33
2022-08-13 10:00:00.000 UTC,1.35,1.34,1.34,1.34
2022-08-13 09:00:00.000 UTC,1.35,1.33,1.34,1.35
2022-08-13 08:00:00.000 UTC,1.36,1.35,1.35,1.35
2022-08-13 07:00:00.000 UTC,1.39,1.36,1.39,1.36
2022-08-13 06:00:00.000 UTC,1.39,1.35,1.35,1.38
2022-08-13 05:00:00.000 UTC,1.35,1.34,1.34,1.35
2022-08-13 04:00:00.000 UTC,1.35,1.34,1.34,1.34
2022-08-13 03:00:00.000 UTC,1.35,1.34,1.35,1.34
2022-08-13 02:00:00.000 UTC,1.35,1.34,1.34,1.35
2022-08-13 01:00:00.000 UTC,1.35,1.33,1.33,1.34
2022-08-13 00:00:00.000 UTC,1.34,1.33,1.33,1.33
2022-08-12 23:00:00.000 UTC,1.33,1.32,1.32,1.33
2022-08-12 22:00:00.000 UTC,1.32,1.31,1.31,1.32
2022-08-12 21:00:00.000 UTC,1.32,1.31,1.32,1.31
2022-08-12 20:00:00.000 UTC,1.32,1.31,1.32,1.32
2022-08-12 19:00:00.000 UTC,1.32,1.32,1.32,1.32
2022-08-12 18:00:00.000 UTC,1.32,1.31,1.31,1.32
2022-08-12 17:00:00.000 UTC,1.31,1.31,1.31,1.31
2022-08-12 16:00:00.000 UTC,1.32,1.31,1.31,1.31
2022-08-12 15:00:00.000 UTC,1.31,1.3,1.31,1.31
2022-08-12 14:00:00.000 UTC,1.31,1.3,1.31,1.3
2022-08-12 13:00:00.000 UTC,1.33,1.31,1.31,1.31
2022-08-12 12:00:00.000 UTC,1.31,1.3,1.3,1.31
2022-08-12 11:00:00.000 UTC,1.3,1.29,1.3,1.3
2022-08-12 10:00:00.000 UTC,1.32,1.3,1.32,1.3
2022-08-12 09:00:00.000 UTC,1.33,1.32,1.32,1.33
2022-08-12 08:00:00.000 UTC,1.32,1.32,1.32,1.32
2022-08-12 07:00:00.000 UTC,1.32,1.31,1.31,1.32
2022-08-12 06:00:00.000 UTC,1.31,1.31,1.31,1.31
2022-08-12 05:00:00.000 UTC,1.32,1.31,1.32,1.31
2022-08-12 04:00:00.000 UTC,1.33,1.32,1.32,1.32
2022-08-12 03:00:00.000 UTC,1.33,1.32,1.33,1.32
2022-08-12 02:00:00.000 UTC,1.33,1.31,1.32,1.33
2022-08-12 01:00:00.000 UTC,1.33,1.32,1.32,1.32
2022-08-12 00:00:00.000 UTC,1.33,1.31,1.33,1.32
2022-08-11 23:00:00.000 UTC,1.33,1.32,1.33,1.33
2022-08-11 22:00:00.000 UTC,1.34,1.33,1.34,1.33
2022-08-11 21:00:00.000 UTC,1.34,1.32,1.33,1.33
2022-08-11 20:00:00.000 UTC,1.34,1.32,1.33,1.33
2022-08-11 19:00:00.000 UTC,1.33,1.32,1.33,1.33
2022-08-11 18:00:00.000 UTC,1.33,1.32,1.33,1.33
2022-08-11 17:00:00.000 UTC,1.34,1.33,1.34,1.33
2022-08-11 16:00:00.000 UTC,1.33,1.33,1.33,1.33
2022-08-11 15:00:00.000 UTC,1.34,1.33,1.34,1.33
2022-08-11 14:00:00.000 UTC,1.35,1.33,1.35,1.34
2022-08-11 13:00:00.000 UTC,1.36,1.34,1.35,1.36
2022-08-11 12:00:00.000 UTC,1.36,1.34,1.34,1.36
2022-08-11 11:00:00.000 UTC,1.34,1.33,1.33,1.34
2022-08-11 10:00:00.000 UTC,1.34,1.33,1.34,1.33
2022-08-11 09:00:00.000 UTC,1.34,1.34,1.34,1.34
2022-08-11 08:00:00.000 UTC,1.35,1.33,1.33,1.34
2022-08-11 07:00:00.000 UTC,1.36,1.33,1.35,1.33
2022-08-11 06:00:00.000 UTC,1.36,1.35,1.35,1.35
2022-08-11 05:00:00.000 UTC,1.36,1.35,1.36,1.36
2022-08-11 04:00:00.000 UTC,1.36,1.35,1.35,1.35
2022-08-11 03:00:00.000 UTC,1.36,1.35,1.36,1.35
2022-08-11 02:00:00.000 UTC,1.37,1.35,1.37,1.36
2022-08-11 01:00:00.000 UTC,1.37,1.36,1.36,1.37
2022-08-11 00:00:00.000 UTC,1.37,1.35,1.36,1.37
2022-08-10 23:00:00.000 UTC,1.35,1.34,1.34,1.35
2022-08-10 22:00:00.000 UTC,1.34,1.34,1.34,1.34
2022-08-10 21:00:00.000 UTC,1.34,1.33,1.33,1.34
2022-08-10 20:00:00.000 UTC,1.34,1.33,1.33,1.34
2022-08-10 19:00:00.000 UTC,1.34,1.32,1.33,1.32
2022-08-10 18:00:00.000 UTC,1.36,1.32,1.34,1.33
2022-08-10 17:00:00.000 UTC,1.35,1.34,1.34,1.35
2022-08-10 16:00:00.000 UTC,1.34,1.33,1.34,1.33
2022-08-10 15:00:00.000 UTC,1.35,1.34,1.34,1.34
2022-08-10 14:00:00.000 UTC,1.35,1.33,1.34,1.34
2022-08-10 13:00:00.000 UTC,1.34,1.33,1.34,1.34
2022-08-10 12:00:00.000 UTC,1.33,1.28,1.29,1.33
2022-08-10 11:00:00.000 UTC,1.29,1.28,1.28,1.29
2022-08-10 10:00:00.000 UTC,1.28,1.28,1.28,1.28
2022-08-10 09:00:00.000 UTC,1.29,1.28,1.29,1.28
2022-08-10 08:00:00.000 UTC,1.28,1.28,1.28,1.28
2022-08-10 07:00:00.000 UTC,1.28,1.27,1.28,1.28
2022-08-10 06:00:00.000 UTC,1.28,1.27,1.28,1.28
2022-08-10 05:00:00.000 UTC,1.28,1.27,1.27,1.28
2022-08-10 04:00:00.000 UTC,1.28,1.27,1.27,1.28
2022-08-10 03:00:00.000 UTC,1.28,1.27,1.27,1.27
2022-08-10 02:00:00.000 UTC,1.29,1.27,1.28,1.27
2022-08-10 01:00:00.000 UTC,1.29,1.27,1.28,1.28
2022-08-10 00:00:00.000 UTC,1.31,1.28,1.29,1.28
2022-08-09 23:00:00.000 UTC,1.3,1.29,1.29,1.29
2022-08-09 22:00:00.000 UTC,1.3,1.29,1.3,1.29
2022-08-09 21:00:00.000 UTC,1.3,1.29,1.29,1.3
2022-08-09 20:00:00.000 UTC,1.29,1.28,1.28,1.29
2022-08-09 19:00:00.000 UTC,1.29,1.28,1.28,1.28
2022-08-09 18:00:00.000 UTC,1.29,1.28,1.29,1.29
2022-08-09 17:00:00.000 UTC,1.29,1.29,1.29,1.29
2022-08-09 16:00:00.000 UTC,1.29,1.28,1.29,1.29
2022-08-09 15:00:00.000 UTC,1.29,1.28,1.28,1.29
2022-08-09 14:00:00.000 UTC,1.31,1.28,1.3,1.29
2022-08-09 13:00:00.000 UTC,1.32,1.31,1.32,1.31
2022-08-09 12:00:00.000 UTC,1.33,1.31,1.31,1.32
2022-08-09 11:00:00.000 UTC,1.32,1.31,1.31,1.31
2022-08-09 10:00:00.000 UTC,1.34,1.31,1.34,1.31
2022-08-09 09:00:00.000 UTC,1.36,1.34,1.36,1.34
2022-08-09 08:00:00.000 UTC,1.37,1.35,1.36,1.35
2022-08-09 07:00:00.000 UTC,1.38,1.36,1.36,1.37
2022-08-09 06:00:00.000 UTC,1.37,1.36,1.37,1.36
2022-08-09 05:00:00.000 UTC,1.39,1.37,1.38,1.37
2022-08-09 04:00:00.000 UTC,1.38,1.36,1.37,1.38
2022-08-09 03:00:00.000 UTC,1.37,1.35,1.35,1.37
2022-08-09 02:00:00.000 UTC,1.36,1.34,1.34,1.35
2022-08-09 01:00:00.000 UTC,1.37,1.35,1.37,1.35
2022-08-09 00:00:00.000 UTC,1.37,1.35,1.35,1.37
2022-08-08 23:00:00.000 UTC,1.36,1.34,1.35,1.35
2022-08-08 22:00:00.000 UTC,1.36,1.34,1.35,1.34
2022-08-08 21:00:00.000 UTC,1.37,1.35,1.37,1.35
2022-08-08 20:00:00.000 UTC,1.37,1.35,1.36,1.37
2022-08-08 19:00:00.000 UTC,1.36,1.35,1.35,1.35
2022-08-08 18:00:00.000 UTC,1.35,1.35,1.35,1.35
2022-08-08 17:00:00.000 UTC,1.35,1.34,1.34,1.35
2022-08-08 16:00:00.000 UTC,1.35,1.34,1.35,1.34
2022-08-08 15:00:00.000 UTC,1.38,1.35,1.37,1.35
2022-08-08 14:00:00.000 UTC,1.38,1.37,1.38,1.37
2022-08-08 13:00:00.000 UTC,1.38,1.37,1.38,1.38
2022-08-08 12:00:00.000 UTC,1.39,1.38,1.39,1.39
2022-08-08 11:00:00.000 UTC,1.39,1.38,1.39,1.39
2022-08-08 10:00:00.000 UTC,1.39,1.38,1.38,1.38
2022-08-08 09:00:00.000 UTC,1.39,1.38,1.38,1.39
2022-08-08 08:00:00.000 UTC,1.39,1.37,1.37,1.38
2022-08-08 07:00:00.000 UTC,1.38,1.37,1.37,1.37
2022-08-08 06:00:00.000 UTC,1.38,1.37,1.38,1.37
2022-08-08 05:00:00.000 UTC,1.37,1.35,1.35,1.37
2022-08-08 04:00:00.000 UTC,1.35,1.33,1.34,1.35
2022-08-08 03:00:00.000 UTC,1.34,1.33,1.33,1.34
2022-08-08 02:00:00.000 UTC,1.34,1.32,1.32,1.34
2022-08-08 01:00:00.000 UTC,1.34,1.32,1.33,1.32
2022-08-08 00:00:00.000 UTC,1.33,1.32,1.32,1.33
2022-08-07 23:00:00.000 UTC,1.33,1.32,1.32,1.32
2022-08-07 22:00:00.000 UTC,1.34,1.32,1.34,1.32
2022-08-07 21:00:00.000 UTC,1.35,1.34,1.34,1.34
2022-08-07 20:00:00.000 UTC,1.34,1.33,1.33,1.34
2022-08-07 19:00:00.000 UTC,1.34,1.33,1.34,1.33
2022-08-07 18:00:00.000 UTC,1.34,1.33,1.33,1.34
2022-08-07 17:00:00.000 UTC,1.34,1.33,1.34,1.33
2022-08-07 16:00:00.000 UTC,1.34,1.33,1.34,1.34
2022-08-07 15:00:00.000 UTC,1.34,1.33,1.33,1.34
2022-08-07 14:00:00.000 UTC,1.33,1.32,1.33,1.33
2022-08-07 13:00:00.000 UTC,1.33,1.32,1.33,1.33
2022-08-07 12:00:00.000 UTC,1.33,1.33,1.33,1.33
2022-08-07 11:00:00.000 UTC,1.33,1.31,1.32,1.33
2022-08-07 10:00:00.000 UTC,1.32,1.31,1.32,1.31
2022-08-07 09:00:00.000 UTC,1.31,1.3,1.3,1.31
2022-08-07 08:00:00.000 UTC,1.31,1.31,1.31,1.31
2022-08-07 07:00:00.000 UTC,1.32,1.31,1.31,1.31
2022-08-07 06:00:00.000 UTC,1.31,1.31,1.31,1.31
2022-08-07 05:00:00.000 UTC,1.32,1.31,1.31,1.31
2022-08-07 04:00:00.000 UTC,1.33,1.31,1.32,1.31
2022-08-07 03:00:00.000 UTC,1.33,1.31,1.31,1.32
2022-08-07 02:00:00.000 UTC,1.31,1.31,1.31,1.31
2022-08-07 01:00:00.000 UTC,1.32,1.3,1.31,1.31
2022-08-07 00:00:00.000 UTC,1.34,1.32,1.33,1.32
2022-08-06 23:00:00.000 UTC,1.34,1.32,1.33,1.32
2022-08-06 22:00:00.000 UTC,1.35,1.33,1.34,1.33
2022-08-06 21:00:00.000 UTC,1.34,1.33,1.33,1.34
2022-08-06 20:00:00.000 UTC,1.33,1.33,1.33,1.33
2022-08-06 19:00:00.000 UTC,1.34,1.33,1.33,1.33
2022-08-06 18:00:00.000 UTC,1.34,1.33,1.33,1.34
2022-08-06 17:00:00.000 UTC,1.35,1.33,1.34,1.33
2022-08-06 16:00:00.000 UTC,1.34,1.34,1.34,1.34
2022-08-06 15:00:00.000 UTC,1.36,1.34,1.36,1.34
2022-08-06 14:00:00.000 UTC,1.35,1.34,1.34,1.35
2022-08-06 13:00:00.000 UTC,1.35,1.34,1.34,1.34
2022-08-06 12:00:00.000 UTC,1.35,1.34,1.35,1.34
2022-08-06 11:00:00.000 UTC,1.36,1.34,1.36,1.35
2022-08-06 10:00:00.000 UTC,1.36,1.34,1.34,1.35
2022-08-06 09:00:00.000 UTC,1.35,1.34,1.35,1.35
2022-08-06 08:00:00.000 UTC,1.36,1.34,1.35,1.34
2022-08-06 07:00:00.000 UTC,1.36,1.35,1.35,1.35
2022-08-06 06:00:00.000 UTC,1.36,1.34,1.34,1.36
2022-08-06 05:00:00.000 UTC,1.35,1.34,1.35,1.34
2022-08-06 04:00:00.000 UTC,1.36,1.35,1.36,1.35
2022-08-06 03:00:00.000 UTC,1.36,1.35,1.35,1.36
2022-08-06 02:00:00.000 UTC,1.36,1.35,1.36,1.35
2022-08-06 01:00:00.000 UTC,1.37,1.35,1.35,1.35
2022-08-06 00:00:00.000 UTC,1.38,1.35,1.35,1.36
2022-08-05 23:00:00.000 UTC,1.36,1.33,1.34,1.36
2022-08-05 22:00:00.000 UTC,1.34,1.32,1.32,1.34
2022-08-05 21:00:00.000 UTC,1.33,1.31,1.31,1.32
2022-08-05 20:00:00.000 UTC,1.31,1.31,1.31,1.31
2022-08-05 19:00:00.000 UTC,1.31,1.3,1.3,1.31
2022-08-05 18:00:00.000 UTC,1.31,1.3,1.31,1.3
2022-08-05 17:00:00.000 UTC,1.32,1.31,1.31,1.32
2022-08-05 16:00:00.000 UTC,1.31,1.3,1.31,1.31
2022-08-05 15:00:00.000 UTC,1.33,1.31,1.33,1.31
2022-08-05 14:00:00.000 UTC,1.34,1.32,1.32,1.33
2022-08-05 13:00:00.000 UTC,1.34,1.31,1.32,1.32
2022-08-05 12:00:00.000 UTC,1.35,1.32,1.35,1.32
2022-08-05 11:00:00.000 UTC,1.35,1.33,1.33,1.35
2022-08-05 10:00:00.000 UTC,1.34,1.33,1.33,1.34
2022-08-05 09:00:00.000 UTC,1.33,1.32,1.32,1.33
2022-08-05 08:00:00.000 UTC,1.34,1.32,1.32,1.32
2022-08-05 07:00:00.000 UTC,1.34,1.32,1.34,1.32
2022-08-05 06:00:00.000 UTC,1.34,1.33,1.34,1.34
2022-08-05 05:00:00.000 UTC,1.34,1.33,1.33,1.34
2022-08-05 04:00:00.000 UTC,1.34,1.33,1.33,1.34
2022-08-05 03:00:00.000 UTC,1.35,1.33,1.34,1.33
2022-08-05 02:00:00.000 UTC,1.33,1.31,1.31,1.33
2022-08-05 01:00:00.000 UTC,1.32,1.3,1.31,1.31
2022-08-05 00:00:00.000 UTC,1.31,1.3,1.3,1.3
2022-08-04 23:00:00.000 UTC,1.32,1.29,1.29,1.3
2022-08-04 22:00:00.000 UTC,1.29,1.28,1.28,1.29
2022-08-04 21:00:00.000 UTC,1.29,1.29,1.29,1.29
2022-08-04 20:00:00.000 UTC,1.29,1.28,1.29,1.29
2022-08-04 19:00:00.000 UTC,1.3,1.28,1.28,1.3
2022-08-04 18:00:00.000 UTC,1.3,1.27,1.28,1.28
2022-08-04 17:00:00.000 UTC,1.28,1.28,1.28,1.28
2022-08-04 16:00:00.000 UTC,1.35,1.28,1.32,1.28
2022-08-04 15:00:00.000 UTC,1.31,1.28,1.3,1.31
2022-08-04 14:00:00.000 UTC,1.3,1.27,1.29,1.3
2022-08-04 13:00:00.000 UTC,1.31,1.27,1.27,1.29
2022-08-04 12:00:00.000 UTC,1.28,1.27,1.28,1.27
2022-08-04 11:00:00.000 UTC,1.28,1.27,1.28,1.28
2022-08-04 10:00:00.000 UTC,1.29,1.28,1.28,1.28
2022-08-04 09:00:00.000 UTC,1.28,1.27,1.28,1.28
2022-08-04 08:00:00.000 UTC,1.28,1.27,1.28,1.27
2022-08-04 07:00:00.000 UTC,1.29,1.28,1.28,1.28
2022-08-04 06:00:00.000 UTC,1.3,1.27,1.3,1.28
2022-08-04 05:00:00.000 UTC,1.31,1.3,1.3,1.31
2022-08-04 04:00:00.000 UTC,1.32,1.29,1.29,1.3
2022-08-04 03:00:00.000 UTC,1.29,1.28,1.28,1.29
2022-08-04 02:00:00.000 UTC,1.29,1.28,1.29,1.28
2022-08-04 01:00:00.000 UTC,1.3,1.28,1.28,1.29
2022-08-04 00:00:00.000 UTC,1.28,1.26,1.26,1.28
2022-08-03 23:00:00.000 UTC,1.27,1.26,1.27,1.26
2022-08-03 22:00:00.000 UTC,1.3,1.27,1.29,1.27
2022-08-03 21:00:00.000 UTC,1.3,1.29,1.3,1.3
2022-08-03 20:00:00.000 UTC,1.3,1.29,1.3,1.3
2022-08-03 19:00:00.000 UTC,1.31,1.3,1.31,1.3
2022-08-03 18:00:00.000 UTC,1.31,1.3,1.31,1.31
2022-08-03 17:00:00.000 UTC,1.31,1.31,1.31,1.31
2022-08-03 16:00:00.000 UTC,1.32,1.3,1.3,1.31
2022-08-03 15:00:00.000 UTC,1.31,1.29,1.3,1.3
2022-08-03 14:00:00.000 UTC,1.32,1.3,1.3,1.3
2022-08-03 13:00:00.000 UTC,1.31,1.3,1.31,1.3
2022-08-03 12:00:00.000 UTC,1.32,1.29,1.3,1.3
2022-08-03 11:00:00.000 UTC,1.3,1.29,1.29,1.3
2022-08-03 10:00:00.000 UTC,1.29,1.29,1.29,1.29
2022-08-03 09:00:00.000 UTC,1.29,1.29,1.29,1.29
2022-08-03 08:00:00.000 UTC,1.29,1.27,1.27,1.29
2022-08-03 07:00:00.000 UTC,1.28,1.27,1.27,1.28
2022-08-03 06:00:00.000 UTC,1.29,1.27,1.28,1.27
2022-08-03 05:00:00.000 UTC,1.27,1.26,1.26,1.27
2022-08-03 04:00:00.000 UTC,1.26,1.26,1.26,1.26
2022-08-03 03:00:00.000 UTC,1.27,1.25,1.25,1.26
2022-08-03 02:00:00.000 UTC,1.26,1.25,1.25,1.26
2022-08-03 01:00:00.000 UTC,1.25,1.24,1.24,1.25
2022-08-03 00:00:00.000 UTC,1.28,1.23,1.28,1.23
2022-08-02 23:00:00.000 UTC,1.29,1.28,1.29,1.28
2022-08-02 22:00:00.000 UTC,1.3,1.28,1.29,1.3
2022-08-02 21:00:00.000 UTC,1.29,1.28,1.29,1.29
2022-08-02 20:00:00.000 UTC,1.3,1.29,1.29,1.29
2022-08-02 19:00:00.000 UTC,1.3,1.29,1.29,1.3
2022-08-02 18:00:00.000 UTC,1.31,1.29,1.3,1.29
2022-08-02 17:00:00.000 UTC,1.31,1.3,1.31,1.3
2022-08-02 16:00:00.000 UTC,1.32,1.29,1.29,1.31
2022-08-02 15:00:00.000 UTC,1.3,1.28,1.29,1.3
2022-08-02 14:00:00.000 UTC,1.29,1.26,1.28,1.29
2022-08-02 13:00:00.000 UTC,1.28,1.25,1.25,1.26
2022-08-02 12:00:00.000 UTC,1.28,1.26,1.28,1.26
2022-08-02 11:00:00.000 UTC,1.29,1.27,1.27,1.28
2022-08-02 10:00:00.000 UTC,1.28,1.25,1.26,1.27
2022-08-02 09:00:00.000 UTC,1.27,1.25,1.27,1.26
2022-08-02 08:00:00.000 UTC,1.28,1.27,1.28,1.27
2022-08-02 07:00:00.000 UTC,1.28,1.27,1.27,1.28
2022-08-02 06:00:00.000 UTC,1.28,1.26,1.26,1.27
2022-08-02 05:00:00.000 UTC,1.28,1.26,1.26,1.27
2022-08-02 04:00:00.000 UTC,1.27,1.26,1.26,1.26
2022-08-02 03:00:00.000 UTC,1.29,1.26,1.29,1.26
2022-08-02 02:00:00.000 UTC,1.31,1.29,1.3,1.3
2022-08-02 01:00:00.000 UTC,1.34,1.3,1.33,1.3
2022-08-02 00:00:00.000 UTC,1.35,1.33,1.33,1.33
2022-08-01 23:00:00.000 UTC,1.33,1.32,1.33,1.33
2022-08-01 22:00:00.000 UTC,1.32,1.3,1.31,1.32
2022-08-01 21:00:00.000 UTC,1.32,1.3,1.31,1.31
2022-08-01 20:00:00.000 UTC,1.32,1.3,1.3,1.31
2022-08-01 19:00:00.000 UTC,1.31,1.29,1.31,1.31
2022-08-01 18:00:00.000 UTC,1.3,1.29,1.29,1.29
2022-08-01 17:00:00.000 UTC,1.32,1.29,1.32,1.29
2022-08-01 16:00:00.000 UTC,1.34,1.31,1.34,1.31
2022-08-01 15:00:00.000 UTC,1.35,1.33,1.33,1.34
2022-08-01 14:00:00.000 UTC,1.32,1.3,1.3,1.32
2022-08-01 13:00:00.000 UTC,1.31,1.28,1.3,1.3
2022-08-01 12:00:00.000 UTC,1.31,1.3,1.3,1.3
2022-08-01 11:00:00.000 UTC,1.31,1.29,1.29,1.3
2022-08-01 10:00:00.000 UTC,1.32,1.3,1.32,1.3
2022-08-01 09:00:00.000 UTC,1.33,1.32,1.32,1.32
2022-08-01 08:00:00.000 UTC,1.32,1.31,1.32,1.32
2022-08-01 07:00:00.000 UTC,1.31,1.3,1.31,1.31
2022-08-01 06:00:00.000 UTC,1.33,1.3,1.33,1.31
2022-08-01 05:00:00.000 UTC,1.33,1.32,1.33,1.33
2022-08-01 04:00:00.000 UTC,1.34,1.33,1.33,1.33
2022-08-01 03:00:00.000 UTC,1.33,1.32,1.33,1.33
2022-08-01 02:00:00.000 UTC,1.34,1.33,1.34,1.33
2022-08-01 01:00:00.000 UTC,1.34,1.32,1.32,1.33
2022-08-01 00:00:00.000 UTC,1.33,1.31,1.32,1.32
2022-07-31 23:00:00.000 UTC,1.32,1.31,1.32,1.31
2022-07-31 22:00:00.000 UTC,1.35,1.31,1.35,1.31
2022-07-31 21:00:00.000 UTC,1.37,1.35,1.37,1.35
2022-07-31 20:00:00.000 UTC,1.37,1.36,1.37,1.37
2022-07-31 19:00:00.000 UTC,1.38,1.36,1.36,1.37
2022-07-31 18:00:00.000 UTC,1.38,1.35,1.37,1.36
2022-07-31 17:00:00.000 UTC,1.37,1.36,1.36,1.36
2022-07-31 16:00:00.000 UTC,1.37,1.35,1.35,1.36
2022-07-31 15:00:00.000 UTC,1.36,1.35,1.35,1.36
2022-07-31 14:00:00.000 UTC,1.36,1.34,1.36,1.35
2022-07-31 13:00:00.000 UTC,1.37,1.35,1.37,1.35
2022-07-31 12:00:00.000 UTC,1.37,1.35,1.35,1.37
2022-07-31 11:00:00.000 UTC,1.36,1.35,1.36,1.36
2022-07-31 10:00:00.000 UTC,1.36,1.34,1.34,1.35
2022-07-31 09:00:00.000 UTC,1.35,1.34,1.34,1.34
2022-07-31 08:00:00.000 UTC,1.36,1.34,1.36,1.34
2022-07-31 07:00:00.000 UTC,1.37,1.36,1.36,1.36
2022-07-31 06:00:00.000 UTC,1.37,1.36,1.36,1.37
2022-07-31 05:00:00.000 UTC,1.38,1.36,1.36,1.36
2022-07-31 04:00:00.000 UTC,1.37,1.36,1.36,1.36
2022-07-31 03:00:00.000 UTC,1.36,1.35,1.35,1.35
2022-07-31 02:00:00.000 UTC,1.37,1.35,1.36,1.35
2022-07-31 01:00:00.000 UTC,1.37,1.35,1.35,1.35
2022-07-31 00:00:00.000 UTC,1.36,1.34,1.34,1.35
2022-07-30 23:00:00.000 UTC,1.35,1.33,1.34,1.34
2022-07-30 22:00:00.000 UTC,1.35,1.33,1.35,1.34
2022-07-30 21:00:00.000 UTC,1.38,1.37,1.38,1.37
2022-07-30 20:00:00.000 UTC,1.41,1.38,1.4,1.38
2022-07-30 19:00:00.000 UTC,1.41,1.39,1.41,1.4
2022-07-30 18:00:00.000 UTC,1.41,1.41,1.41,1.41
2022-07-30 17:00:00.000 UTC,1.42,1.4,1.42,1.41
2022-07-30 16:00:00.000 UTC,1.43,1.41,1.43,1.42
2022-07-30 15:00:00.000 UTC,1.43,1.37,1.37,1.43
2022-07-30 14:00:00.000 UTC,1.39,1.37,1.37,1.37
2022-07-30 13:00:00.000 UTC,1.37,1.36,1.36,1.37
2022-07-30 12:00:00.000 UTC,1.36,1.35,1.35,1.36
2022-07-30 11:00:00.000 UTC,1.36,1.34,1.34,1.36
2022-07-30 10:00:00.000 UTC,1.35,1.33,1.35,1.34
2022-07-30 09:00:00.000 UTC,1.36,1.35,1.36,1.35
2022-07-30 08:00:00.000 UTC,1.36,1.35,1.35,1.35
2022-07-30 07:00:00.000 UTC,1.36,1.35,1.35,1.35
2022-07-30 06:00:00.000 UTC,1.35,1.33,1.33,1.35
2022-07-30 05:00:00.000 UTC,1.34,1.32,1.32,1.33
2022-07-30 04:00:00.000 UTC,1.34,1.32,1.33,1.33
2022-07-30 03:00:00.000 UTC,1.34,1.33,1.34,1.33
2022-07-30 02:00:00.000 UTC,1.35,1.33,1.35,1.34
2022-07-30 01:00:00.000 UTC,1.36,1.33,1.35,1.33
2022-07-30 00:00:00.000 UTC,1.36,1.34,1.34,1.35
2022-07-29 23:00:00.000 UTC,1.36,1.34,1.36,1.34
2022-07-29 22:00:00.000 UTC,1.36,1.33,1.34,1.36
2022-07-29 21:00:00.000 UTC,1.35,1.33,1.35,1.34
2022-07-29 20:00:00.000 UTC,1.36,1.34,1.35,1.35
2022-07-29 19:00:00.000 UTC,1.35,1.34,1.34,1.35
2022-07-29 18:00:00.000 UTC,1.35,1.33,1.33,1.34
2022-07-29 17:00:00.000 UTC,1.33,1.31,1.33,1.33
2022-07-29 16:00:00.000 UTC,1.34,1.31,1.34,1.33
2022-07-29 15:00:00.000 UTC,1.34,1.34,1.34,1.34
2022-07-29 14:00:00.000 UTC,1.36,1.33,1.34,1.35
2022-07-29 13:00:00.000 UTC,1.34,1.31,1.32,1.34
2022-07-29 12:00:00.000 UTC,1.33,1.31,1.33,1.32
2022-07-29 11:00:00.000 UTC,1.38,1.32,1.38,1.32
2022-07-29 10:00:00.000 UTC,1.38,1.37,1.38,1.38
2022-07-29 09:00:00.000 UTC,1.38,1.36,1.37,1.38
2022-07-29 08:00:00.000 UTC,1.37,1.36,1.37,1.37
2022-07-29 07:00:00.000 UTC,1.38,1.37,1.38,1.37
2022-07-29 06:00:00.000 UTC,1.41,1.39,1.4,1.39
2022-07-29 05:00:00.000 UTC,1.41,1.39,1.39,1.4
2022-07-29 04:00:00.000 UTC,1.4,1.39,1.39,1.39
2022-07-29 03:00:00.000 UTC,1.39,1.36,1.36,1.39
2022-07-29 02:00:00.000 UTC,1.39,1.37,1.38,1.37
2022-07-29 01:00:00.000 UTC,1.39,1.37,1.39,1.37
2022-07-29 00:00:00.000 UTC,1.4,1.35,1.36,1.4
2022-07-28 23:00:00.000 UTC,1.37,1.35,1.37,1.36
2022-07-28 22:00:00.000 UTC,1.38,1.37,1.38,1.37
2022-07-28 21:00:00.000 UTC,1.38,1.37,1.38,1.37
2022-07-28 20:00:00.000 UTC,1.39,1.37,1.37,1.38
2022-07-28 19:00:00.000 UTC,1.37,1.35,1.36,1.35
2022-07-28 18:00:00.000 UTC,1.37,1.35,1.37,1.36
2022-07-28 17:00:00.000 UTC,1.38,1.35,1.35,1.37
2022-07-28 16:00:00.000 UTC,1.37,1.34,1.35,1.35
2022-07-28 15:00:00.000 UTC,1.35,1.31,1.31,1.35
2022-07-28 14:00:00.000 UTC,1.31,1.29,1.29,1.31
2022-07-28 13:00:00.000 UTC,1.32,1.29,1.3,1.29
2022-07-28 12:00:00.000 UTC,1.32,1.28,1.32,1.31
2022-07-28 11:00:00.000 UTC,1.33,1.3,1.3,1.33
2022-07-28 10:00:00.000 UTC,1.31,1.3,1.3,1.31
2022-07-28 09:00:00.000 UTC,1.3,1.29,1.29,1.29
2022-07-28 08:00:00.000 UTC,1.3,1.29,1.29,1.29
2022-07-28 07:00:00.000 UTC,1.3,1.29,1.3,1.29
2022-07-28 06:00:00.000 UTC,1.31,1.3,1.31,1.31
2022-07-28 05:00:00.000 UTC,1.31,1.29,1.3,1.31
2022-07-28 04:00:00.000 UTC,1.31,1.3,1.31,1.3
2022-07-28 03:00:00.000 UTC,1.32,1.3,1.32,1.31
2022-07-28 02:00:00.000 UTC,1.32,1.29,1.29,1.32
2022-07-28 01:00:00.000 UTC,1.3,1.29,1.3,1.29
2022-07-28 00:00:00.000 UTC,1.32,1.29,1.32,1.3
2022-07-27 23:00:00.000 UTC,1.32,1.31,1.31,1.32
2022-07-27 22:00:00.000 UTC,1.32,1.3,1.3,1.32
2022-07-27 21:00:00.000 UTC,1.31,1.29,1.3,1.3
2022-07-27 20:00:00.000 UTC,1.31,1.28,1.28,1.31
2022-07-27 19:00:00.000 UTC,1.29,1.26,1.26,1.29
2022-07-27 18:00:00.000 UTC,1.26,1.21,1.21,1.26
2022-07-27 17:00:00.000 UTC,1.21,1.2,1.2,1.21
2022-07-27 16:00:00.000 UTC,1.22,1.21,1.21,1.21
2022-07-27 15:00:00.000 UTC,1.22,1.21,1.21,1.21
2022-07-27 14:00:00.000 UTC,1.22,1.21,1.22,1.21
2022-07-27 13:00:00.000 UTC,1.22,1.2,1.21,1.22
2022-07-27 12:00:00.000 UTC,1.21,1.197286,1.2,1.21
2022-07-27 11:00:00.000 UTC,1.22,1.193154,1.198024,1.22
2022-07-27 10:00:00.000 UTC,1.2,1.193275,1.199449,1.2
2022-07-27 09:00:00.000 UTC,1.21,1.197029,1.21,1.197029
2022-07-27 08:00:00.000 UTC,1.23,1.2,1.2,1.21
2022-07-27 07:00:00.000 UTC,1.21,1.1957,1.1957,1.19883
2022-07-27 06:00:00.000 UTC,1.2,1.1855,1.2,1.194936
2022-07-27 05:00:00.000 UTC,1.19756,1.166943,1.166943,1.19045
2022-07-27 04:00:00.000 UTC,1.172656,1.160143,1.163447,1.162884
2022-07-27 03:00:00.000 UTC,1.176215,1.163283,1.176215,1.163283
2022-07-27 02:00:00.000 UTC,1.176145,1.170744,1.175022,1.171268
2022-07-27 01:00:00.000 UTC,1.180205,1.17073,1.173657,1.176742
2022-07-27 00:00:00.000 UTC,1.189823,1.170711,1.189823,1.178371
2022-07-26 23:00:00.000 UTC,1.185351,1.163488,1.175079,1.180041
2022-07-26 22:00:00.000 UTC,1.172953,1.152878,1.15944,1.172953
2022-07-26 21:00:00.000 UTC,1.164753,1.144818,1.144818,1.157144
2022-07-26 20:00:00.000 UTC,1.152477,1.142619,1.14638,1.152006
2022-07-26 19:00:00.000 UTC,1.153728,1.140989,1.15186,1.14597
2022-07-26 18:00:00.000 UTC,1.165324,1.144427,1.164846,1.144427
2022-07-26 17:00:00.000 UTC,1.169411,1.156251,1.156924,1.165826
2022-07-26 16:00:00.000 UTC,1.157129,1.14691,1.156048,1.155502
2022-07-26 15:00:00.000 UTC,1.172906,1.158941,1.166627,1.158941
2022-07-26 14:00:00.000 UTC,1.180705,1.164914,1.171194,1.165188
2022-07-26 13:00:00.000 UTC,1.176859,1.165489,1.16907,1.173226
2022-07-26 12:00:00.000 UTC,1.188388,1.174043,1.175869,1.176609
2022-07-26 11:00:00.000 UTC,1.186309,1.176086,1.182452,1.17663
2022-07-26 10:00:00.000 UTC,1.193725,1.18214,1.184755,1.18214
2022-07-26 09:00:00.000 UTC,1.191121,1.175788,1.175788,1.184716
2022-07-26 08:00:00.000 UTC,1.18631,1.177219,1.182837,1.177219
2022-07-26 07:00:00.000 UTC,1.192702,1.182196,1.188915,1.182196
2022-07-26 06:00:00.000 UTC,1.193431,1.184334,1.18722,1.188161
2022-07-26 05:00:00.000 UTC,1.195928,1.186412,1.188361,1.189029
2022-07-26 04:00:00.000 UTC,1.2,1.187417,1.187832,1.187417
2022-07-26 03:00:00.000 UTC,1.186279,1.179845,1.181756,1.18579
2022-07-26 02:00:00.000 UTC,1.191286,1.181023,1.182107,1.181083
2022-07-26 01:00:00.000 UTC,1.199229,1.176928,1.19145,1.18186
2022-07-26 00:00:00.000 UTC,1.22,1.191705,1.21,1.191705
2022-07-25 23:00:00.000 UTC,1.25,1.22,1.25,1.22
2022-07-25 22:00:00.000 UTC,1.26,1.24,1.26,1.25
2022-07-25 21:00:00.000 UTC,1.28,1.26,1.26,1.27
2022-07-25 20:00:00.000 UTC,1.27,1.24,1.24,1.27
2022-07-25 19:00:00.000 UTC,1.26,1.23,1.26,1.24
2022-07-25 18:00:00.000 UTC,1.27,1.25,1.26,1.27
2022-07-25 17:00:00.000 UTC,1.27,1.26,1.26,1.26
2022-07-25 16:00:00.000 UTC,1.27,1.26,1.26,1.26
2022-07-25 15:00:00.000 UTC,1.27,1.26,1.27,1.26
2022-07-25 14:00:00.000 UTC,1.27,1.26,1.27,1.26
2022-07-25 13:00:00.000 UTC,1.28,1.27,1.28,1.27
2022-07-25 12:00:00.000 UTC,1.28,1.27,1.28,1.27
2022-07-25 11:00:00.000 UTC,1.28,1.28,1.28,1.28
2022-07-25 10:00:00.000 UTC,1.29,1.28,1.28,1.29
2022-07-25 09:00:00.000 UTC,1.29,1.28,1.28,1.28
2022-07-25 08:00:00.000 UTC,1.29,1.27,1.27,1.29
2022-07-25 07:00:00.000 UTC,1.28,1.27,1.28,1.28
2022-07-25 06:00:00.000 UTC,1.28,1.27,1.28,1.28
2022-07-25 05:00:00.000 UTC,1.28,1.28,1.28,1.28
2022-07-25 04:00:00.000 UTC,1.28,1.26,1.26,1.28
2022-07-25 03:00:00.000 UTC,1.28,1.27,1.28,1.27
2022-07-25 02:00:00.000 UTC,1.28,1.27,1.28,1.28
2022-07-25 01:00:00.000 UTC,1.3,1.28,1.3,1.28
2022-07-25 00:00:00.000 UTC,1.35,1.3,1.34,1.3
2022-07-24 23:00:00.000 UTC,1.35,1.34,1.35,1.35
2022-07-24 22:00:00.000 UTC,1.37,1.35,1.36,1.35
2022-07-24 21:00:00.000 UTC,1.36,1.35,1.36,1.36
2022-07-24 20:00:00.000 UTC,1.36,1.35,1.35,1.35
2022-07-24 19:00:00.000 UTC,1.35,1.34,1.35,1.35
2022-07-24 18:00:00.000 UTC,1.35,1.34,1.35,1.34
2022-07-24 17:00:00.000 UTC,1.35,1.34,1.35,1.35
2022-07-24 16:00:00.000 UTC,1.35,1.34,1.35,1.34
2022-07-24 15:00:00.000 UTC,1.36,1.35,1.35,1.35
2022-07-24 14:00:00.000 UTC,1.35,1.33,1.34,1.35
2022-07-24 13:00:00.000 UTC,1.34,1.33,1.34,1.34
2022-07-24 12:00:00.000 UTC,1.35,1.34,1.35,1.34
2022-07-24 11:00:00.000 UTC,1.36,1.34,1.34,1.35
2022-07-24 10:00:00.000 UTC,1.35,1.34,1.35,1.34
2022-07-24 09:00:00.000 UTC,1.36,1.35,1.35,1.35
2022-07-24 08:00:00.000 UTC,1.36,1.35,1.36,1.35
2022-07-24 07:00:00.000 UTC,1.37,1.36,1.36,1.36
2022-07-24 06:00:00.000 UTC,1.37,1.36,1.36,1.36
2022-07-24 05:00:00.000 UTC,1.36,1.35,1.35,1.36
2022-07-24 04:00:00.000 UTC,1.34,1.33,1.34,1.34
2022-07-24 03:00:00.000 UTC,1.35,1.34,1.35,1.34
2022-07-24 02:00:00.000 UTC,1.35,1.34,1.35,1.34
2022-07-24 01:00:00.000 UTC,1.36,1.34,1.36,1.35
2022-07-24 00:00:00.000 UTC,1.37,1.35,1.35,1.36
2022-07-23 23:00:00.000 UTC,1.35,1.35,1.35,1.35
2022-07-23 22:00:00.000 UTC,1.35,1.33,1.33,1.35
2022-07-23 21:00:00.000 UTC,1.34,1.33,1.34,1.33
2022-07-23 20:00:00.000 UTC,1.34,1.32,1.33,1.34
2022-07-23 19:00:00.000 UTC,1.33,1.31,1.31,1.32
2022-07-23 18:00:00.000 UTC,1.32,1.31,1.31,1.32
2022-07-23 17:00:00.000 UTC,1.34,1.31,1.33,1.31
2022-07-23 16:00:00.000 UTC,1.34,1.33,1.34,1.34
2022-07-23 15:00:00.000 UTC,1.34,1.33,1.33,1.33
2022-07-23 14:00:00.000 UTC,1.34,1.33,1.34,1.33
2022-07-23 13:00:00.000 UTC,1.34,1.32,1.32,1.34
2022-07-23 12:00:00.000 UTC,1.33,1.32,1.33,1.33
2022-07-23 11:00:00.000 UTC,1.34,1.32,1.34,1.33
2022-07-23 10:00:00.000 UTC,1.36,1.34,1.36,1.34
2022-07-23 09:00:00.000 UTC,1.36,1.35,1.35,1.36
2022-07-23 08:00:00.000 UTC,1.37,1.35,1.36,1.35
2022-07-23 07:00:00.000 UTC,1.37,1.36,1.37,1.36
2022-07-23 06:00:00.000 UTC,1.37,1.36,1.36,1.37
2022-07-23 05:00:00.000 UTC,1.38,1.37,1.37,1.37
2022-07-23 04:00:00.000 UTC,1.37,1.35,1.35,1.37
2022-07-23 03:00:00.000 UTC,1.36,1.35,1.36,1.35
2022-07-23 02:00:00.000 UTC,1.37,1.35,1.36,1.36
2022-07-23 01:00:00.000 UTC,1.37,1.36,1.36,1.36
2022-07-23 00:00:00.000 UTC,1.35,1.32,1.34,1.35
2022-07-22 23:00:00.000 UTC,1.35,1.33,1.35,1.33
2022-07-22 22:00:00.000 UTC,1.35,1.34,1.35,1.35
2022-07-22 21:00:00.000 UTC,1.35,1.33,1.33,1.35
2022-07-22 20:00:00.000 UTC,1.34,1.33,1.34,1.33
2022-07-22 19:00:00.000 UTC,1.37,1.34,1.37,1.34
2022-07-22 18:00:00.000 UTC,1.37,1.35,1.36,1.37
2022-07-22 17:00:00.000 UTC,1.37,1.35,1.37,1.36
2022-07-22 16:00:00.000 UTC,1.37,1.36,1.37,1.37
2022-07-22 15:00:00.000 UTC,1.39,1.36,1.39,1.36
2022-07-22 14:00:00.000 UTC,1.39,1.38,1.39,1.39
2022-07-22 13:00:00.000 UTC,1.4,1.39,1.4,1.4
2022-07-22 12:00:00.000 UTC,1.42,1.4,1.42,1.4
2022-07-22 11:00:00.000 UTC,1.42,1.41,1.42,1.42
2022-07-22 10:00:00.000 UTC,1.43,1.42,1.42,1.43
2022-07-22 09:00:00.000 UTC,1.43,1.42,1.42,1.42
2022-07-22 08:00:00.000 UTC,1.42,1.41,1.41,1.41
2022-07-22 07:00:00.000 UTC,1.42,1.41,1.42,1.41
2022-07-22 06:00:00.000 UTC,1.42,1.41,1.41,1.41
2022-07-22 05:00:00.000 UTC,1.41,1.39,1.4,1.41
2022-07-22 04:00:00.000 UTC,1.4,1.39,1.4,1.4
2022-07-22 03:00:00.000 UTC,1.41,1.4,1.4,1.4
2022-07-22 02:00:00.000 UTC,1.41,1.4,1.4,1.41
2022-07-22 01:00:00.000 UTC,1.43,1.4,1.43,1.4
2022-07-22 00:00:00.000 UTC,1.43,1.38,1.39,1.42
2022-07-21 23:00:00.000 UTC,1.39,1.37,1.37,1.39
2022-07-21 22:00:00.000 UTC,1.38,1.36,1.38,1.37
2022-07-21 21:00:00.000 UTC,1.38,1.37,1.37,1.38
2022-07-21 20:00:00.000 UTC,1.39,1.37,1.39,1.38
2022-07-21 19:00:00.000 UTC,1.39,1.38,1.38,1.39
2022-07-21 18:00:00.000 UTC,1.38,1.37,1.37,1.37
2022-07-21 17:00:00.000 UTC,1.39,1.37,1.39,1.37
2022-07-21 16:00:00.000 UTC,1.39,1.36,1.36,1.39
2022-07-21 15:00:00.000 UTC,1.36,1.35,1.35,1.36
2022-07-21 14:00:00.000 UTC,1.38,1.34,1.38,1.35
2022-07-21 13:00:00.000 UTC,1.37,1.36,1.37,1.37
2022-07-21 12:00:00.000 UTC,1.38,1.35,1.35,1.36
2022-07-21 11:00:00.000 UTC,1.37,1.34,1.34,1.35
2022-07-21 10:00:00.000 UTC,1.37,1.35,1.37,1.35
2022-07-21 09:00:00.000 UTC,1.36,1.36,1.36,1.36
2022-07-21 08:00:00.000 UTC,1.35,1.32,1.33,1.35
2022-07-21 07:00:00.000 UTC,1.34,1.31,1.31,1.33
2022-07-21 06:00:00.000 UTC,1.32,1.31,1.32,1.31
2022-07-21 05:00:00.000 UTC,1.32,1.3,1.31,1.32
2022-07-21 04:00:00.000 UTC,1.3,1.28,1.29,1.3
2022-07-21 03:00:00.000 UTC,1.31,1.29,1.3,1.29
2022-07-21 02:00:00.000 UTC,1.35,1.32,1.35,1.32
2022-07-21 01:00:00.000 UTC,1.37,1.34,1.37,1.34
2022-07-21 00:00:00.000 UTC,1.37,1.33,1.33,1.37
2022-07-20 23:00:00.000 UTC,1.34,1.32,1.33,1.33
2022-07-20 22:00:00.000 UTC,1.36,1.34,1.36,1.34
2022-07-20 21:00:00.000 UTC,1.36,1.33,1.33,1.36
2022-07-20 20:00:00.000 UTC,1.37,1.32,1.36,1.34
2022-07-20 19:00:00.000 UTC,1.37,1.36,1.36,1.36
2022-07-20 18:00:00.000 UTC,1.37,1.36,1.36,1.36
2022-07-20 17:00:00.000 UTC,1.37,1.36,1.37,1.36
2022-07-20 16:00:00.000 UTC,1.41,1.37,1.41,1.38
2022-07-20 15:00:00.000 UTC,1.42,1.41,1.42,1.41
2022-07-20 14:00:00.000 UTC,1.42,1.41,1.41,1.42
2022-07-20 13:00:00.000 UTC,1.42,1.4,1.4,1.41
2022-07-20 12:00:00.000 UTC,1.42,1.39,1.41,1.4
2022-07-20 11:00:00.000 UTC,1.43,1.4,1.42,1.41
2022-07-20 10:00:00.000 UTC,1.43,1.41,1.42,1.42
2022-07-20 09:00:00.000 UTC,1.42,1.4,1.4,1.42
2022-07-20 08:00:00.000 UTC,1.43,1.4,1.43,1.4
2022-07-20 07:00:00.000 UTC,1.47,1.44,1.47,1.44
2022-07-20 06:00:00.000 UTC,1.48,1.47,1.48,1.47
2022-07-20 05:00:00.000 UTC,1.47,1.46,1.47,1.47
2022-07-20 04:00:00.000 UTC,1.48,1.47,1.48,1.47
2022-07-20 03:00:00.000 UTC,1.49,1.45,1.45,1.49
2022-07-20 02:00:00.000 UTC,1.45,1.43,1.43,1.44
2022-07-20 01:00:00.000 UTC,1.44,1.39,1.4,1.44
2022-07-20 00:00:00.000 UTC,1.43,1.4,1.43,1.4
2022-07-19 23:00:00.000 UTC,1.45,1.42,1.43,1.43
2022-07-19 22:00:00.000 UTC,1.46,1.43,1.46,1.43
2022-07-19 21:00:00.000 UTC,1.45,1.42,1.42,1.45
2022-07-19 20:00:00.000 UTC,1.43,1.41,1.42,1.42
2022-07-19 19:00:00.000 UTC,1.44,1.42,1.44,1.42
2022-07-19 18:00:00.000 UTC,1.45,1.43,1.44,1.43
2022-07-19 17:00:00.000 UTC,1.43,1.42,1.42,1.43
2022-07-19 16:00:00.000 UTC,1.44,1.41,1.41,1.43
2022-07-19 15:00:00.000 UTC,1.43,1.4,1.43,1.41
2022-07-19 14:00:00.000 UTC,1.43,1.41,1.43,1.43
2022-07-19 13:00:00.000 UTC,1.44,1.42,1.44,1.42
2022-07-19 12:00:00.000 UTC,1.45,1.39,1.39,1.45
2022-07-19 11:00:00.000 UTC,1.4,1.38,1.38,1.4
2022-07-19 10:00:00.000 UTC,1.38,1.37,1.38,1.37
2022-07-19 09:00:00.000 UTC,1.38,1.36,1.38,1.38
2022-07-19 08:00:00.000 UTC,1.38,1.34,1.35,1.38
2022-07-19 07:00:00.000 UTC,1.37,1.34,1.37,1.35
2022-07-19 06:00:00.000 UTC,1.38,1.36,1.37,1.36
2022-07-19 05:00:00.000 UTC,1.39,1.37,1.38,1.38
2022-07-19 04:00:00.000 UTC,1.39,1.37,1.38,1.38
2022-07-19 03:00:00.000 UTC,1.42,1.38,1.41,1.38
2022-07-19 02:00:00.000 UTC,1.46,1.41,1.43,1.41
2022-07-19 01:00:00.000 UTC,1.46,1.36,1.36,1.41
2022-07-19 00:00:00.000 UTC,1.4,1.35,1.38,1.36
2022-07-18 23:00:00.000 UTC,1.39,1.36,1.38,1.37
2022-07-18 22:00:00.000 UTC,1.37,1.32,1.32,1.37
2022-07-18 21:00:00.000 UTC,1.33,1.32,1.32,1.32
2022-07-18 20:00:00.000 UTC,1.33,1.3,1.3,1.32
2022-07-18 19:00:00.000 UTC,1.3,1.28,1.29,1.3
2022-07-18 18:00:00.000 UTC,1.3,1.29,1.29,1.29
2022-07-18 17:00:00.000 UTC,1.33,1.3,1.33,1.3
2022-07-18 16:00:00.000 UTC,1.36,1.32,1.36,1.32
2022-07-18 15:00:00.000 UTC,1.34,1.32,1.32,1.34
2022-07-18 14:00:00.000 UTC,1.32,1.31,1.32,1.32
2022-07-18 13:00:00.000 UTC,1.33,1.32,1.32,1.33
2022-07-18 12:00:00.000 UTC,1.32,1.31,1.32,1.32
2022-07-18 11:00:00.000 UTC,1.35,1.31,1.33,1.32
2022-07-18 10:00:00.000 UTC,1.33,1.32,1.32,1.33
2022-07-18 09:00:00.000 UTC,1.34,1.27,1.27,1.33
2022-07-18 08:00:00.000 UTC,1.28,1.26,1.27,1.26
2022-07-18 07:00:00.000 UTC,1.27,1.26,1.27,1.27
2022-07-18 06:00:00.000 UTC,1.27,1.24,1.25,1.27
2022-07-18 05:00:00.000 UTC,1.25,1.22,1.22,1.25
2022-07-18 04:00:00.000 UTC,1.23,1.21,1.22,1.22
2022-07-18 03:00:00.000 UTC,1.22,1.22,1.22,1.22
2022-07-18 02:00:00.000 UTC,1.22,1.2,1.2,1.22
2022-07-18 01:00:00.000 UTC,1.2,1.182995,1.182995,1.2
2022-07-18 00:00:00.000 UTC,1.192311,1.182302,1.182302,1.18277
2022-07-17 23:00:00.000 UTC,1.195949,1.182159,1.194897,1.182159
2022-07-17 22:00:00.000 UTC,1.2,1.19387,1.197571,1.194993
2022-07-17 21:00:00.000 UTC,1.2,1.198376,1.198903,1.198376
2022-07-17 20:00:00.000 UTC,1.2,1.195105,1.197107,1.2
2022-07-17 19:00:00.000 UTC,1.2,1.189428,1.190446,1.198993
2022-07-17 18:00:00.000 UTC,1.193787,1.185919,1.185919,1.190023
2022-07-17 17:00:00.000 UTC,1.21,1.194261,1.194261,1.194478
2022-07-17 16:00:00.000 UTC,1.21,1.186381,1.2,1.1943
2022-07-17 15:00:00.000 UTC,1.21,1.2,1.21,1.2
2022-07-17 14:00:00.000 UTC,1.22,1.21,1.21,1.21
2022-07-17 13:00:00.000 UTC,1.22,1.21,1.22,1.21
2022-07-17 12:00:00.000 UTC,1.23,1.22,1.23,1.22
2022-07-17 11:00:00.000 UTC,1.23,1.22,1.22,1.22
2022-07-17 10:00:00.000 UTC,1.23,1.22,1.23,1.22
2022-07-17 09:00:00.000 UTC,1.24,1.23,1.24,1.23
2022-07-17 08:00:00.000 UTC,1.25,1.24,1.25,1.24
2022-07-17 07:00:00.000 UTC,1.26,1.25,1.26,1.25
2022-07-17 06:00:00.000 UTC,1.26,1.24,1.24,1.26
2022-07-17 05:00:00.000 UTC,1.24,1.23,1.23,1.24
2022-07-17 04:00:00.000 UTC,1.24,1.23,1.24,1.23
2022-07-17 03:00:00.000 UTC,1.24,1.22,1.22,1.24
2022-07-17 02:00:00.000 UTC,1.23,1.22,1.22,1.23
2022-07-17 01:00:00.000 UTC,1.24,1.22,1.24,1.22
2022-07-17 00:00:00.000 UTC,1.26,1.24,1.25,1.24
2022-07-16 23:00:00.000 UTC,1.25,1.24,1.25,1.25
2022-07-16 22:00:00.000 UTC,1.25,1.24,1.24,1.24
2022-07-16 21:00:00.000 UTC,1.25,1.24,1.24,1.25
2022-07-16 20:00:00.000 UTC,1.24,1.23,1.24,1.24
2022-07-16 19:00:00.000 UTC,1.25,1.24,1.25,1.24
2022-07-16 18:00:00.000 UTC,1.25,1.24,1.25,1.24
2022-07-16 17:00:00.000 UTC,1.26,1.25,1.25,1.26
2022-07-16 16:00:00.000 UTC,1.26,1.23,1.23,1.26
2022-07-16 15:00:00.000 UTC,1.23,1.22,1.22,1.23
2022-07-16 14:00:00.000 UTC,1.23,1.22,1.23,1.22
2022-07-16 13:00:00.000 UTC,1.24,1.23,1.23,1.23
2022-07-16 12:00:00.000 UTC,1.23,1.21,1.22,1.23
2022-07-16 11:00:00.000 UTC,1.22,1.21,1.22,1.22
2022-07-16 10:00:00.000 UTC,1.22,1.21,1.21,1.22
2022-07-16 09:00:00.000 UTC,1.21,1.2,1.2,1.21
2022-07-16 08:00:00.000 UTC,1.21,1.2,1.2,1.2
2022-07-16 07:00:00.000 UTC,1.21,1.2,1.21,1.2
2022-07-16 06:00:00.000 UTC,1.21,1.2,1.21,1.21
2022-07-16 05:00:00.000 UTC,1.22,1.22,1.22,1.22
2022-07-16 04:00:00.000 UTC,1.22,1.21,1.22,1.22
2022-07-16 03:00:00.000 UTC,1.22,1.21,1.21,1.22
2022-07-16 02:00:00.000 UTC,1.23,1.2,1.22,1.21
2022-07-16 01:00:00.000 UTC,1.23,1.22,1.23,1.23
2022-07-16 00:00:00.000 UTC,1.24,1.21,1.21,1.23
2022-07-15 23:00:00.000 UTC,1.21,1.21,1.21,1.21
2022-07-15 22:00:00.000 UTC,1.21,1.199211,1.2,1.21
2022-07-15 21:00:00.000 UTC,1.2,1.194057,1.199158,1.2
2022-07-15 20:00:00.000 UTC,1.21,1.193716,1.21,1.193716
2022-07-15 19:00:00.000 UTC,1.2,1.18958,1.195803,1.2
2022-07-15 18:00:00.000 UTC,1.195014,1.176726,1.17675,1.195014
2022-07-15 17:00:00.000 UTC,1.187455,1.177424,1.177424,1.181374
2022-07-15 16:00:00.000 UTC,1.191218,1.174248,1.190257,1.17532
2022-07-15 15:00:00.000 UTC,1.2,1.192264,1.199994,1.192264
2022-07-15 14:00:00.000 UTC,1.21,1.196428,1.199048,1.196428
2022-07-15 13:00:00.000 UTC,1.22,1.195142,1.22,1.195142
2022-07-15 12:00:00.000 UTC,1.22,1.21,1.21,1.22
2022-07-15 11:00:00.000 UTC,1.22,1.18842,1.192746,1.22
2022-07-15 10:00:00.000 UTC,1.199077,1.188555,1.199077,1.191531
2022-07-15 09:00:00.000 UTC,1.21,1.197564,1.2,1.197564
2022-07-15 08:00:00.000 UTC,1.21,1.192951,1.195733,1.21
2022-07-15 07:00:00.000 UTC,1.19823,1.186895,1.186895,1.193532
2022-07-15 06:00:00.000 UTC,1.193797,1.184398,1.192657,1.184398
2022-07-15 05:00:00.000 UTC,1.189421,1.178929,1.185994,1.189421
2022-07-15 04:00:00.000 UTC,1.19574,1.185093,1.195191,1.185093
2022-07-15 03:00:00.000 UTC,1.192129,1.186061,1.190068,1.188815
2022-07-15 02:00:00.000 UTC,1.21,1.188244,1.2,1.188244
2022-07-15 01:00:00.000 UTC,1.196953,1.181182,1.182584,1.193498
2022-07-15 00:00:00.000 UTC,1.2,1.188066,1.2,1.189274
2022-07-14 23:00:00.000 UTC,1.21,1.188276,1.18926,1.2
2022-07-14 22:00:00.000 UTC,1.188429,1.178486,1.180276,1.183711
2022-07-14 21:00:00.000 UTC,1.195945,1.18174,1.195945,1.18188
2022-07-14 20:00:00.000 UTC,1.2,1.19385,1.197003,1.194377
2022-07-14 19:00:00.000 UTC,1.21,1.197118,1.21,1.197118
2022-07-14 18:00:00.000 UTC,1.2,1.194358,1.199469,1.2
2022-07-14 17:00:00.000 UTC,1.192196,1.161208,1.163617,1.192196
2022-07-14 16:00:00.000 UTC,1.169358,1.160538,1.163647,1.160586
2022-07-14 15:00:00.000 UTC,1.169413,1.149349,1.149349,1.162292
2022-07-14 14:00:00.000 UTC,1.14717,1.132737,1.142141,1.14717
2022-07-14 13:00:00.000 UTC,1.145136,1.130081,1.141868,1.144685
2022-07-14 12:00:00.000 UTC,1.141952,1.129396,1.132478,1.140868
2022-07-14 11:00:00.000 UTC,1.138154,1.133236,1.133238,1.13635
2022-07-14 10:00:00.000 UTC,1.134701,1.130652,1.132103,1.13287
2022-07-14 09:00:00.000 UTC,1.13254,1.12691,1.129496,1.131203
2022-07-14 08:00:00.000 UTC,1.145476,1.127524,1.142529,1.127524
2022-07-14 07:00:00.000 UTC,1.154154,1.143149,1.154154,1.143149
2022-07-14 06:00:00.000 UTC,1.161749,1.153175,1.15888,1.154208
2022-07-14 05:00:00.000 UTC,1.169922,1.157648,1.157648,1.162081
2022-07-14 04:00:00.000 UTC,1.168635,1.161244,1.164873,1.164079
2022-07-14 03:00:00.000 UTC,1.170119,1.160887,1.160887,1.163519
2022-07-14 02:00:00.000 UTC,1.165126,1.155438,1.16143,1.158213
2022-07-14 01:00:00.000 UTC,1.172561,1.158973,1.166694,1.158973
2022-07-14 00:00:00.000 UTC,1.181901,1.160889,1.173981,1.166313
2022-07-13 23:00:00.000 UTC,1.174434,1.141829,1.141829,1.170845
2022-07-13 22:00:00.000 UTC,1.158794,1.135016,1.135016,1.141773
2022-07-13 21:00:00.000 UTC,1.143721,1.124416,1.126679,1.143721
2022-07-13 20:00:00.000 UTC,1.130992,1.120724,1.125076,1.1265
2022-07-13 19:00:00.000 UTC,1.135572,1.122704,1.130504,1.125539
2022-07-13 18:00:00.000 UTC,1.131374,1.116313,1.131374,1.129516
2022-07-13 17:00:00.000 UTC,1.130819,1.103076,1.103076,1.128687
2022-07-13 16:00:00.000 UTC,1.111257,1.089707,1.093542,1.111257
2022-07-13 15:00:00.000 UTC,1.108518,1.093842,1.100676,1.093842
2022-07-13 14:00:00.000 UTC,1.110915,1.077198,1.081244,1.109257
2022-07-13 13:00:00.000 UTC,1.08903,1.068377,1.0829,1.081012
2022-07-13 12:00:00.000 UTC,1.138732,1.078751,1.131578,1.078751
2022-07-13 11:00:00.000 UTC,1.132552,1.121204,1.122687,1.130502
2022-07-13 10:00:00.000 UTC,1.129286,1.119112,1.129286,1.119112
2022-07-13 09:00:00.000 UTC,1.136213,1.128154,1.12897,1.130997
2022-07-13 08:00:00.000 UTC,1.136174,1.125377,1.126869,1.130833
2022-07-13 07:00:00.000 UTC,1.126059,1.112231,1.112231,1.126036
2022-07-13 06:00:00.000 UTC,1.120891,1.112816,1.119334,1.119125
2022-07-13 05:00:00.000 UTC,1.126079,1.108938,1.110017,1.114598
2022-07-13 04:00:00.000 UTC,1.123568,1.108844,1.118643,1.109191
2022-07-13 03:00:00.000 UTC,1.126548,1.110758,1.122739,1.115162
2022-07-13 02:00:00.000 UTC,1.121527,1.103914,1.103914,1.1194
2022-07-13 01:00:00.000 UTC,1.115275,1.100054,1.100054,1.111028
2022-07-13 00:00:00.000 UTC,1.107476,1.084993,1.097354,1.096213
2022-07-12 23:00:00.000 UTC,1.120427,1.103386,1.111872,1.103386
2022-07-12 22:00:00.000 UTC,1.117793,1.104147,1.104147,1.113022
2022-07-12 21:00:00.000 UTC,1.11626,1.100773,1.100773,1.114953
2022-07-12 20:00:00.000 UTC,1.113697,1.102996,1.110118,1.108134
2022-07-12 19:00:00.000 UTC,1.124284,1.106766,1.124284,1.113513
2022-07-12 18:00:00.000 UTC,1.137599,1.127794,1.137599,1.130058
2022-07-12 17:00:00.000 UTC,1.145387,1.135491,1.145387,1.136415
2022-07-12 16:00:00.000 UTC,1.148029,1.139012,1.14105,1.144552
2022-07-12 15:00:00.000 UTC,1.154897,1.139977,1.144647,1.140929
2022-07-12 14:00:00.000 UTC,1.14994,1.139031,1.141859,1.141339
2022-07-12 13:00:00.000 UTC,1.160586,1.12562,1.125834,1.14664
2022-07-12 12:00:00.000 UTC,1.132977,1.120221,1.120221,1.128295
2022-07-12 11:00:00.000 UTC,1.120568,1.101401,1.10786,1.120039
2022-07-12 10:00:00.000 UTC,1.113528,1.096134,1.101996,1.108162
2022-07-12 09:00:00.000 UTC,1.111725,1.096648,1.104726,1.102695
2022-07-12 08:00:00.000 UTC,1.11012,1.105125,1.10696,1.109945
2022-07-12 07:00:00.000 UTC,1.121987,1.102636,1.121987,1.10696
2022-07-12 06:00:00.000 UTC,1.132994,1.124973,1.128702,1.124973
2022-07-12 05:00:00.000 UTC,1.133211,1.117374,1.124011,1.131938
2022-07-12 04:00:00.000 UTC,1.12525,1.117837,1.123095,1.119464
2022-07-12 03:00:00.000 UTC,1.120522,1.106906,1.120522,1.117852
2022-07-12 02:00:00.000 UTC,1.122836,1.104857,1.108288,1.122836
2022-07-12 01:00:00.000 UTC,1.116861,1.108521,1.113984,1.108521
2022-07-12 00:00:00.000 UTC,1.118235,1.093786,1.099684,1.108088
2022-07-11 23:00:00.000 UTC,1.105997,1.096054,1.096521,1.105289
2022-07-11 22:00:00.000 UTC,1.12048,1.095602,1.12048,1.095602
2022-07-11 21:00:00.000 UTC,1.133755,1.117264,1.128572,1.117264
2022-07-11 20:00:00.000 UTC,1.145409,1.127509,1.142487,1.131133
2022-07-11 19:00:00.000 UTC,1.151849,1.141994,1.151849,1.141994
2022-07-11 18:00:00.000 UTC,1.15925,1.149615,1.158686,1.153133
2022-07-11 17:00:00.000 UTC,1.16379,1.134456,1.134456,1.159174
2022-07-11 16:00:00.000 UTC,1.147582,1.133959,1.137597,1.141685
2022-07-11 15:00:00.000 UTC,1.136876,1.120509,1.120509,1.136876
2022-07-11 14:00:00.000 UTC,1.125284,1.114469,1.118036,1.124392
2022-07-11 13:00:00.000 UTC,1.14059,1.114133,1.134764,1.114133
2022-07-11 12:00:00.000 UTC,1.130809,1.119434,1.121093,1.130809
2022-07-11 11:00:00.000 UTC,1.128152,1.121059,1.126565,1.121059
2022-07-11 10:00:00.000 UTC,1.135029,1.119382,1.119382,1.130603
2022-07-11 09:00:00.000 UTC,1.120854,1.113016,1.113016,1.117112
2022-07-11 08:00:00.000 UTC,1.116111,1.106966,1.110331,1.111583
2022-07-11 07:00:00.000 UTC,1.111982,1.104137,1.108424,1.111886
2022-07-11 06:00:00.000 UTC,1.126047,1.106431,1.126047,1.10902
2022-07-11 05:00:00.000 UTC,1.134644,1.126439,1.130171,1.126439
2022-07-11 04:00:00.000 UTC,1.133739,1.126107,1.13335,1.132261
2022-07-11 03:00:00.000 UTC,1.137667,1.12934,1.132422,1.13362
2022-07-11 02:00:00.000 UTC,1.137939,1.126958,1.13455,1.135562
2022-07-11 01:00:00.000 UTC,1.152197,1.126462,1.150689,1.12857
2022-07-11 00:00:00.000 UTC,1.167073,1.149541,1.167073,1.151745
2022-07-10 23:00:00.000 UTC,1.168999,1.157893,1.168999,1.166928
2022-07-10 22:00:00.000 UTC,1.172718,1.155759,1.172718,1.165859
2022-07-10 21:00:00.000 UTC,1.178653,1.168113,1.168132,1.168113
2022-07-10 20:00:00.000 UTC,1.173118,1.167646,1.17082,1.168032
2022-07-10 19:00:00.000 UTC,1.16552,1.156256,1.162583,1.161846
2022-07-10 18:00:00.000 UTC,1.169195,1.159926,1.169195,1.161789
2022-07-10 17:00:00.000 UTC,1.169497,1.160989,1.16209,1.164379
2022-07-10 16:00:00.000 UTC,1.167128,1.152339,1.157187,1.162215
2022-07-10 15:00:00.000 UTC,1.164916,1.157343,1.160075,1.157343
2022-07-10 14:00:00.000 UTC,1.174377,1.161606,1.174377,1.161854
2022-07-10 13:00:00.000 UTC,1.183583,1.172691,1.17973,1.174958
2022-07-10 12:00:00.000 UTC,1.185048,1.175429,1.175429,1.179328
2022-07-10 11:00:00.000 UTC,1.183938,1.172479,1.182394,1.175357
2022-07-10 10:00:00.000 UTC,1.18805,1.181047,1.18805,1.182191
2022-07-10 09:00:00.000 UTC,1.188965,1.183585,1.184716,1.188965
2022-07-10 08:00:00.000 UTC,1.194099,1.184451,1.19396,1.1871
2022-07-10 07:00:00.000 UTC,1.194491,1.186804,1.193055,1.189813
2022-07-10 06:00:00.000 UTC,1.193343,1.185301,1.189434,1.186536
2022-07-10 05:00:00.000 UTC,1.188956,1.183164,1.183164,1.188892
2022-07-10 04:00:00.000 UTC,1.188001,1.176689,1.178478,1.182701
2022-07-10 03:00:00.000 UTC,1.188198,1.176752,1.188198,1.182477
2022-07-10 02:00:00.000 UTC,1.21,1.18863,1.21,1.189349
2022-07-10 01:00:00.000 UTC,1.21,1.21,1.21,1.21
2022-07-10 00:00:00.000 UTC,1.23,1.2,1.23,1.2
2022-07-09 23:00:00.000 UTC,1.23,1.23,1.23,1.23
2022-07-09 22:00:00.000 UTC,1.24,1.23,1.23,1.23
2022-07-09 21:00:00.000 UTC,1.24,1.23,1.23,1.24
2022-07-09 20:00:00.000 UTC,1.23,1.23,1.23,1.23
2022-07-09 19:00:00.000 UTC,1.24,1.23,1.24,1.23
2022-07-09 18:00:00.000 UTC,1.24,1.23,1.24,1.24
2022-07-09 17:00:00.000 UTC,1.24,1.24,1.24,1.24
2022-07-09 16:00:00.000 UTC,1.24,1.23,1.23,1.23
2022-07-09 15:00:00.000 UTC,1.23,1.23,1.23,1.23
2022-07-09 14:00:00.000 UTC,1.23,1.22,1.22,1.23
2022-07-09 13:00:00.000 UTC,1.23,1.22,1.23,1.23
2022-07-09 12:00:00.000 UTC,1.23,1.22,1.23,1.23
2022-07-09 11:00:00.000 UTC,1.24,1.24,1.24,1.24
2022-07-09 10:00:00.000 UTC,1.24,1.24,1.24,1.24
2022-07-09 09:00:00.000 UTC,1.25,1.24,1.25,1.24
2022-07-09 08:00:00.000 UTC,1.25,1.24,1.24,1.25
2022-07-09 07:00:00.000 UTC,1.25,1.24,1.24,1.24
2022-07-09 06:00:00.000 UTC,1.24,1.23,1.24,1.24
2022-07-09 05:00:00.000 UTC,1.24,1.23,1.24,1.23
2022-07-09 04:00:00.000 UTC,1.24,1.23,1.23,1.24
2022-07-09 03:00:00.000 UTC,1.23,1.22,1.23,1.23
2022-07-09 02:00:00.000 UTC,1.24,1.23,1.23,1.23
2022-07-09 01:00:00.000 UTC,1.24,1.23,1.23,1.23
2022-07-09 00:00:00.000 UTC,1.25,1.23,1.23,1.23
2022-07-08 23:00:00.000 UTC,1.25,1.24,1.24,1.24
2022-07-08 22:00:00.000 UTC,1.24,1.23,1.23,1.24
2022-07-08 21:00:00.000 UTC,1.25,1.24,1.24,1.24
2022-07-08 20:00:00.000 UTC,1.25,1.24,1.24,1.24
2022-07-08 19:00:00.000 UTC,1.24,1.23,1.23,1.24
2022-07-08 18:00:00.000 UTC,1.24,1.23,1.24,1.23
2022-07-08 17:00:00.000 UTC,1.24,1.22,1.23,1.23
2022-07-08 16:00:00.000 UTC,1.24,1.23,1.24,1.23
2022-07-08 15:00:00.000 UTC,1.25,1.24,1.24,1.25
2022-07-08 14:00:00.000 UTC,1.24,1.22,1.22,1.24
2022-07-08 13:00:00.000 UTC,1.23,1.21,1.22,1.21
2022-07-08 12:00:00.000 UTC,1.23,1.21,1.22,1.22
2022-07-08 11:00:00.000 UTC,1.23,1.22,1.22,1.23
2022-07-08 10:00:00.000 UTC,1.24,1.22,1.22,1.23
2022-07-08 09:00:00.000 UTC,1.23,1.21,1.23,1.22
2022-07-08 08:00:00.000 UTC,1.26,1.23,1.25,1.23
2022-07-08 07:00:00.000 UTC,1.25,1.25,1.25,1.25
2022-07-08 06:00:00.000 UTC,1.26,1.25,1.26,1.25
2022-07-08 05:00:00.000 UTC,1.28,1.26,1.28,1.26
2022-07-08 04:00:00.000 UTC,1.29,1.28,1.28,1.28
2022-07-08 03:00:00.000 UTC,1.29,1.28,1.28,1.28
2022-07-08 02:00:00.000 UTC,1.29,1.28,1.29,1.28
2022-07-08 01:00:00.000 UTC,1.3,1.28,1.28,1.3
2022-07-08 00:00:00.000 UTC,1.29,1.28,1.29,1.28
2022-07-07 23:00:00.000 UTC,1.29,1.28,1.28,1.29
2022-07-07 22:00:00.000 UTC,1.3,1.28,1.29,1.28
2022-07-07 21:00:00.000 UTC,1.29,1.28,1.28,1.28
2022-07-07 20:00:00.000 UTC,1.29,1.28,1.29,1.28
2022-07-07 19:00:00.000 UTC,1.29,1.28,1.29,1.29
2022-07-07 18:00:00.000 UTC,1.29,1.27,1.27,1.29
2022-07-07 17:00:00.000 UTC,1.29,1.27,1.29,1.28
2022-07-07 16:00:00.000 UTC,1.3,1.28,1.29,1.29
2022-07-07 15:00:00.000 UTC,1.29,1.28,1.29,1.29
2022-07-07 14:00:00.000 UTC,1.31,1.29,1.3,1.29
2022-07-07 13:00:00.000 UTC,1.3,1.28,1.29,1.29
2022-07-07 12:00:00.000 UTC,1.3,1.28,1.29,1.29
2022-07-07 11:00:00.000 UTC,1.29,1.27,1.28,1.29
2022-07-07 10:00:00.000 UTC,1.28,1.27,1.28,1.27
2022-07-07 09:00:00.000 UTC,1.28,1.26,1.27,1.28
2022-07-07 08:00:00.000 UTC,1.27,1.25,1.26,1.26
2022-07-07 07:00:00.000 UTC,1.26,1.24,1.24,1.26
2022-07-07 06:00:00.000 UTC,1.26,1.24,1.25,1.24
2022-07-07 05:00:00.000 UTC,1.27,1.25,1.26,1.25
2022-07-07 04:00:00.000 UTC,1.28,1.25,1.28,1.26
2022-07-07 03:00:00.000 UTC,1.28,1.27,1.28,1.28
2022-07-07 02:00:00.000 UTC,1.3,1.27,1.29,1.27
2022-07-07 01:00:00.000 UTC,1.29,1.27,1.28,1.29
2022-07-07 00:00:00.000 UTC,1.29,1.26,1.27,1.29
2022-07-06 23:00:00.000 UTC,1.28,1.27,1.27,1.27
2022-07-06 22:00:00.000 UTC,1.28,1.26,1.26,1.27
2022-07-06 21:00:00.000 UTC,1.26,1.25,1.26,1.26
2022-07-06 20:00:00.000 UTC,1.26,1.25,1.25,1.26
2022-07-06 19:00:00.000 UTC,1.26,1.25,1.26,1.25
2022-07-06 18:00:00.000 UTC,1.26,1.24,1.25,1.26
2022-07-06 17:00:00.000 UTC,1.26,1.25,1.26,1.25
2022-07-06 16:00:00.000 UTC,1.26,1.25,1.25,1.26
2022-07-06 15:00:00.000 UTC,1.25,1.24,1.25,1.25
2022-07-06 14:00:00.000 UTC,1.26,1.25,1.26,1.25
2022-07-06 13:00:00.000 UTC,1.27,1.25,1.26,1.26
2022-07-06 12:00:00.000 UTC,1.26,1.24,1.25,1.26
2022-07-06 11:00:00.000 UTC,1.26,1.25,1.26,1.25
2022-07-06 10:00:00.000 UTC,1.27,1.26,1.26,1.26
2022-07-06 09:00:00.000 UTC,1.27,1.26,1.26,1.27
2022-07-06 08:00:00.000 UTC,1.29,1.26,1.27,1.27
2022-07-06 07:00:00.000 UTC,1.27,1.24,1.24,1.27
2022-07-06 06:00:00.000 UTC,1.24,1.23,1.24,1.24
2022-07-06 05:00:00.000 UTC,1.25,1.23,1.24,1.24
2022-07-06 04:00:00.000 UTC,1.26,1.187069,1.189313,1.25
2022-07-06 03:00:00.000 UTC,1.186946,1.164755,1.168176,1.186946
2022-07-06 02:00:00.000 UTC,1.171246,1.161731,1.161731,1.164486
2022-07-06 01:00:00.000 UTC,1.186752,1.159467,1.186752,1.162356
2022-07-06 00:00:00.000 UTC,1.195708,1.169316,1.18824,1.188062
2022-07-05 23:00:00.000 UTC,1.2,1.17764,1.2,1.17764
2022-07-05 22:00:00.000 UTC,1.2,1.187074,1.2,1.199926
2022-07-05 21:00:00.000 UTC,1.2,1.192498,1.198753,1.2
2022-07-05 20:00:00.000 UTC,1.21,1.188179,1.188179,1.196846
2022-07-05 19:00:00.000 UTC,1.199636,1.167534,1.167534,1.199636
2022-07-05 18:00:00.000 UTC,1.166064,1.142176,1.147712,1.166064
2022-07-05 17:00:00.000 UTC,1.152967,1.142213,1.142792,1.150563
2022-07-05 16:00:00.000 UTC,1.154008,1.13753,1.137711,1.143755
2022-07-05 15:00:00.000 UTC,1.135055,1.121904,1.133739,1.135055
2022-07-05 14:00:00.000 UTC,1.141777,1.121578,1.121578,1.13223
2022-07-05 13:00:00.000 UTC,1.12883,1.114878,1.114878,1.120905
2022-07-05 12:00:00.000 UTC,1.129295,1.113334,1.123712,1.113334
2022-07-05 11:00:00.000 UTC,1.143379,1.128519,1.139685,1.128519
2022-07-05 10:00:00.000 UTC,1.146497,1.138219,1.140616,1.144997
2022-07-05 09:00:00.000 UTC,1.160814,1.136964,1.15138,1.138356
2022-07-05 08:00:00.000 UTC,1.191692,1.153196,1.191692,1.157907
2022-07-05 07:00:00.000 UTC,1.21,1.190555,1.2,1.195107
2022-07-05 06:00:00.000 UTC,1.21,1.199411,1.2,1.2
2022-07-05 05:00:00.000 UTC,1.21,1.198026,1.199124,1.2
2022-07-05 04:00:00.000 UTC,1.21,1.189131,1.21,1.198731
2022-07-05 03:00:00.000 UTC,1.21,1.19374,1.194536,1.2
2022-07-05 02:00:00.000 UTC,1.22,1.196618,1.22,1.198141
2022-07-05 01:00:00.000 UTC,1.23,1.2,1.23,1.21
2022-07-05 00:00:00.000 UTC,1.23,1.2,1.21,1.23
2022-07-04 23:00:00.000 UTC,1.22,1.21,1.22,1.21
2022-07-04 22:00:00.000 UTC,1.22,1.21,1.21,1.22
2022-07-04 21:00:00.000 UTC,1.22,1.180084,1.186051,1.22
2022-07-04 20:00:00.000 UTC,1.2,1.187423,1.196246,1.193055
2022-07-04 19:00:00.000 UTC,1.193602,1.180138,1.193602,1.19287
2022-07-04 18:00:00.000 UTC,1.2,1.179781,1.195889,1.193406
2022-07-04 17:00:00.000 UTC,1.2,1.180843,1.180843,1.197492
2022-07-04 16:00:00.000 UTC,1.181276,1.156118,1.156118,1.181276
2022-07-04 15:00:00.000 UTC,1.166421,1.130883,1.130883,1.159621
2022-07-04 14:00:00.000 UTC,1.145608,1.130916,1.137713,1.135903
2022-07-04 13:00:00.000 UTC,1.149448,1.138177,1.140676,1.138726
2022-07-04 12:00:00.000 UTC,1.14924,1.131078,1.14924,1.139855
2022-07-04 11:00:00.000 UTC,1.136255,1.102462,1.103922,1.126906
2022-07-04 10:00:00.000 UTC,1.103922,1.093829,1.102078,1.103922
2022-07-04 09:00:00.000 UTC,1.103435,1.07548,1.07548,1.103435
2022-07-04 08:00:00.000 UTC,1.091395,1.070671,1.074165,1.075972
2022-07-04 07:00:00.000 UTC,1.089967,1.057485,1.063967,1.077468
2022-07-04 06:00:00.000 UTC,1.075052,1.057419,1.057689,1.075052
2022-07-04 05:00:00.000 UTC,1.06319,1.049465,1.052336,1.06319
2022-07-04 04:00:00.000 UTC,1.060195,1.052284,1.054328,1.052284
2022-07-04 03:00:00.000 UTC,1.060867,1.053478,1.053478,1.054013
2022-07-04 02:00:00.000 UTC,1.072124,1.053096,1.069609,1.055104
2022-07-04 01:00:00.000 UTC,1.083707,1.065985,1.068388,1.070103
2022-07-04 00:00:00.000 UTC,1.072467,1.042376,1.045546,1.066217
2022-07-03 23:00:00.000 UTC,1.049616,1.036266,1.036266,1.045314
2022-07-03 22:00:00.000 UTC,1.053878,1.035356,1.044583,1.035804
2022-07-03 21:00:00.000 UTC,1.052716,1.041337,1.052716,1.044263
2022-07-03 20:00:00.000 UTC,1.052705,1.046857,1.049454,1.052705
2022-07-03 19:00:00.000 UTC,1.05581,1.041397,1.041397,1.052158
2022-07-03 18:00:00.000 UTC,1.041451,1.031172,1.039124,1.032019
2022-07-03 17:00:00.000 UTC,1.03432,1.02655,1.033554,1.02746
2022-07-03 16:00:00.000 UTC,1.034131,1.017187,1.021468,1.034131
2022-07-03 15:00:00.000 UTC,1.021585,1.016267,1.017506,1.021585
2022-07-03 14:00:00.000 UTC,1.018841,1.013358,1.013358,1.017266
2022-07-03 13:00:00.000 UTC,1.033843,1.01168,1.033843,1.01168
2022-07-03 12:00:00.000 UTC,1.031729,1.026007,1.028864,1.026007
2022-07-03 11:00:00.000 UTC,1.041302,1.027832,1.027832,1.030075
2022-07-03 10:00:00.000 UTC,1.030498,1.027078,1.027183,1.027078
2022-07-03 09:00:00.000 UTC,1.032182,1.022848,1.032182,1.025329
2022-07-03 08:00:00.000 UTC,1.034095,1.026634,1.029745,1.034095
2022-07-03 07:00:00.000 UTC,1.029657,1.025954,1.027997,1.029657
2022-07-03 06:00:00.000 UTC,1.036531,1.025767,1.025767,1.028514
2022-07-03 05:00:00.000 UTC,1.045811,1.029794,1.038587,1.033516
2022-07-03 04:00:00.000 UTC,1.048751,1.028721,1.033629,1.028721
2022-07-03 03:00:00.000 UTC,1.043063,1.029444,1.038798,1.033054
2022-07-03 02:00:00.000 UTC,1.034377,1.026627,1.026627,1.028536
2022-07-03 01:00:00.000 UTC,1.035716,1.024847,1.030478,1.026037
2022-07-03 00:00:00.000 UTC,1.048126,1.029429,1.043841,1.030019
2022-07-02 23:00:00.000 UTC,1.054599,1.042992,1.049273,1.044488
2022-07-02 22:00:00.000 UTC,1.060888,1.050294,1.059172,1.050294
2022-07-02 21:00:00.000 UTC,1.057268,1.04159,1.04159,1.057268
2022-07-02 20:00:00.000 UTC,1.04907,1.041724,1.04409,1.04562
2022-07-02 19:00:00.000 UTC,1.059027,1.041219,1.057825,1.043125
2022-07-02 18:00:00.000 UTC,1.059304,1.040806,1.040806,1.059304
2022-07-02 17:00:00.000 UTC,1.047312,1.035588,1.040129,1.041153
2022-07-02 16:00:00.000 UTC,1.047012,1.028755,1.032373,1.04005
2022-07-02 15:00:00.000 UTC,1.045998,1.030454,1.045998,1.033001
2022-07-02 14:00:00.000 UTC,1.05475,1.040994,1.041855,1.040994
2022-07-02 13:00:00.000 UTC,1.04845,1.038327,1.046577,1.039921
2022-07-02 12:00:00.000 UTC,1.053262,1.029834,1.030551,1.046572
2022-07-02 11:00:00.000 UTC,1.042956,1.028512,1.042956,1.029447
2022-07-02 10:00:00.000 UTC,1.044896,1.02342,1.02342,1.044896
2022-07-02 09:00:00.000 UTC,1.030012,1.015319,1.023547,1.030012
2022-07-02 08:00:00.000 UTC,1.035217,1.020872,1.024265,1.024605
2022-07-02 07:00:00.000 UTC,1.039672,1.024952,1.026046,1.024952
2022-07-02 06:00:00.000 UTC,1.031503,1.020253,1.020874,1.024564
2022-07-02 05:00:00.000 UTC,1.034858,1.020521,1.020768,1.023139
2022-07-02 04:00:00.000 UTC,1.030874,1.013889,1.013889,1.02068
2022-07-02 03:00:00.000 UTC,1.032612,1.011425,1.032612,1.022543
2022-07-02 02:00:00.000 UTC,1.058495,1.029475,1.058495,1.037236
2022-07-02 01:00:00.000 UTC,1.058781,1.052343,1.058543,1.058152
2022-07-02 00:00:00.000 UTC,1.08645,1.065413,1.077184,1.070862
2022-07-01 23:00:00.000 UTC,1.079518,1.070301,1.078771,1.077295
2022-07-01 22:00:00.000 UTC,1.081981,1.073153,1.081981,1.081189
2022-07-01 21:00:00.000 UTC,1.095513,1.08314,1.095513,1.084014
2022-07-01 20:00:00.000 UTC,1.106211,1.078461,1.079376,1.097373
2022-07-01 19:00:00.000 UTC,1.089266,1.074597,1.086895,1.077523
2022-07-01 18:00:00.000 UTC,1.093372,1.078326,1.083405,1.078326
2022-07-01 17:00:00.000 UTC,1.090874,1.074828,1.075703,1.082187
2022-07-01 16:00:00.000 UTC,1.087933,1.064553,1.064553,1.086572
2022-07-01 15:00:00.000 UTC,1.079325,1.065101,1.077469,1.065101
2022-07-01 14:00:00.000 UTC,1.091403,1.072489,1.091403,1.076125
2022-07-01 13:00:00.000 UTC,1.095916,1.077058,1.089685,1.089479
2022-07-01 12:00:00.000 UTC,1.093651,1.084706,1.086802,1.091208
2022-07-01 11:00:00.000 UTC,1.104763,1.08873,1.098748,1.08873
2022-07-01 10:00:00.000 UTC,1.123628,1.094438,1.113092,1.095446
2022-07-01 09:00:00.000 UTC,1.131689,1.118202,1.12417,1.121121
2022-07-01 08:00:00.000 UTC,1.15988,1.129725,1.145114,1.129725
2022-07-01 07:00:00.000 UTC,1.144746,1.102498,1.107819,1.144746
2022-07-01 06:00:00.000 UTC,1.107198,1.097071,1.097752,1.103993
2022-07-01 05:00:00.000 UTC,1.106996,1.094149,1.094149,1.098913
2022-07-01 04:00:00.000 UTC,1.123701,1.094185,1.123701,1.096419
2022-07-01 03:00:00.000 UTC,1.168634,1.130224,1.168634,1.130224
2022-07-01 02:00:00.000 UTC,1.177475,1.147384,1.15086,1.171066
2022-07-01 01:00:00.000 UTC,1.158071,1.145976,1.145976,1.146686
2022-07-01 00:00:00.000 UTC,1.15377,1.118208,1.129483,1.148344
2022-06-30 23:00:00.000 UTC,1.129018,1.079376,1.095894,1.129018
2022-06-30 22:00:00.000 UTC,1.102473,1.026166,1.035859,1.083718
2022-06-30 21:00:00.000 UTC,1.041528,1.028839,1.028839,1.031118
2022-06-30 20:00:00.000 UTC,1.053206,1.033875,1.047785,1.033875
2022-06-30 19:00:00.000 UTC,1.04887,1.024474,1.029932,1.046516
2022-06-30 18:00:00.000 UTC,1.044526,1.025658,1.044526,1.03048
2022-06-30 17:00:00.000 UTC,1.050838,1.031936,1.033817,1.049186
2022-06-30 16:00:00.000 UTC,1.054516,1.020355,1.02168,1.043471
2022-06-30 15:00:00.000 UTC,1.029402,1.001023,1.001023,1.015171
2022-06-30 14:00:00.000 UTC,0.997983,0.968509,0.968509,0.996984
2022-06-30 13:00:00.000 UTC,1.007572,0.969014,1.00516,0.969014
2022-06-30 12:00:00.000 UTC,1.000332,0.972331,0.981436,0.997867
2022-06-30 11:00:00.000 UTC,0.985583,0.96746,0.969514,0.971181
2022-06-30 10:00:00.000 UTC,0.978813,0.967287,0.973773,0.971072
2022-06-30 09:00:00.000 UTC,0.982979,0.963623,0.977956,0.982979
2022-06-30 08:00:00.000 UTC,0.998512,0.98043,0.996554,0.98043
2022-06-30 07:00:00.000 UTC,1.009065,0.997879,1.004195,0.999532
2022-06-30 06:00:00.000 UTC,1.050365,1.007077,1.050365,1.007077
2022-06-30 05:00:00.000 UTC,1.065974,1.046929,1.065974,1.049483
2022-06-30 04:00:00.000 UTC,1.084581,1.06967,1.084581,1.06967
2022-06-30 03:00:00.000 UTC,1.083866,1.073012,1.077988,1.080647
2022-06-30 02:00:00.000 UTC,1.087994,1.04499,1.04499,1.078279
2022-06-30 01:00:00.000 UTC,1.056009,1.038945,1.051444,1.045912
2022-06-30 00:00:00.000 UTC,1.067734,1.052274,1.064321,1.053973
2022-06-29 23:00:00.000 UTC,1.075503,1.057094,1.075018,1.058878
2022-06-29 22:00:00.000 UTC,1.082354,1.067022,1.076531,1.075213
2022-06-29 21:00:00.000 UTC,1.092403,1.077405,1.07901,1.079261
2022-06-29 20:00:00.000 UTC,1.093671,1.071903,1.085158,1.071903
2022-06-29 19:00:00.000 UTC,1.079667,1.056942,1.058423,1.079667
2022-06-29 18:00:00.000 UTC,1.073726,1.059388,1.060499,1.061905
2022-06-29 17:00:00.000 UTC,1.054311,1.040495,1.041449,1.054311
2022-06-29 16:00:00.000 UTC,1.053097,1.038831,1.053097,1.041403
2022-06-29 15:00:00.000 UTC,1.057718,1.043798,1.057718,1.054392
2022-06-29 14:00:00.000 UTC,1.059176,1.043195,1.043195,1.059176
2022-06-29 13:00:00.000 UTC,1.050974,1.03549,1.04069,1.048462
2022-06-29 12:00:00.000 UTC,1.05577,1.039902,1.052357,1.044141
2022-06-29 11:00:00.000 UTC,1.05217,1.04003,1.045505,1.047122
2022-06-29 10:00:00.000 UTC,1.058772,1.04607,1.056788,1.053746
2022-06-29 09:00:00.000 UTC,1.069174,1.056205,1.05755,1.056205
2022-06-29 08:00:00.000 UTC,1.069855,1.056423,1.063611,1.056423
2022-06-29 07:00:00.000 UTC,1.065464,1.045125,1.050971,1.065464
2022-06-29 06:00:00.000 UTC,1.073657,1.049409,1.073657,1.049409
2022-06-29 05:00:00.000 UTC,1.093204,1.072123,1.088602,1.072123
2022-06-29 04:00:00.000 UTC,1.097495,1.083005,1.092882,1.089961
2022-06-29 03:00:00.000 UTC,1.106112,1.09162,1.098672,1.094637
2022-06-29 02:00:00.000 UTC,1.102957,1.091441,1.099204,1.097771
2022-06-29 01:00:00.000 UTC,1.103026,1.086484,1.086484,1.098562
2022-06-29 00:00:00.000 UTC,1.098889,1.083449,1.090425,1.08807
2022-06-28 23:00:00.000 UTC,1.099124,1.087785,1.093538,1.089711
2022-06-28 22:00:00.000 UTC,1.119087,1.09755,1.119087,1.09755
2022-06-28 21:00:00.000 UTC,1.11694,1.101354,1.102037,1.11694
2022-06-28 20:00:00.000 UTC,1.111887,1.098913,1.107168,1.103807
2022-06-28 19:00:00.000 UTC,1.106786,1.09751,1.106786,1.09751
2022-06-28 18:00:00.000 UTC,1.121657,1.096212,1.121657,1.101429
2022-06-28 17:00:00.000 UTC,1.130276,1.11781,1.130276,1.123851
2022-06-28 16:00:00.000 UTC,1.137569,1.12739,1.134485,1.127619
2022-06-28 15:00:00.000 UTC,1.159516,1.132747,1.159516,1.132747
2022-06-28 14:00:00.000 UTC,1.174172,1.150867,1.174172,1.154082
2022-06-28 13:00:00.000 UTC,1.182876,1.161749,1.166676,1.182876
2022-06-28 12:00:00.000 UTC,1.181686,1.170086,1.171715,1.171246
2022-06-28 11:00:00.000 UTC,1.179495,1.15804,1.161377,1.176931
2022-06-28 10:00:00.000 UTC,1.174736,1.161125,1.172926,1.164324
2022-06-28 09:00:00.000 UTC,1.187548,1.17101,1.185199,1.175742
2022-06-28 08:00:00.000 UTC,1.183368,1.164255,1.169627,1.183368
2022-06-28 07:00:00.000 UTC,1.18562,1.165931,1.171754,1.166212
2022-06-28 06:00:00.000 UTC,1.17757,1.153087,1.153087,1.173663
2022-06-28 05:00:00.000 UTC,1.162732,1.151332,1.160546,1.161961
2022-06-28 04:00:00.000 UTC,1.15904,1.148498,1.151704,1.15904
2022-06-28 03:00:00.000 UTC,1.148412,1.140743,1.147882,1.147829
2022-06-28 02:00:00.000 UTC,1.147903,1.133982,1.145415,1.147789
2022-06-28 01:00:00.000 UTC,1.197098,1.150138,1.192014,1.150138
2022-06-28 00:00:00.000 UTC,1.22,1.186161,1.193148,1.18968
2022-06-27 23:00:00.000 UTC,1.21,1.190037,1.21,1.19336
2022-06-27 22:00:00.000 UTC,1.21,1.197263,1.197263,1.21
2022-06-27 21:00:00.000 UTC,1.2,1.190897,1.196202,1.194649
2022-06-27 20:00:00.000 UTC,1.197088,1.16473,1.16473,1.193888
2022-06-27 19:00:00.000 UTC,1.1815,1.1628,1.1815,1.173884
2022-06-27 18:00:00.000 UTC,1.197809,1.163952,1.181529,1.180589
2022-06-27 17:00:00.000 UTC,1.191155,1.172279,1.186242,1.179923
2022-06-27 16:00:00.000 UTC,1.191085,1.177968,1.191085,1.190486
2022-06-27 15:00:00.000 UTC,1.2,1.182874,1.2,1.191545
2022-06-27 14:00:00.000 UTC,1.193302,1.178899,1.178899,1.193302
2022-06-27 13:00:00.000 UTC,1.23,1.178492,1.22,1.191913
2022-06-27 12:00:00.000 UTC,1.24,1.22,1.24,1.22
2022-06-27 11:00:00.000 UTC,1.27,1.24,1.26,1.24
2022-06-27 10:00:00.000 UTC,1.26,1.24,1.25,1.26
2022-06-27 09:00:00.000 UTC,1.26,1.24,1.24,1.26
2022-06-27 08:00:00.000 UTC,1.24,1.23,1.23,1.24
2022-06-27 07:00:00.000 UTC,1.24,1.23,1.23,1.23
2022-06-27 06:00:00.000 UTC,1.23,1.22,1.23,1.23
2022-06-27 05:00:00.000 UTC,1.25,1.23,1.25,1.23
2022-06-27 04:00:00.000 UTC,1.25,1.23,1.24,1.24
2022-06-27 03:00:00.000 UTC,1.23,1.22,1.22,1.23
2022-06-27 02:00:00.000 UTC,1.21,1.2,1.2,1.21
2022-06-27 01:00:00.000 UTC,1.21,1.188114,1.21,1.2
2022-06-27 00:00:00.000 UTC,1.21,1.186613,1.186613,1.21
2022-06-26 23:00:00.000 UTC,1.21,1.181222,1.21,1.188784
2022-06-26 22:00:00.000 UTC,1.25,1.2,1.25,1.21
2022-06-26 21:00:00.000 UTC,1.25,1.24,1.25,1.25
2022-06-26 20:00:00.000 UTC,1.25,1.24,1.24,1.25
2022-06-26 19:00:00.000 UTC,1.24,1.23,1.23,1.24
2022-06-26 18:00:00.000 UTC,1.26,1.23,1.26,1.23
2022-06-26 17:00:00.000 UTC,1.28,1.26,1.27,1.26
2022-06-26 16:00:00.000 UTC,1.28,1.27,1.28,1.27
2022-06-26 15:00:00.000 UTC,1.29,1.27,1.29,1.28
2022-06-26 14:00:00.000 UTC,1.3,1.29,1.29,1.29
2022-06-26 13:00:00.000 UTC,1.3,1.29,1.3,1.29
2022-06-26 12:00:00.000 UTC,1.32,1.31,1.32,1.31
2022-06-26 11:00:00.000 UTC,1.31,1.3,1.3,1.31
2022-06-26 10:00:00.000 UTC,1.32,1.3,1.31,1.3
2022-06-26 09:00:00.000 UTC,1.35,1.31,1.35,1.31
2022-06-26 08:00:00.000 UTC,1.33,1.27,1.27,1.33
2022-06-26 07:00:00.000 UTC,1.28,1.27,1.28,1.27
2022-06-26 06:00:00.000 UTC,1.29,1.27,1.29,1.28
2022-06-26 05:00:00.000 UTC,1.29,1.27,1.27,1.28
2022-06-26 04:00:00.000 UTC,1.28,1.26,1.26,1.27
2022-06-26 03:00:00.000 UTC,1.27,1.26,1.27,1.26
2022-06-26 02:00:00.000 UTC,1.28,1.26,1.28,1.27
2022-06-26 01:00:00.000 UTC,1.29,1.26,1.29,1.26
2022-06-26 00:00:00.000 UTC,1.3,1.26,1.28,1.29
2022-06-25 23:00:00.000 UTC,1.28,1.26,1.26,1.28
2022-06-25 22:00:00.000 UTC,1.31,1.27,1.31,1.27
2022-06-25 21:00:00.000 UTC,1.32,1.3,1.3,1.31
2022-06-25 20:00:00.000 UTC,1.32,1.29,1.3,1.31
2022-06-25 19:00:00.000 UTC,1.31,1.24,1.24,1.3
2022-06-25 18:00:00.000 UTC,1.23,1.183697,1.187166,1.23
2022-06-25 17:00:00.000 UTC,1.186757,1.126945,1.132454,1.186757
2022-06-25 16:00:00.000 UTC,1.131727,1.115583,1.120689,1.12999
2022-06-25 15:00:00.000 UTC,1.139272,1.117405,1.139272,1.117405
2022-06-25 14:00:00.000 UTC,1.150577,1.139622,1.146645,1.140222
2022-06-25 13:00:00.000 UTC,1.153906,1.13701,1.143229,1.151308
2022-06-25 12:00:00.000 UTC,1.171051,1.143464,1.156705,1.147071
2022-06-25 11:00:00.000 UTC,1.178896,1.162302,1.171918,1.16235
2022-06-25 10:00:00.000 UTC,1.179183,1.168221,1.175117,1.172332
2022-06-25 09:00:00.000 UTC,1.192356,1.172036,1.185786,1.175052
2022-06-25 08:00:00.000 UTC,1.192838,1.15265,1.15265,1.187026
2022-06-25 07:00:00.000 UTC,1.15299,1.144311,1.144311,1.152691
2022-06-25 06:00:00.000 UTC,1.145358,1.137935,1.140352,1.143819
2022-06-25 05:00:00.000 UTC,1.151967,1.129587,1.132269,1.145489
2022-06-25 04:00:00.000 UTC,1.13126,1.120737,1.127591,1.13126
2022-06-25 03:00:00.000 UTC,1.134203,1.112696,1.118344,1.131785
2022-06-25 02:00:00.000 UTC,1.145586,1.118532,1.142703,1.118532
2022-06-25 01:00:00.000 UTC,1.154126,1.120631,1.123949,1.148959
2022-06-25 00:00:00.000 UTC,1.117038,1.083288,1.102431,1.117038
2022-06-24 23:00:00.000 UTC,1.113088,1.096678,1.100556,1.110267
2022-06-24 22:00:00.000 UTC,1.110851,1.099035,1.099241,1.099035
2022-06-24 21:00:00.000 UTC,1.102317,1.08895,1.08895,1.102317
2022-06-24 20:00:00.000 UTC,1.111406,1.092889,1.101917,1.09386
2022-06-24 19:00:00.000 UTC,1.10198,1.091017,1.098387,1.099699
2022-06-24 18:00:00.000 UTC,1.09769,1.074842,1.076869,1.09769
2022-06-24 17:00:00.000 UTC,1.089044,1.076289,1.080455,1.076289
2022-06-24 16:00:00.000 UTC,1.083151,1.06879,1.075673,1.079631
2022-06-24 15:00:00.000 UTC,1.075596,1.058342,1.066693,1.075596
2022-06-24 14:00:00.000 UTC,1.081797,1.064019,1.071753,1.064019
2022-06-24 13:00:00.000 UTC,1.079408,1.065229,1.065229,1.079408
2022-06-24 12:00:00.000 UTC,1.079505,1.066888,1.072042,1.066888
2022-06-24 11:00:00.000 UTC,1.101644,1.072501,1.087033,1.072501
2022-06-24 10:00:00.000 UTC,1.065565,1.049852,1.049852,1.065565
2022-06-24 09:00:00.000 UTC,1.065834,1.049426,1.065834,1.049426
2022-06-24 08:00:00.000 UTC,1.066484,1.050213,1.050213,1.066129
2022-06-24 07:00:00.000 UTC,1.053177,1.038005,1.045938,1.047592
2022-06-24 06:00:00.000 UTC,1.058425,1.041937,1.055278,1.041937
2022-06-24 05:00:00.000 UTC,1.073054,1.063011,1.063011,1.068051
2022-06-24 04:00:00.000 UTC,1.082682,1.059401,1.074797,1.065749
2022-06-24 03:00:00.000 UTC,1.090721,1.071772,1.083627,1.071772
2022-06-24 02:00:00.000 UTC,1.093473,1.06654,1.067346,1.085361
2022-06-24 01:00:00.000 UTC,1.087813,1.065541,1.06883,1.070629
2022-06-24 00:00:00.000 UTC,1.06374,1.010641,1.010641,1.055093
2022-06-23 23:00:00.000 UTC,1.014862,1.001827,1.001827,1.011296
2022-06-23 22:00:00.000 UTC,1.005008,0.987893,0.987893,1.001556
2022-06-23 21:00:00.000 UTC,0.99688,0.985334,0.994577,0.985334
2022-06-23 20:00:00.000 UTC,1.000052,0.987848,0.994684,0.994781
2022-06-23 19:00:00.000 UTC,0.989939,0.967058,0.967527,0.989939
2022-06-23 18:00:00.000 UTC,0.972812,0.965082,0.968331,0.965082
2022-06-23 17:00:00.000 UTC,0.968731,0.959854,0.967511,0.968731
2022-06-23 16:00:00.000 UTC,0.977901,0.968979,0.977901,0.971521
2022-06-23 15:00:00.000 UTC,0.99567,0.970368,0.993848,0.975758
2022-06-23 14:00:00.000 UTC,0.995408,0.986713,0.988582,0.990461
2022-06-23 13:00:00.000 UTC,1.002391,0.987667,0.996026,0.987667
2022-06-23 12:00:00.000 UTC,1.014076,0.992303,1.007521,0.992303
2022-06-23 11:00:00.000 UTC,1.027215,1.006091,1.027215,1.009022
2022-06-23 10:00:00.000 UTC,1.016633,1.001012,1.001012,1.010911
2022-06-23 09:00:00.000 UTC,1.007119,0.987048,0.987048,0.99657
2022-06-23 08:00:00.000 UTC,0.997864,0.974814,0.974814,0.97973
2022-06-23 07:00:00.000 UTC,0.986882,0.974742,0.979734,0.974742
2022-06-23 06:00:00.000 UTC,0.982193,0.963813,0.969629,0.978805
2022-06-23 05:00:00.000 UTC,0.976942,0.965884,0.97471,0.971391
2022-06-23 04:00:00.000 UTC,0.979325,0.959667,0.975603,0.977397
2022-06-23 03:00:00.000 UTC,0.98446,0.971599,0.977121,0.981488
2022-06-23 02:00:00.000 UTC,0.985752,0.971322,0.974273,0.982898
2022-06-23 01:00:00.000 UTC,0.993771,0.968163,0.972933,0.977445
2022-06-23 00:00:00.000 UTC,0.978795,0.940913,0.940913,0.978795
2022-06-22 23:00:00.000 UTC,0.958355,0.939707,0.958109,0.943637
2022-06-22 22:00:00.000 UTC,0.960376,0.945507,0.949866,0.954294
2022-06-22 21:00:00.000 UTC,0.95172,0.935831,0.95172,0.948162
2022-06-22 20:00:00.000 UTC,0.970464,0.951055,0.970464,0.958024
2022-06-22 19:00:00.000 UTC,0.970725,0.953523,0.963419,0.970725
2022-06-22 18:00:00.000 UTC,0.979012,0.953289,0.95567,0.96636
2022-06-22 17:00:00.000 UTC,0.959741,0.944842,0.947519,0.954968
2022-06-22 16:00:00.000 UTC,0.949069,0.937025,0.942866,0.937468
2022-06-22 15:00:00.000 UTC,0.994321,0.947945,0.994321,0.947945
2022-06-22 14:00:00.000 UTC,1.005424,0.913117,0.913117,0.9951
2022-06-22 13:00:00.000 UTC,0.906982,0.887819,0.892517,0.90425
2022-06-22 12:00:00.000 UTC,0.897581,0.885489,0.895268,0.885605
2022-06-22 11:00:00.000 UTC,0.900444,0.889765,0.889765,0.89849
2022-06-22 10:00:00.000 UTC,0.892945,0.887399,0.889012,0.890835
2022-06-22 09:00:00.000 UTC,0.891975,0.879697,0.879697,0.890381
2022-06-22 08:00:00.000 UTC,0.879076,0.870557,0.871156,0.878483
2022-06-22 07:00:00.000 UTC,0.8835,0.872103,0.882604,0.873266
2022-06-22 06:00:00.000 UTC,0.898427,0.879439,0.898419,0.885608
2022-06-22 05:00:00.000 UTC,0.906243,0.895005,0.895005,0.896906
2022-06-22 04:00:00.000 UTC,0.895079,0.884698,0.884698,0.895079
2022-06-22 03:00:00.000 UTC,0.898415,0.883524,0.892727,0.883524
2022-06-22 02:00:00.000 UTC,0.897036,0.886479,0.895355,0.897036
2022-06-22 01:00:00.000 UTC,0.919523,0.903582,0.908721,0.903582
2022-06-22 00:00:00.000 UTC,0.917754,0.89939,0.917754,0.905295
2022-06-21 23:00:00.000 UTC,0.925536,0.909552,0.91979,0.916246
2022-06-21 22:00:00.000 UTC,0.915163,0.907384,0.909834,0.915163
2022-06-21 21:00:00.000 UTC,0.917756,0.904861,0.912199,0.904861
2022-06-21 20:00:00.000 UTC,0.915988,0.90794,0.914433,0.91095
2022-06-21 19:00:00.000 UTC,0.935578,0.916307,0.92721,0.916307
2022-06-21 18:00:00.000 UTC,0.935046,0.928366,0.935046,0.928366
2022-06-21 17:00:00.000 UTC,0.948005,0.935523,0.941201,0.936355
2022-06-21 16:00:00.000 UTC,0.944272,0.936686,0.937806,0.938682
2022-06-21 15:00:00.000 UTC,0.950608,0.935493,0.950608,0.938816
2022-06-21 14:00:00.000 UTC,0.958037,0.944851,0.954249,0.953383
2022-06-21 13:00:00.000 UTC,0.947265,0.922071,0.926937,0.946845
2022-06-21 12:00:00.000 UTC,0.926691,0.915793,0.921271,0.926691
2022-06-21 11:00:00.000 UTC,0.947022,0.919082,0.939652,0.919082
2022-06-21 10:00:00.000 UTC,0.943973,0.929833,0.936948,0.941825
2022-06-21 09:00:00.000 UTC,0.947282,0.93527,0.944255,0.93527
2022-06-21 08:00:00.000 UTC,0.93943,0.908213,0.908213,0.938267
2022-06-21 07:00:00.000 UTC,0.913633,0.906687,0.913633,0.912313
2022-06-21 06:00:00.000 UTC,0.916324,0.909503,0.909503,0.912766
2022-06-21 05:00:00.000 UTC,0.913753,0.885658,0.885658,0.909192
2022-06-21 04:00:00.000 UTC,0.889156,0.877272,0.883594,0.884659
2022-06-21 03:00:00.000 UTC,0.885179,0.876684,0.876684,0.885179
2022-06-21 02:00:00.000 UTC,0.881635,0.870517,0.880933,0.879463
2022-06-21 01:00:00.000 UTC,0.89284,0.873933,0.880943,0.879642
2022-06-21 00:00:00.000 UTC,0.874494,0.85436,0.867707,0.874494
2022-06-20 23:00:00.000 UTC,0.873901,0.85711,0.864046,0.87342
2022-06-20 22:00:00.000 UTC,0.860012,0.842574,0.850563,0.860012
2022-06-20 21:00:00.000 UTC,0.867549,0.847833,0.864631,0.847833
2022-06-20 20:00:00.000 UTC,0.867187,0.849698,0.855469,0.867187
2022-06-20 19:00:00.000 UTC,0.858235,0.842727,0.850574,0.858235
2022-06-20 18:00:00.000 UTC,0.850222,0.844063,0.848615,0.847644
2022-06-20 17:00:00.000 UTC,0.862803,0.85513,0.857781,0.85513
2022-06-20 16:00:00.000 UTC,0.86826,0.854691,0.86826,0.854691
2022-06-20 15:00:00.000 UTC,0.876233,0.860245,0.873341,0.867159
2022-06-20 14:00:00.000 UTC,0.875524,0.858495,0.858495,0.875524
2022-06-20 13:00:00.000 UTC,0.870633,0.855933,0.867663,0.858093
2022-06-20 12:00:00.000 UTC,0.884214,0.861957,0.884214,0.868121
2022-06-20 11:00:00.000 UTC,0.886931,0.873889,0.886931,0.88477
2022-06-20 10:00:00.000 UTC,0.884334,0.863538,0.874821,0.884334
2022-06-20 09:00:00.000 UTC,0.864732,0.847114,0.848901,0.864143
2022-06-20 08:00:00.000 UTC,0.853966,0.828115,0.828115,0.846193
2022-06-20 07:00:00.000 UTC,0.833548,0.821896,0.833548,0.823794
2022-06-20 06:00:00.000 UTC,0.835728,0.825398,0.829257,0.835728
2022-06-20 05:00:00.000 UTC,0.826962,0.818873,0.821353,0.826962
2022-06-20 04:00:00.000 UTC,0.833266,0.825825,0.826843,0.826175
2022-06-20 03:00:00.000 UTC,0.830323,0.820387,0.821368,0.827384
2022-06-20 02:00:00.000 UTC,0.829057,0.814068,0.822967,0.822099
2022-06-20 01:00:00.000 UTC,0.832929,0.818246,0.828593,0.820193
2022-06-20 00:00:00.000 UTC,0.854962,0.829714,0.854962,0.829714
2022-06-19 23:00:00.000 UTC,0.855552,0.846873,0.851781,0.855552
2022-06-19 22:00:00.000 UTC,0.859439,0.846559,0.850079,0.850786
2022-06-19 21:00:00.000 UTC,0.857419,0.84996,0.857419,0.851181
2022-06-19 20:00:00.000 UTC,0.860918,0.840285,0.840285,0.857076
2022-06-19 19:00:00.000 UTC,0.843292,0.838136,0.839269,0.84024
2022-06-19 18:00:00.000 UTC,0.825511,0.81542,0.815486,0.825492
2022-06-19 17:00:00.000 UTC,0.818891,0.810533,0.81587,0.815168
2022-06-19 16:00:00.000 UTC,0.828167,0.812318,0.826497,0.815543
2022-06-19 15:00:00.000 UTC,0.82786,0.810398,0.814114,0.82786
2022-06-19 14:00:00.000 UTC,0.812976,0.801382,0.807162,0.810777
2022-06-19 13:00:00.000 UTC,0.817991,0.811134,0.811632,0.811134
2022-06-19 12:00:00.000 UTC,0.826545,0.810425,0.818256,0.810425
2022-06-19 11:00:00.000 UTC,0.830539,0.818226,0.830539,0.818786
2022-06-19 10:00:00.000 UTC,0.827714,0.794121,0.799774,0.823982
2022-06-19 09:00:00.000 UTC,0.804653,0.784071,0.788544,0.800738
2022-06-19 08:00:00.000 UTC,0.788978,0.772756,0.77667,0.781027
2022-06-19 07:00:00.000 UTC,0.788946,0.773306,0.773306,0.780906
2022-06-19 06:00:00.000 UTC,0.783971,0.767332,0.775132,0.773365
2022-06-19 05:00:00.000 UTC,0.782952,0.763415,0.777682,0.772082
2022-06-19 04:00:00.000 UTC,0.78349,0.774504,0.776778,0.783277
2022-06-19 03:00:00.000 UTC,0.788377,0.773641,0.773641,0.778129
2022-06-19 02:00:00.000 UTC,0.783982,0.768909,0.779892,0.779296
2022-06-19 01:00:00.000 UTC,0.796354,0.780607,0.790906,0.781511
2022-06-19 00:00:00.000 UTC,0.809958,0.79746,0.797685,0.797563
2022-06-18 23:00:00.000 UTC,0.810013,0.794196,0.797583,0.805491
2022-06-18 22:00:00.000 UTC,0.808543,0.781415,0.781939,0.7943
2022-06-18 21:00:00.000 UTC,0.787757,0.745715,0.745715,0.785366
2022-06-18 20:00:00.000 UTC,0.76903,0.740652,0.7563,0.741598
2022-06-18 19:00:00.000 UTC,0.780433,0.760756,0.778783,0.760756
2022-06-18 18:00:00.000 UTC,0.788664,0.779244,0.786888,0.782152
2022-06-18 17:00:00.000 UTC,0.794391,0.784568,0.791022,0.787025
2022-06-18 16:00:00.000 UTC,0.802594,0.789118,0.789118,0.791821
2022-06-18 15:00:00.000 UTC,0.795679,0.789001,0.792219,0.790875
2022-06-18 14:00:00.000 UTC,0.802552,0.792641,0.796501,0.792641
2022-06-18 13:00:00.000 UTC,0.803901,0.794657,0.796969,0.797021
2022-06-18 12:00:00.000 UTC,0.804308,0.796458,0.804308,0.796458
2022-06-18 11:00:00.000 UTC,0.817089,0.799745,0.803946,0.804872
2022-06-18 10:00:00.000 UTC,0.81544,0.793765,0.793765,0.80273
2022-06-18 09:00:00.000 UTC,0.792587,0.784806,0.786452,0.792235
2022-06-18 08:00:00.000 UTC,0.804136,0.782577,0.79153,0.785748
2022-06-18 07:00:00.000 UTC,0.825236,0.786358,0.825236,0.792419
2022-06-18 06:00:00.000 UTC,0.849981,0.82815,0.849981,0.82815
2022-06-18 05:00:00.000 UTC,0.849309,0.84193,0.844691,0.8478
2022-06-18 04:00:00.000 UTC,0.844522,0.839657,0.841946,0.844522
2022-06-18 03:00:00.000 UTC,0.853353,0.840758,0.841151,0.84225
2022-06-18 02:00:00.000 UTC,0.849232,0.839644,0.840529,0.839982
2022-06-18 01:00:00.000 UTC,0.867527,0.839351,0.86411,0.841021
2022-06-18 00:00:00.000 UTC,0.874449,0.858152,0.858152,0.864573
2022-06-17 23:00:00.000 UTC,0.862891,0.85599,0.857399,0.859318
2022-06-17 22:00:00.000 UTC,0.863089,0.854429,0.861202,0.857945
2022-06-17 21:00:00.000 UTC,0.869114,0.860478,0.862715,0.8609
2022-06-17 20:00:00.000 UTC,0.870228,0.85582,0.85582,0.861398
2022-06-17 19:00:00.000 UTC,0.867449,0.857716,0.861438,0.857716
2022-06-17 18:00:00.000 UTC,0.874809,0.862387,0.868003,0.862999
2022-06-17 17:00:00.000 UTC,0.876084,0.860737,0.868894,0.872902
2022-06-17 16:00:00.000 UTC,0.873595,0.85995,0.866183,0.85995
2022-06-17 15:00:00.000 UTC,0.872023,0.854652,0.854652,0.863416
2022-06-17 14:00:00.000 UTC,0.871485,0.853917,0.871485,0.858173
2022-06-17 13:00:00.000 UTC,0.873967,0.855271,0.855271,0.873967
2022-06-17 12:00:00.000 UTC,0.872673,0.858372,0.87266,0.858372
2022-06-17 11:00:00.000 UTC,0.882299,0.872641,0.878253,0.872641
2022-06-17 10:00:00.000 UTC,0.875827,0.866689,0.869625,0.875827
2022-06-17 09:00:00.000 UTC,0.869826,0.86336,0.869249,0.864643
2022-06-17 08:00:00.000 UTC,0.8792,0.86734,0.871334,0.869211
2022-06-17 07:00:00.000 UTC,0.876427,0.864423,0.872213,0.875404
2022-06-17 06:00:00.000 UTC,0.872696,0.853656,0.861274,0.871437
2022-06-17 05:00:00.000 UTC,0.868916,0.858539,0.860643,0.86673
2022-06-17 04:00:00.000 UTC,0.863274,0.84401,0.851727,0.863274
2022-06-17 03:00:00.000 UTC,0.871651,0.849282,0.859274,0.849282
2022-06-17 02:00:00.000 UTC,0.870138,0.856183,0.870138,0.859529
2022-06-17 01:00:00.000 UTC,0.868351,0.84089,0.844244,0.868351
2022-06-17 00:00:00.000 UTC,0.855249,0.832094,0.832141,0.842396
2022-06-16 23:00:00.000 UTC,0.840104,0.830724,0.8395,0.83907
2022-06-16 22:00:00.000 UTC,0.855252,0.842842,0.85356,0.843537
2022-06-16 21:00:00.000 UTC,0.864646,0.848865,0.850839,0.848865
2022-06-16 20:00:00.000 UTC,0.860526,0.848281,0.848417,0.852079
2022-06-16 19:00:00.000 UTC,0.872263,0.84491,0.866578,0.84491
2022-06-16 18:00:00.000 UTC,0.870452,0.856367,0.866233,0.864307
2022-06-16 17:00:00.000 UTC,0.879299,0.868963,0.872895,0.869075
2022-06-16 16:00:00.000 UTC,0.876246,0.858212,0.86498,0.876109
2022-06-16 15:00:00.000 UTC,0.873,0.854609,0.854609,0.866219
2022-06-16 14:00:00.000 UTC,0.862371,0.848151,0.858056,0.849201
2022-06-16 13:00:00.000 UTC,0.883417,0.852753,0.869518,0.852753
2022-06-16 12:00:00.000 UTC,0.887499,0.856976,0.863652,0.869643
2022-06-16 11:00:00.000 UTC,0.869355,0.861638,0.868192,0.861638
2022-06-16 10:00:00.000 UTC,0.874133,0.853338,0.868256,0.863996
2022-06-16 09:00:00.000 UTC,0.894762,0.871482,0.894762,0.873005
2022-06-16 08:00:00.000 UTC,0.906994,0.891307,0.906994,0.898127
2022-06-16 07:00:00.000 UTC,0.921512,0.904645,0.909902,0.905514
2022-06-16 06:00:00.000 UTC,0.922593,0.914622,0.915014,0.915049
2022-06-16 05:00:00.000 UTC,0.927887,0.916287,0.923962,0.916287
2022-06-16 04:00:00.000 UTC,0.943342,0.924903,0.930278,0.924903
2022-06-16 03:00:00.000 UTC,0.946784,0.928889,0.946784,0.931038
2022-06-16 02:00:00.000 UTC,0.956235,0.938596,0.949016,0.944538
2022-06-16 01:00:00.000 UTC,0.974805,0.956803,0.969162,0.95771
2022-06-16 00:00:00.000 UTC,0.980608,0.949208,0.967122,0.957125
2022-06-15 23:00:00.000 UTC,0.96589,0.933865,0.939816,0.959236
2022-06-15 22:00:00.000 UTC,0.950341,0.932823,0.936728,0.94185
2022-06-15 21:00:00.000 UTC,0.936247,0.907245,0.908223,0.936247
2022-06-15 20:00:00.000 UTC,0.906349,0.890465,0.901662,0.905607
2022-06-15 19:00:00.000 UTC,0.920819,0.893115,0.893676,0.900682
2022-06-15 18:00:00.000 UTC,0.903647,0.815455,0.845559,0.889046
2022-06-15 17:00:00.000 UTC,0.837687,0.819901,0.821905,0.837687
2022-06-15 16:00:00.000 UTC,0.84935,0.823768,0.846652,0.823816
2022-06-15 15:00:00.000 UTC,0.844877,0.833667,0.833667,0.844703
2022-06-15 14:00:00.000 UTC,0.862067,0.839837,0.857378,0.840642
2022-06-15 13:00:00.000 UTC,0.858152,0.838407,0.840087,0.858152
2022-06-15 12:00:00.000 UTC,0.844489,0.837016,0.842452,0.844489
2022-06-15 11:00:00.000 UTC,0.851732,0.82078,0.825364,0.843692
2022-06-15 10:00:00.000 UTC,0.834126,0.799827,0.811536,0.823877
2022-06-15 09:00:00.000 UTC,0.811179,0.795064,0.805949,0.811179
2022-06-15 08:00:00.000 UTC,0.817959,0.79559,0.817959,0.798234
2022-06-15 07:00:00.000 UTC,0.837739,0.817019,0.837739,0.817019
2022-06-15 06:00:00.000 UTC,0.837494,0.819112,0.827905,0.837494
2022-06-15 05:00:00.000 UTC,0.846101,0.81899,0.846101,0.833493
2022-06-15 04:00:00.000 UTC,0.857729,0.831989,0.857729,0.846672
2022-06-15 03:00:00.000 UTC,0.881626,0.860823,0.878428,0.862108
2022-06-15 02:00:00.000 UTC,0.890711,0.87465,0.890711,0.87613
2022-06-15 01:00:00.000 UTC,0.894589,0.876529,0.877424,0.891288
2022-06-15 00:00:00.000 UTC,0.892462,0.874853,0.891225,0.874853
2022-06-14 23:00:00.000 UTC,0.896436,0.869309,0.869309,0.891805
2022-06-14 22:00:00.000 UTC,0.869934,0.855158,0.855473,0.869622
2022-06-14 21:00:00.000 UTC,0.87246,0.852115,0.869639,0.852115
2022-06-14 20:00:00.000 UTC,0.880775,0.862912,0.875808,0.867419
2022-06-14 19:00:00.000 UTC,0.87685,0.871286,0.874989,0.87245
2022-06-14 18:00:00.000 UTC,0.889634,0.875373,0.878964,0.875373
2022-06-14 17:00:00.000 UTC,0.89742,0.880908,0.888709,0.882371
2022-06-14 16:00:00.000 UTC,0.920912,0.890995,0.920912,0.891113
2022-06-14 15:00:00.000 UTC,0.919803,0.906461,0.906461,0.915908
2022-06-14 14:00:00.000 UTC,0.909403,0.892038,0.909403,0.903982
2022-06-14 13:00:00.000 UTC,0.920799,0.894536,0.894536,0.903235
2022-06-14 12:00:00.000 UTC,0.899605,0.864685,0.870789,0.892468
2022-06-14 11:00:00.000 UTC,0.886517,0.866712,0.884094,0.872858
2022-06-14 10:00:00.000 UTC,0.899551,0.887256,0.896586,0.887256
2022-06-14 09:00:00.000 UTC,0.910362,0.900337,0.908542,0.900337
2022-06-14 08:00:00.000 UTC,0.935792,0.912113,0.935792,0.912113
2022-06-14 07:00:00.000 UTC,0.939858,0.917849,0.939858,0.938735
2022-06-14 06:00:00.000 UTC,0.946328,0.925537,0.936255,0.939269
2022-06-14 05:00:00.000 UTC,0.945411,0.900264,0.903181,0.938962
2022-06-14 04:00:00.000 UTC,0.916759,0.896312,0.905278,0.900724
2022-06-14 03:00:00.000 UTC,0.90011,0.829494,0.838159,0.90011
2022-06-14 02:00:00.000 UTC,0.826786,0.785546,0.787588,0.826786
2022-06-14 01:00:00.000 UTC,0.83293,0.792052,0.83293,0.792052
2022-06-14 00:00:00.000 UTC,0.869278,0.837405,0.853319,0.837405
2022-06-13 23:00:00.000 UTC,0.847977,0.826794,0.82928,0.847977
2022-06-13 22:00:00.000 UTC,0.863615,0.834587,0.86079,0.834587
2022-06-13 21:00:00.000 UTC,0.881164,0.862169,0.877874,0.863701
2022-06-13 20:00:00.000 UTC,0.89776,0.87298,0.87298,0.882102
2022-06-13 19:00:00.000 UTC,0.87387,0.866679,0.872721,0.867019
2022-06-13 18:00:00.000 UTC,0.879745,0.862612,0.865931,0.87152
2022-06-13 17:00:00.000 UTC,0.874617,0.856445,0.874617,0.862697
2022-06-13 16:00:00.000 UTC,0.894761,0.847968,0.847968,0.874878
2022-06-13 15:00:00.000 UTC,0.85611,0.821157,0.823661,0.849331
2022-06-13 14:00:00.000 UTC,0.830352,0.808139,0.830352,0.814105
2022-06-13 13:00:00.000 UTC,0.833351,0.807979,0.818045,0.822637
2022-06-13 12:00:00.000 UTC,0.843468,0.817624,0.817624,0.823002
2022-06-13 11:00:00.000 UTC,0.824587,0.80509,0.822225,0.812307
2022-06-13 10:00:00.000 UTC,0.84816,0.821882,0.838549,0.824425
2022-06-13 09:00:00.000 UTC,0.85044,0.816541,0.818828,0.816576
2022-06-13 08:00:00.000 UTC,0.850191,0.828962,0.845262,0.828962
2022-06-13 07:00:00.000 UTC,0.872469,0.844186,0.863694,0.844186
2022-06-13 06:00:00.000 UTC,0.876969,0.857305,0.866531,0.857305
2022-06-13 05:00:00.000 UTC,0.891395,0.869652,0.885453,0.869652
2022-06-13 04:00:00.000 UTC,0.907596,0.884709,0.890775,0.887934
2022-06-13 03:00:00.000 UTC,0.890156,0.864918,0.87658,0.887855
2022-06-13 02:00:00.000 UTC,0.895243,0.876638,0.88543,0.876638
2022-06-13 01:00:00.000 UTC,0.917643,0.880839,0.910819,0.880839
2022-06-13 00:00:00.000 UTC,0.958362,0.924181,0.955009,0.924181
2022-06-12 23:00:00.000 UTC,0.985711,0.959309,0.977375,0.959309
2022-06-12 22:00:00.000 UTC,1.005648,0.980125,1.005648,0.980125
2022-06-12 21:00:00.000 UTC,1.007335,0.997841,1.002201,1.003845
2022-06-12 20:00:00.000 UTC,1.017538,1.001542,1.015737,1.001542
2022-06-12 19:00:00.000 UTC,1.022107,1.006831,1.020961,1.014174
2022-06-12 18:00:00.000 UTC,1.029899,1.017852,1.029899,1.022001
2022-06-12 17:00:00.000 UTC,1.03369,1.022445,1.022445,1.030883
2022-06-12 16:00:00.000 UTC,1.041833,1.021556,1.035048,1.021556
2022-06-12 15:00:00.000 UTC,1.047938,1.027843,1.027843,1.036539
2022-06-12 14:00:00.000 UTC,1.035065,0.963408,0.980229,1.035065
2022-06-12 13:00:00.000 UTC,1.001548,0.979165,1.001548,0.979165
2022-06-12 12:00:00.000 UTC,1.011846,1.003437,1.006557,1.003437
2022-06-12 11:00:00.000 UTC,1.007584,0.990864,0.997945,1.007584
2022-06-12 10:00:00.000 UTC,0.999574,0.991344,0.997008,0.993174
2022-06-12 09:00:00.000 UTC,1.012179,1.000203,1.00485,1.000203
2022-06-12 08:00:00.000 UTC,1.020367,0.996013,1.006112,1.009306
2022-06-12 07:00:00.000 UTC,1.002107,0.990123,0.998008,1.002107
2022-06-12 06:00:00.000 UTC,1.010751,0.994999,0.994999,1.00318
2022-06-12 05:00:00.000 UTC,0.999218,0.981381,0.993784,0.998091
2022-06-12 04:00:00.000 UTC,1.013379,0.992969,1.005503,0.992969
2022-06-12 03:00:00.000 UTC,1.011372,0.989968,0.989968,1.005092
2022-06-12 02:00:00.000 UTC,1.042061,0.995608,1.037575,0.995608
2022-06-12 01:00:00.000 UTC,1.085731,1.049081,1.085731,1.049081
2022-06-12 00:00:00.000 UTC,1.091975,1.081339,1.084082,1.087783
2022-06-11 23:00:00.000 UTC,1.097455,1.076844,1.097455,1.083173
2022-06-11 22:00:00.000 UTC,1.099449,1.079081,1.080132,1.099449
2022-06-11 21:00:00.000 UTC,1.091464,1.069326,1.075532,1.081044
2022-06-11 20:00:00.000 UTC,1.084469,1.073473,1.084469,1.073473
2022-06-11 19:00:00.000 UTC,1.094371,1.082743,1.082843,1.085376
2022-06-11 18:00:00.000 UTC,1.098034,1.073705,1.085098,1.088008
2022-06-11 17:00:00.000 UTC,1.08342,1.072779,1.072779,1.081119
2022-06-11 16:00:00.000 UTC,1.086582,1.064824,1.072545,1.074459
2022-06-11 15:00:00.000 UTC,1.088048,1.065494,1.083155,1.065494
2022-06-11 14:00:00.000 UTC,1.124833,1.09789,1.124833,1.09789
2022-06-11 13:00:00.000 UTC,1.127737,1.114542,1.118694,1.125031
2022-06-11 12:00:00.000 UTC,1.142478,1.12903,1.131741,1.12903
2022-06-11 11:00:00.000 UTC,1.160871,1.12881,1.160871,1.12881
2022-06-11 10:00:00.000 UTC,1.176306,1.157057,1.176306,1.158434
2022-06-11 09:00:00.000 UTC,1.184853,1.174322,1.184853,1.17968
2022-06-11 08:00:00.000 UTC,1.22,1.18878,1.22,1.18878
2022-06-11 07:00:00.000 UTC,1.22,1.21,1.21,1.22
2022-06-11 06:00:00.000 UTC,1.21,1.21,1.21,1.21
2022-06-11 05:00:00.000 UTC,1.21,1.21,1.21,1.21
2022-06-11 04:00:00.000 UTC,1.21,1.21,1.21,1.21
2022-06-11 03:00:00.000 UTC,1.22,1.21,1.21,1.21
2022-06-11 02:00:00.000 UTC,1.21,1.2,1.21,1.21
2022-06-11 01:00:00.000 UTC,1.21,1.2,1.21,1.21
2022-06-11 00:00:00.000 UTC,1.21,1.2,1.2,1.21
2022-06-10 23:00:00.000 UTC,1.22,1.2,1.22,1.2
2022-06-10 22:00:00.000 UTC,1.23,1.22,1.22,1.22
2022-06-10 21:00:00.000 UTC,1.22,1.22,1.22,1.22
2022-06-10 20:00:00.000 UTC,1.22,1.21,1.21,1.22
2022-06-10 19:00:00.000 UTC,1.22,1.21,1.21,1.21
2022-06-10 18:00:00.000 UTC,1.21,1.21,1.21,1.21
2022-06-10 17:00:00.000 UTC,1.21,1.21,1.21,1.21
2022-06-10 16:00:00.000 UTC,1.23,1.2,1.23,1.21
2022-06-10 15:00:00.000 UTC,1.23,1.22,1.23,1.22
2022-06-10 14:00:00.000 UTC,1.24,1.21,1.21,1.24
2022-06-10 13:00:00.000 UTC,1.23,1.2,1.23,1.21
2022-06-10 12:00:00.000 UTC,1.28,1.23,1.28,1.23
2022-06-10 11:00:00.000 UTC,1.28,1.27,1.27,1.28
2022-06-10 10:00:00.000 UTC,1.27,1.27,1.27,1.27
2022-06-10 09:00:00.000 UTC,1.28,1.27,1.28,1.27
2022-06-10 08:00:00.000 UTC,1.29,1.28,1.28,1.28
2022-06-10 07:00:00.000 UTC,1.29,1.28,1.28,1.28
2022-06-10 06:00:00.000 UTC,1.29,1.29,1.29,1.29
2022-06-10 05:00:00.000 UTC,1.29,1.29,1.29,1.29
2022-06-10 04:00:00.000 UTC,1.29,1.29,1.29,1.29
2022-06-10 03:00:00.000 UTC,1.3,1.28,1.28,1.29
2022-06-10 02:00:00.000 UTC,1.29,1.28,1.28,1.28
2022-06-10 01:00:00.000 UTC,1.28,1.27,1.27,1.28
2022-06-10 00:00:00.000 UTC,1.29,1.27,1.29,1.27
2022-06-09 23:00:00.000 UTC,1.29,1.29,1.29,1.29
2022-06-09 22:00:00.000 UTC,1.3,1.29,1.29,1.29
2022-06-09 21:00:00.000 UTC,1.3,1.29,1.29,1.29
2022-06-09 20:00:00.000 UTC,1.3,1.29,1.29,1.29
2022-06-09 19:00:00.000 UTC,1.3,1.29,1.3,1.3
2022-06-09 18:00:00.000 UTC,1.31,1.3,1.31,1.3
2022-06-09 17:00:00.000 UTC,1.31,1.3,1.31,1.3
2022-06-09 16:00:00.000 UTC,1.3,1.29,1.3,1.3
2022-06-09 15:00:00.000 UTC,1.3,1.3,1.3,1.3
2022-06-09 14:00:00.000 UTC,1.31,1.3,1.3,1.3
2022-06-09 13:00:00.000 UTC,1.31,1.3,1.3,1.3
2022-06-09 12:00:00.000 UTC,1.31,1.3,1.31,1.3
2022-06-09 11:00:00.000 UTC,1.31,1.31,1.31,1.31
2022-06-09 10:00:00.000 UTC,1.32,1.31,1.32,1.31
2022-06-09 09:00:00.000 UTC,1.32,1.32,1.32,1.32
2022-06-09 08:00:00.000 UTC,1.31,1.31,1.31,1.31
2022-06-09 07:00:00.000 UTC,1.31,1.3,1.3,1.31
2022-06-09 06:00:00.000 UTC,1.31,1.3,1.31,1.3
2022-06-09 05:00:00.000 UTC,1.31,1.31,1.31,1.31
2022-06-09 04:00:00.000 UTC,1.31,1.3,1.3,1.31
2022-06-09 03:00:00.000 UTC,1.3,1.29,1.29,1.3
2022-06-09 02:00:00.000 UTC,1.3,1.29,1.3,1.29
2022-06-09 01:00:00.000 UTC,1.31,1.3,1.3,1.3
2022-06-09 00:00:00.000 UTC,1.3,1.29,1.3,1.3
2022-06-08 23:00:00.000 UTC,1.31,1.29,1.3,1.3
2022-06-08 22:00:00.000 UTC,1.31,1.3,1.31,1.3
2022-06-08 21:00:00.000 UTC,1.31,1.3,1.3,1.31
2022-06-08 20:00:00.000 UTC,1.31,1.3,1.31,1.3
2022-06-08 19:00:00.000 UTC,1.31,1.3,1.3,1.31
2022-06-08 18:00:00.000 UTC,1.31,1.29,1.3,1.3
2022-06-08 17:00:00.000 UTC,1.31,1.3,1.31,1.3
2022-06-08 16:00:00.000 UTC,1.32,1.3,1.31,1.3
2022-06-08 15:00:00.000 UTC,1.32,1.31,1.31,1.31
2022-06-08 14:00:00.000 UTC,1.32,1.31,1.32,1.31
2022-06-08 13:00:00.000 UTC,1.32,1.3,1.3,1.32
2022-06-08 12:00:00.000 UTC,1.31,1.3,1.31,1.3
2022-06-08 11:00:00.000 UTC,1.31,1.31,1.31,1.31
2022-06-08 10:00:00.000 UTC,1.32,1.31,1.32,1.31
2022-06-08 09:00:00.000 UTC,1.32,1.3,1.3,1.32
2022-06-08 08:00:00.000 UTC,1.31,1.3,1.3,1.3
2022-06-08 07:00:00.000 UTC,1.3,1.29,1.3,1.3
2022-06-08 06:00:00.000 UTC,1.31,1.3,1.31,1.3
2022-06-08 05:00:00.000 UTC,1.31,1.3,1.3,1.31
2022-06-08 04:00:00.000 UTC,1.3,1.29,1.29,1.3
2022-06-08 03:00:00.000 UTC,1.32,1.29,1.32,1.29
2022-06-08 02:00:00.000 UTC,1.33,1.32,1.32,1.32
2022-06-08 01:00:00.000 UTC,1.32,1.3,1.31,1.32
2022-06-08 00:00:00.000 UTC,1.32,1.31,1.31,1.32
2022-06-07 23:00:00.000 UTC,1.33,1.3,1.3,1.31
2022-06-07 22:00:00.000 UTC,1.34,1.3,1.34,1.3
2022-06-07 21:00:00.000 UTC,1.35,1.33,1.34,1.33
2022-06-07 20:00:00.000 UTC,1.34,1.32,1.32,1.34
2022-06-07 19:00:00.000 UTC,1.33,1.3,1.31,1.32
2022-06-07 18:00:00.000 UTC,1.31,1.29,1.3,1.3
2022-06-07 17:00:00.000 UTC,1.3,1.29,1.3,1.3
2022-06-07 16:00:00.000 UTC,1.3,1.29,1.29,1.29
2022-06-07 15:00:00.000 UTC,1.3,1.29,1.3,1.29
2022-06-07 14:00:00.000 UTC,1.3,1.29,1.29,1.3
2022-06-07 13:00:00.000 UTC,1.29,1.27,1.28,1.29
2022-06-07 12:00:00.000 UTC,1.28,1.28,1.28,1.28
2022-06-07 11:00:00.000 UTC,1.29,1.27,1.29,1.27
2022-06-07 10:00:00.000 UTC,1.3,1.28,1.29,1.29
2022-06-07 09:00:00.000 UTC,1.29,1.28,1.29,1.28
2022-06-07 08:00:00.000 UTC,1.3,1.29,1.29,1.29
2022-06-07 07:00:00.000 UTC,1.29,1.28,1.29,1.29
2022-06-07 06:00:00.000 UTC,1.29,1.28,1.29,1.28
2022-06-07 05:00:00.000 UTC,1.29,1.28,1.29,1.29
2022-06-07 04:00:00.000 UTC,1.29,1.28,1.29,1.28
2022-06-07 03:00:00.000 UTC,1.29,1.27,1.27,1.29
2022-06-07 02:00:00.000 UTC,1.29,1.27,1.28,1.28
2022-06-07 01:00:00.000 UTC,1.29,1.28,1.29,1.28
2022-06-07 00:00:00.000 UTC,1.35,1.28,1.35,1.29
2022-06-06 23:00:00.000 UTC,1.35,1.34,1.34,1.35
2022-06-06 22:00:00.000 UTC,1.35,1.34,1.34,1.34
2022-06-06 21:00:00.000 UTC,1.34,1.32,1.32,1.34
2022-06-06 20:00:00.000 UTC,1.33,1.32,1.33,1.33
2022-06-06 19:00:00.000 UTC,1.33,1.32,1.33,1.33
2022-06-06 18:00:00.000 UTC,1.33,1.32,1.33,1.32
2022-06-06 17:00:00.000 UTC,1.33,1.32,1.33,1.33
2022-06-06 16:00:00.000 UTC,1.35,1.33,1.35,1.33
2022-06-06 15:00:00.000 UTC,1.36,1.34,1.36,1.35
2022-06-06 14:00:00.000 UTC,1.38,1.36,1.36,1.37
2022-06-06 13:00:00.000 UTC,1.37,1.36,1.37,1.36
2022-06-06 12:00:00.000 UTC,1.38,1.37,1.37,1.37
2022-06-06 11:00:00.000 UTC,1.39,1.37,1.39,1.37
2022-06-06 10:00:00.000 UTC,1.39,1.38,1.39,1.39
2022-06-06 09:00:00.000 UTC,1.38,1.37,1.38,1.38
2022-06-06 08:00:00.000 UTC,1.38,1.36,1.36,1.37
2022-06-06 07:00:00.000 UTC,1.37,1.36,1.36,1.37
2022-06-06 06:00:00.000 UTC,1.36,1.34,1.35,1.36
2022-06-06 05:00:00.000 UTC,1.36,1.35,1.35,1.35
2022-06-06 04:00:00.000 UTC,1.36,1.35,1.36,1.35
2022-06-06 03:00:00.000 UTC,1.36,1.34,1.34,1.36
2022-06-06 02:00:00.000 UTC,1.35,1.34,1.34,1.34
2022-06-06 01:00:00.000 UTC,1.35,1.32,1.32,1.34
2022-06-06 00:00:00.000 UTC,1.33,1.3,1.31,1.33
2022-06-05 23:00:00.000 UTC,1.3,1.29,1.3,1.29
2022-06-05 22:00:00.000 UTC,1.3,1.3,1.3,1.3
2022-06-05 21:00:00.000 UTC,1.3,1.29,1.3,1.29
2022-06-05 20:00:00.000 UTC,1.31,1.3,1.31,1.3
2022-06-05 19:00:00.000 UTC,1.31,1.3,1.3,1.31
2022-06-05 18:00:00.000 UTC,1.31,1.3,1.31,1.3
2022-06-05 17:00:00.000 UTC,1.31,1.29,1.3,1.31
2022-06-05 16:00:00.000 UTC,1.31,1.29,1.3,1.29
2022-06-05 15:00:00.000 UTC,1.29,1.28,1.28,1.29
2022-06-05 14:00:00.000 UTC,1.29,1.28,1.28,1.28
2022-06-05 13:00:00.000 UTC,1.28,1.28,1.28,1.28
2022-06-05 12:00:00.000 UTC,1.29,1.28,1.29,1.28
2022-06-05 11:00:00.000 UTC,1.28,1.28,1.28,1.28
2022-06-05 10:00:00.000 UTC,1.29,1.28,1.28,1.28
2022-06-05 09:00:00.000 UTC,1.29,1.28,1.29,1.28
2022-06-05 08:00:00.000 UTC,1.29,1.28,1.29,1.28
2022-06-05 07:00:00.000 UTC,1.29,1.28,1.28,1.29
2022-06-05 06:00:00.000 UTC,1.29,1.28,1.29,1.28
2022-06-05 05:00:00.000 UTC,1.29,1.28,1.28,1.29
2022-06-05 04:00:00.000 UTC,1.29,1.28,1.29,1.28
2022-06-05 03:00:00.000 UTC,1.29,1.28,1.29,1.29
2022-06-05 02:00:00.000 UTC,1.29,1.28,1.28,1.28
2022-06-05 01:00:00.000 UTC,1.29,1.28,1.29,1.28
2022-06-05 00:00:00.000 UTC,1.3,1.29,1.3,1.29
2022-06-04 23:00:00.000 UTC,1.3,1.29,1.3,1.3
2022-06-04 22:00:00.000 UTC,1.3,1.29,1.3,1.3
2022-06-04 21:00:00.000 UTC,1.3,1.28,1.29,1.29
2022-06-04 20:00:00.000 UTC,1.29,1.28,1.28,1.29
2022-06-04 19:00:00.000 UTC,1.29,1.28,1.28,1.28
2022-06-04 18:00:00.000 UTC,1.3,1.28,1.29,1.29
2022-06-04 17:00:00.000 UTC,1.29,1.28,1.28,1.29
2022-06-04 16:00:00.000 UTC,1.29,1.28,1.29,1.29
2022-06-04 15:00:00.000 UTC,1.3,1.28,1.29,1.29
2022-06-04 14:00:00.000 UTC,1.3,1.27,1.28,1.29
2022-06-04 13:00:00.000 UTC,1.29,1.27,1.28,1.28
2022-06-04 12:00:00.000 UTC,1.28,1.27,1.28,1.27
2022-06-04 11:00:00.000 UTC,1.3,1.28,1.28,1.29
2022-06-04 10:00:00.000 UTC,1.29,1.28,1.28,1.28
2022-06-04 09:00:00.000 UTC,1.3,1.28,1.3,1.28
2022-06-04 08:00:00.000 UTC,1.31,1.29,1.29,1.29
2022-06-04 07:00:00.000 UTC,1.3,1.29,1.29,1.29
2022-06-04 06:00:00.000 UTC,1.3,1.28,1.28,1.29
2022-06-04 05:00:00.000 UTC,1.3,1.28,1.3,1.28
2022-06-04 04:00:00.000 UTC,1.3,1.27,1.27,1.3
2022-06-04 03:00:00.000 UTC,1.28,1.27,1.28,1.27
2022-06-04 02:00:00.000 UTC,1.29,1.27,1.29,1.27
2022-06-04 01:00:00.000 UTC,1.3,1.29,1.3,1.29
2022-06-04 00:00:00.000 UTC,1.31,1.3,1.3,1.3
2022-06-03 23:00:00.000 UTC,1.31,1.3,1.31,1.31
2022-06-03 22:00:00.000 UTC,1.32,1.31,1.32,1.31
2022-06-03 21:00:00.000 UTC,1.31,1.3,1.31,1.31
2022-06-03 20:00:00.000 UTC,1.31,1.29,1.29,1.3
2022-06-03 19:00:00.000 UTC,1.29,1.29,1.29,1.29
2022-06-03 18:00:00.000 UTC,1.29,1.29,1.29,1.29
2022-06-03 17:00:00.000 UTC,1.3,1.29,1.3,1.3
2022-06-03 16:00:00.000 UTC,1.3,1.28,1.28,1.29
2022-06-03 15:00:00.000 UTC,1.29,1.28,1.28,1.28
2022-06-03 14:00:00.000 UTC,1.3,1.28,1.3,1.28
2022-06-03 13:00:00.000 UTC,1.3,1.28,1.29,1.29
2022-06-03 12:00:00.000 UTC,1.31,1.29,1.29,1.3
2022-06-03 11:00:00.000 UTC,1.3,1.29,1.3,1.29
2022-06-03 10:00:00.000 UTC,1.32,1.3,1.32,1.31
2022-06-03 09:00:00.000 UTC,1.34,1.32,1.33,1.32
2022-06-03 08:00:00.000 UTC,1.35,1.33,1.34,1.34
2022-06-03 07:00:00.000 UTC,1.35,1.34,1.35,1.34
2022-06-03 06:00:00.000 UTC,1.36,1.34,1.35,1.35
2022-06-03 05:00:00.000 UTC,1.36,1.35,1.35,1.36
2022-06-03 04:00:00.000 UTC,1.36,1.35,1.36,1.35
2022-06-03 03:00:00.000 UTC,1.36,1.36,1.36,1.36
2022-06-03 02:00:00.000 UTC,1.37,1.36,1.37,1.36
2022-06-03 01:00:00.000 UTC,1.37,1.35,1.35,1.37
2022-06-03 00:00:00.000 UTC,1.38,1.35,1.38,1.36
2022-06-02 23:00:00.000 UTC,1.38,1.36,1.37,1.38
2022-06-02 22:00:00.000 UTC,1.37,1.34,1.35,1.37
2022-06-02 21:00:00.000 UTC,1.36,1.34,1.34,1.35
2022-06-02 20:00:00.000 UTC,1.36,1.34,1.34,1.35
2022-06-02 19:00:00.000 UTC,1.34,1.32,1.34,1.34
2022-06-02 18:00:00.000 UTC,1.35,1.34,1.34,1.34
2022-06-02 17:00:00.000 UTC,1.35,1.34,1.35,1.34
2022-06-02 16:00:00.000 UTC,1.36,1.34,1.34,1.35
2022-06-02 15:00:00.000 UTC,1.35,1.33,1.33,1.34
2022-06-02 14:00:00.000 UTC,1.33,1.32,1.33,1.32
2022-06-02 13:00:00.000 UTC,1.34,1.32,1.34,1.33
2022-06-02 12:00:00.000 UTC,1.35,1.34,1.35,1.34
2022-06-02 11:00:00.000 UTC,1.35,1.34,1.34,1.35
2022-06-02 10:00:00.000 UTC,1.34,1.32,1.33,1.33
2022-06-02 09:00:00.000 UTC,1.34,1.33,1.33,1.33
2022-06-02 08:00:00.000 UTC,1.34,1.33,1.33,1.33
2022-06-02 07:00:00.000 UTC,1.34,1.32,1.33,1.33
2022-06-02 06:00:00.000 UTC,1.32,1.31,1.32,1.32
2022-06-02 05:00:00.000 UTC,1.32,1.31,1.32,1.32
2022-06-02 04:00:00.000 UTC,1.32,1.31,1.31,1.32
2022-06-02 03:00:00.000 UTC,1.33,1.31,1.31,1.31
2022-06-02 02:00:00.000 UTC,1.33,1.31,1.32,1.31
2022-06-02 01:00:00.000 UTC,1.33,1.31,1.32,1.33
2022-06-02 00:00:00.000 UTC,1.33,1.31,1.33,1.31
2022-06-01 23:00:00.000 UTC,1.34,1.32,1.32,1.32
2022-06-01 22:00:00.000 UTC,1.33,1.31,1.32,1.33
2022-06-01 21:00:00.000 UTC,1.33,1.31,1.32,1.31
2022-06-01 20:00:00.000 UTC,1.36,1.31,1.36,1.31
2022-06-01 19:00:00.000 UTC,1.36,1.35,1.36,1.35
2022-06-01 18:00:00.000 UTC,1.37,1.35,1.36,1.35
2022-06-01 17:00:00.000 UTC,1.37,1.35,1.37,1.35
2022-06-01 16:00:00.000 UTC,1.38,1.36,1.38,1.37
2022-06-01 15:00:00.000 UTC,1.4,1.38,1.4,1.38
2022-06-01 14:00:00.000 UTC,1.43,1.38,1.43,1.4
2022-06-01 13:00:00.000 UTC,1.44,1.41,1.42,1.43
2022-06-01 12:00:00.000 UTC,1.42,1.4,1.4,1.42
2022-06-01 11:00:00.000 UTC,1.42,1.4,1.41,1.41
2022-06-01 10:00:00.000 UTC,1.42,1.4,1.42,1.4
2022-06-01 09:00:00.000 UTC,1.42,1.4,1.41,1.42
2022-06-01 08:00:00.000 UTC,1.41,1.39,1.4,1.4
2022-06-01 07:00:00.000 UTC,1.41,1.4,1.41,1.4
2022-06-01 06:00:00.000 UTC,1.41,1.4,1.41,1.41
2022-06-01 05:00:00.000 UTC,1.41,1.4,1.4,1.41
2022-06-01 04:00:00.000 UTC,1.42,1.4,1.41,1.42
2022-06-01 03:00:00.000 UTC,1.42,1.41,1.42,1.41
2022-06-01 02:00:00.000 UTC,1.45,1.42,1.45,1.42
2022-06-01 01:00:00.000 UTC,1.46,1.44,1.46,1.45
2022-06-01 00:00:00.000 UTC,1.46,1.43,1.46,1.44
2022-05-31 23:00:00.000 UTC,1.47,1.46,1.47,1.46
2022-05-31 22:00:00.000 UTC,1.47,1.44,1.44,1.47
2022-05-31 21:00:00.000 UTC,1.45,1.44,1.44,1.44
2022-05-31 20:00:00.000 UTC,1.45,1.43,1.44,1.44
2022-05-31 19:00:00.000 UTC,1.44,1.43,1.43,1.44
2022-05-31 18:00:00.000 UTC,1.45,1.43,1.44,1.43
2022-05-31 17:00:00.000 UTC,1.44,1.43,1.44,1.44
2022-05-31 16:00:00.000 UTC,1.45,1.43,1.44,1.44
2022-05-31 15:00:00.000 UTC,1.45,1.41,1.42,1.45
2022-05-31 14:00:00.000 UTC,1.42,1.4,1.41,1.42
2022-05-31 13:00:00.000 UTC,1.46,1.41,1.44,1.41
2022-05-31 12:00:00.000 UTC,1.47,1.44,1.46,1.44
2022-05-31 11:00:00.000 UTC,1.48,1.45,1.45,1.46
2022-05-31 10:00:00.000 UTC,1.45,1.43,1.43,1.45
2022-05-31 09:00:00.000 UTC,1.46,1.43,1.46,1.43
2022-05-31 08:00:00.000 UTC,1.47,1.45,1.45,1.47
2022-05-31 07:00:00.000 UTC,1.45,1.44,1.44,1.44
2022-05-31 06:00:00.000 UTC,1.47,1.43,1.46,1.43
2022-05-31 05:00:00.000 UTC,1.5,1.47,1.5,1.47
2022-05-31 04:00:00.000 UTC,1.51,1.49,1.51,1.49
2022-05-31 03:00:00.000 UTC,1.52,1.5,1.52,1.51
2022-05-31 02:00:00.000 UTC,1.52,1.47,1.47,1.51
2022-05-31 01:00:00.000 UTC,1.47,1.44,1.46,1.46
2022-05-31 00:00:00.000 UTC,1.49,1.44,1.44,1.46
2022-05-30 23:00:00.000 UTC,1.46,1.44,1.44,1.44
2022-05-30 22:00:00.000 UTC,1.45,1.44,1.44,1.45
2022-05-30 21:00:00.000 UTC,1.46,1.43,1.43,1.44
2022-05-30 20:00:00.000 UTC,1.43,1.4,1.4,1.43
2022-05-30 19:00:00.000 UTC,1.42,1.4,1.41,1.4
2022-05-30 18:00:00.000 UTC,1.42,1.41,1.41,1.42
2022-05-30 17:00:00.000 UTC,1.43,1.41,1.43,1.42
2022-05-30 16:00:00.000 UTC,1.44,1.38,1.38,1.43
2022-05-30 15:00:00.000 UTC,1.39,1.37,1.38,1.39
2022-05-30 14:00:00.000 UTC,1.39,1.37,1.37,1.38
2022-05-30 13:00:00.000 UTC,1.38,1.36,1.37,1.36
2022-05-30 12:00:00.000 UTC,1.4,1.37,1.37,1.39
2022-05-30 11:00:00.000 UTC,1.38,1.36,1.37,1.37
2022-05-30 10:00:00.000 UTC,1.38,1.36,1.37,1.37
2022-05-30 09:00:00.000 UTC,1.39,1.37,1.38,1.37
2022-05-30 08:00:00.000 UTC,1.39,1.38,1.38,1.39
2022-05-30 07:00:00.000 UTC,1.39,1.37,1.38,1.39
2022-05-30 06:00:00.000 UTC,1.38,1.37,1.37,1.38
2022-05-30 05:00:00.000 UTC,1.37,1.34,1.34,1.36
2022-05-30 04:00:00.000 UTC,1.35,1.34,1.34,1.34
2022-05-30 03:00:00.000 UTC,1.36,1.34,1.36,1.35
2022-05-30 02:00:00.000 UTC,1.36,1.34,1.34,1.36
2022-05-30 01:00:00.000 UTC,1.34,1.3,1.3,1.34
2022-05-30 00:00:00.000 UTC,1.32,1.3,1.32,1.31
2022-05-29 23:00:00.000 UTC,1.32,1.31,1.31,1.31
2022-05-29 22:00:00.000 UTC,1.31,1.3,1.3,1.31
2022-05-29 21:00:00.000 UTC,1.3,1.29,1.3,1.3
2022-05-29 20:00:00.000 UTC,1.3,1.3,1.3,1.3
2022-05-29 19:00:00.000 UTC,1.29,1.28,1.29,1.28
2022-05-29 18:00:00.000 UTC,1.3,1.29,1.29,1.29
2022-05-29 17:00:00.000 UTC,1.3,1.29,1.3,1.3
2022-05-29 16:00:00.000 UTC,1.3,1.29,1.29,1.3
2022-05-29 15:00:00.000 UTC,1.3,1.29,1.3,1.29
2022-05-29 14:00:00.000 UTC,1.31,1.3,1.31,1.3
2022-05-29 13:00:00.000 UTC,1.31,1.3,1.31,1.31
2022-05-29 12:00:00.000 UTC,1.31,1.3,1.3,1.31
2022-05-29 11:00:00.000 UTC,1.3,1.29,1.29,1.3
2022-05-29 10:00:00.000 UTC,1.29,1.28,1.28,1.29
2022-05-29 09:00:00.000 UTC,1.29,1.28,1.29,1.28
2022-05-29 08:00:00.000 UTC,1.29,1.28,1.28,1.28
2022-05-29 07:00:00.000 UTC,1.28,1.27,1.28,1.28
2022-05-29 06:00:00.000 UTC,1.29,1.27,1.28,1.29
2022-05-29 05:00:00.000 UTC,1.28,1.28,1.28,1.28
2022-05-29 04:00:00.000 UTC,1.28,1.27,1.27,1.28
2022-05-29 03:00:00.000 UTC,1.28,1.27,1.27,1.28
2022-05-29 02:00:00.000 UTC,1.28,1.27,1.28,1.27
2022-05-29 01:00:00.000 UTC,1.3,1.28,1.3,1.28
2022-05-29 00:00:00.000 UTC,1.31,1.3,1.3,1.3
2022-05-28 23:00:00.000 UTC,1.31,1.3,1.3,1.31
2022-05-28 22:00:00.000 UTC,1.31,1.3,1.3,1.3
2022-05-28 21:00:00.000 UTC,1.32,1.3,1.32,1.31
2022-05-28 20:00:00.000 UTC,1.33,1.32,1.33,1.32
2022-05-28 19:00:00.000 UTC,1.33,1.31,1.33,1.33
2022-05-28 18:00:00.000 UTC,1.32,1.31,1.31,1.31
2022-05-28 17:00:00.000 UTC,1.32,1.31,1.32,1.31
2022-05-28 16:00:00.000 UTC,1.33,1.31,1.31,1.32
2022-05-28 15:00:00.000 UTC,1.32,1.3,1.31,1.31
2022-05-28 14:00:00.000 UTC,1.31,1.3,1.31,1.3
2022-05-28 13:00:00.000 UTC,1.32,1.3,1.3,1.3
2022-05-28 12:00:00.000 UTC,1.31,1.29,1.29,1.31
2022-05-28 11:00:00.000 UTC,1.31,1.28,1.29,1.3
2022-05-28 10:00:00.000 UTC,1.3,1.28,1.29,1.29
2022-05-28 09:00:00.000 UTC,1.3,1.28,1.3,1.29
2022-05-28 08:00:00.000 UTC,1.3,1.29,1.3,1.3
2022-05-28 07:00:00.000 UTC,1.31,1.3,1.31,1.3
2022-05-28 06:00:00.000 UTC,1.31,1.31,1.31,1.31
2022-05-28 05:00:00.000 UTC,1.33,1.31,1.32,1.32
2022-05-28 04:00:00.000 UTC,1.32,1.29,1.31,1.32
2022-05-28 03:00:00.000 UTC,1.31,1.28,1.29,1.31
2022-05-28 02:00:00.000 UTC,1.31,1.29,1.31,1.29
2022-05-28 01:00:00.000 UTC,1.34,1.31,1.33,1.31
2022-05-28 00:00:00.000 UTC,1.34,1.28,1.29,1.33
2022-05-27 23:00:00.000 UTC,1.32,1.29,1.31,1.29
2022-05-27 22:00:00.000 UTC,1.33,1.31,1.31,1.31
2022-05-27 21:00:00.000 UTC,1.33,1.31,1.32,1.31
2022-05-27 20:00:00.000 UTC,1.35,1.31,1.32,1.33
2022-05-27 19:00:00.000 UTC,1.33,1.27,1.27,1.33
2022-05-27 18:00:00.000 UTC,1.3,1.27,1.29,1.27
2022-05-27 17:00:00.000 UTC,1.31,1.28,1.31,1.3
2022-05-27 16:00:00.000 UTC,1.33,1.31,1.32,1.31
2022-05-27 15:00:00.000 UTC,1.34,1.31,1.33,1.32
2022-05-27 14:00:00.000 UTC,1.38,1.33,1.38,1.33
2022-05-27 13:00:00.000 UTC,1.38,1.35,1.36,1.38
2022-05-27 12:00:00.000 UTC,1.36,1.31,1.32,1.35
2022-05-27 11:00:00.000 UTC,1.34,1.3,1.3,1.32
2022-05-27 10:00:00.000 UTC,1.33,1.31,1.33,1.31
2022-05-27 09:00:00.000 UTC,1.32,1.29,1.29,1.32
2022-05-27 08:00:00.000 UTC,1.32,1.3,1.31,1.3
2022-05-27 07:00:00.000 UTC,1.34,1.31,1.32,1.32
2022-05-27 06:00:00.000 UTC,1.31,1.28,1.29,1.31
2022-05-27 05:00:00.000 UTC,1.31,1.28,1.3,1.29
2022-05-27 04:00:00.000 UTC,1.34,1.3,1.33,1.31
2022-05-27 03:00:00.000 UTC,1.34,1.3,1.31,1.33
2022-05-27 02:00:00.000 UTC,1.32,1.29,1.3,1.3
2022-05-27 01:00:00.000 UTC,1.34,1.3,1.34,1.3
2022-05-27 00:00:00.000 UTC,1.39,1.34,1.39,1.34
2022-05-26 23:00:00.000 UTC,1.42,1.38,1.39,1.39
2022-05-26 22:00:00.000 UTC,1.43,1.38,1.39,1.41
2022-05-26 21:00:00.000 UTC,1.4,1.37,1.37,1.4
2022-05-26 20:00:00.000 UTC,1.39,1.36,1.37,1.37
2022-05-26 19:00:00.000 UTC,1.39,1.38,1.39,1.38
2022-05-26 18:00:00.000 UTC,1.43,1.4,1.43,1.4
2022-05-26 17:00:00.000 UTC,1.44,1.4,1.43,1.42
2022-05-26 16:00:00.000 UTC,1.47,1.42,1.44,1.43
2022-05-26 15:00:00.000 UTC,1.44,1.36,1.36,1.44
2022-05-26 14:00:00.000 UTC,1.36,1.33,1.33,1.35
2022-05-26 13:00:00.000 UTC,1.33,1.28,1.33,1.32
2022-05-26 12:00:00.000 UTC,1.35,1.32,1.35,1.33
2022-05-26 11:00:00.000 UTC,1.35,1.33,1.34,1.34
2022-05-26 10:00:00.000 UTC,1.37,1.33,1.37,1.34
2022-05-26 09:00:00.000 UTC,1.37,1.34,1.34,1.36
2022-05-26 08:00:00.000 UTC,1.42,1.35,1.42,1.35
2022-05-26 07:00:00.000 UTC,1.44,1.4,1.42,1.42
2022-05-26 06:00:00.000 UTC,1.42,1.4,1.42,1.41
2022-05-26 05:00:00.000 UTC,1.47,1.42,1.46,1.42
2022-05-26 04:00:00.000 UTC,1.49,1.46,1.49,1.47
2022-05-26 03:00:00.000 UTC,1.52,1.48,1.52,1.48
2022-05-26 02:00:00.000 UTC,1.51,1.47,1.47,1.51
2022-05-26 01:00:00.000 UTC,1.48,1.46,1.47,1.47
2022-05-26 00:00:00.000 UTC,1.48,1.4,1.4,1.48
2022-05-25 23:00:00.000 UTC,1.43,1.4,1.43,1.4
2022-05-25 22:00:00.000 UTC,1.41,1.38,1.39,1.41
2022-05-25 21:00:00.000 UTC,1.38,1.36,1.37,1.38
2022-05-25 20:00:00.000 UTC,1.39,1.37,1.38,1.37
2022-05-25 19:00:00.000 UTC,1.38,1.36,1.37,1.38
2022-05-25 18:00:00.000 UTC,1.38,1.33,1.33,1.37
2022-05-25 17:00:00.000 UTC,1.33,1.32,1.33,1.33
2022-05-25 16:00:00.000 UTC,1.36,1.32,1.33,1.33
2022-05-25 15:00:00.000 UTC,1.31,1.26,1.27,1.31
2022-05-25 14:00:00.000 UTC,1.27,1.26,1.27,1.27
2022-05-25 13:00:00.000 UTC,1.27,1.25,1.26,1.27
2022-05-25 12:00:00.000 UTC,1.26,1.25,1.25,1.26
2022-05-25 11:00:00.000 UTC,1.27,1.25,1.27,1.25
2022-05-25 10:00:00.000 UTC,1.29,1.27,1.28,1.27
2022-05-25 09:00:00.000 UTC,1.3,1.28,1.29,1.29
2022-05-25 08:00:00.000 UTC,1.3,1.28,1.28,1.29
2022-05-25 07:00:00.000 UTC,1.29,1.28,1.28,1.28
2022-05-25 06:00:00.000 UTC,1.29,1.27,1.29,1.29
2022-05-25 05:00:00.000 UTC,1.31,1.28,1.3,1.28
2022-05-25 04:00:00.000 UTC,1.31,1.3,1.31,1.3
2022-05-25 03:00:00.000 UTC,1.32,1.3,1.32,1.31
2022-05-25 02:00:00.000 UTC,1.32,1.3,1.3,1.32
2022-05-25 01:00:00.000 UTC,1.3,1.29,1.3,1.29
2022-05-25 00:00:00.000 UTC,1.32,1.3,1.32,1.3
2022-05-24 23:00:00.000 UTC,1.32,1.31,1.31,1.32
2022-05-24 22:00:00.000 UTC,1.31,1.3,1.31,1.31
2022-05-24 21:00:00.000 UTC,1.3,1.29,1.3,1.3
2022-05-24 20:00:00.000 UTC,1.29,1.28,1.28,1.29
2022-05-24 19:00:00.000 UTC,1.28,1.27,1.27,1.28
2022-05-24 18:00:00.000 UTC,1.29,1.27,1.28,1.27
2022-05-24 17:00:00.000 UTC,1.28,1.26,1.27,1.27
2022-05-24 16:00:00.000 UTC,1.3,1.26,1.29,1.26
2022-05-24 15:00:00.000 UTC,1.3,1.26,1.26,1.29
2022-05-24 14:00:00.000 UTC,1.25,1.24,1.24,1.25
2022-05-24 13:00:00.000 UTC,1.29,1.26,1.29,1.26
2022-05-24 12:00:00.000 UTC,1.3,1.28,1.29,1.29
2022-05-24 11:00:00.000 UTC,1.3,1.29,1.3,1.29
2022-05-24 10:00:00.000 UTC,1.29,1.29,1.29,1.29
2022-05-24 09:00:00.000 UTC,1.29,1.27,1.27,1.28
2022-05-24 08:00:00.000 UTC,1.31,1.28,1.31,1.28
2022-05-24 07:00:00.000 UTC,1.31,1.31,1.31,1.31
2022-05-24 06:00:00.000 UTC,1.33,1.31,1.32,1.31
2022-05-24 05:00:00.000 UTC,1.33,1.32,1.32,1.32
2022-05-24 04:00:00.000 UTC,1.33,1.31,1.32,1.32
2022-05-24 03:00:00.000 UTC,1.32,1.31,1.31,1.32
2022-05-24 02:00:00.000 UTC,1.31,1.3,1.31,1.3
2022-05-24 01:00:00.000 UTC,1.31,1.29,1.31,1.31
2022-05-24 00:00:00.000 UTC,1.31,1.3,1.31,1.31
2022-05-23 23:00:00.000 UTC,1.32,1.29,1.32,1.31
2022-05-23 22:00:00.000 UTC,1.36,1.31,1.36,1.32
2022-05-23 21:00:00.000 UTC,1.36,1.35,1.36,1.36
2022-05-23 20:00:00.000 UTC,1.37,1.33,1.35,1.37
2022-05-23 19:00:00.000 UTC,1.38,1.35,1.36,1.35
2022-05-23 18:00:00.000 UTC,1.39,1.37,1.39,1.37
2022-05-23 17:00:00.000 UTC,1.41,1.39,1.41,1.39
2022-05-23 16:00:00.000 UTC,1.43,1.41,1.41,1.41
2022-05-23 15:00:00.000 UTC,1.41,1.4,1.4,1.4
2022-05-23 14:00:00.000 UTC,1.41,1.39,1.41,1.4
2022-05-23 13:00:00.000 UTC,1.42,1.39,1.41,1.42
2022-05-23 12:00:00.000 UTC,1.42,1.41,1.42,1.42
2022-05-23 11:00:00.000 UTC,1.44,1.42,1.43,1.42
2022-05-23 10:00:00.000 UTC,1.43,1.42,1.43,1.43
2022-05-23 09:00:00.000 UTC,1.43,1.41,1.42,1.43
2022-05-23 08:00:00.000 UTC,1.45,1.42,1.43,1.42
2022-05-23 07:00:00.000 UTC,1.45,1.42,1.43,1.44
2022-05-23 06:00:00.000 UTC,1.44,1.42,1.43,1.43
2022-05-23 05:00:00.000 UTC,1.42,1.4,1.4,1.42
2022-05-23 04:00:00.000 UTC,1.42,1.4,1.41,1.4
2022-05-23 03:00:00.000 UTC,1.42,1.4,1.4,1.42
2022-05-23 02:00:00.000 UTC,1.41,1.39,1.41,1.4
2022-05-23 01:00:00.000 UTC,1.46,1.41,1.46,1.42
2022-05-23 00:00:00.000 UTC,1.43,1.39,1.39,1.42
2022-05-22 23:00:00.000 UTC,1.4,1.38,1.38,1.39
2022-05-22 22:00:00.000 UTC,1.39,1.36,1.36,1.38
2022-05-22 21:00:00.000 UTC,1.37,1.35,1.36,1.36
2022-05-22 20:00:00.000 UTC,1.37,1.35,1.36,1.35
2022-05-22 19:00:00.000 UTC,1.37,1.35,1.36,1.36
2022-05-22 18:00:00.000 UTC,1.37,1.36,1.36,1.36
2022-05-22 17:00:00.000 UTC,1.37,1.35,1.35,1.36
2022-05-22 16:00:00.000 UTC,1.36,1.33,1.36,1.35
2022-05-22 15:00:00.000 UTC,1.37,1.34,1.37,1.36
2022-05-22 14:00:00.000 UTC,1.37,1.37,1.37,1.37
2022-05-22 13:00:00.000 UTC,1.38,1.37,1.38,1.37
2022-05-22 12:00:00.000 UTC,1.38,1.37,1.37,1.38
2022-05-22 11:00:00.000 UTC,1.4,1.36,1.37,1.36
2022-05-22 10:00:00.000 UTC,1.38,1.37,1.38,1.37
2022-05-22 09:00:00.000 UTC,1.38,1.34,1.35,1.38
2022-05-22 08:00:00.000 UTC,1.36,1.34,1.36,1.35
2022-05-22 07:00:00.000 UTC,1.35,1.34,1.34,1.35
2022-05-22 06:00:00.000 UTC,1.34,1.33,1.33,1.34
2022-05-22 05:00:00.000 UTC,1.34,1.32,1.32,1.33
2022-05-22 04:00:00.000 UTC,1.35,1.34,1.35,1.34
2022-05-22 03:00:00.000 UTC,1.37,1.35,1.36,1.35
2022-05-22 02:00:00.000 UTC,1.36,1.35,1.36,1.36
2022-05-22 01:00:00.000 UTC,1.39,1.37,1.37,1.37
2022-05-22 00:00:00.000 UTC,1.37,1.32,1.33,1.37
2022-05-21 23:00:00.000 UTC,1.34,1.33,1.33,1.34
2022-05-21 22:00:00.000 UTC,1.32,1.3,1.31,1.32
2022-05-21 21:00:00.000 UTC,1.32,1.31,1.32,1.31
2022-05-21 20:00:00.000 UTC,1.34,1.32,1.34,1.32
2022-05-21 19:00:00.000 UTC,1.34,1.32,1.34,1.33
2022-05-21 18:00:00.000 UTC,1.34,1.33,1.33,1.33
2022-05-21 17:00:00.000 UTC,1.35,1.33,1.34,1.34
2022-05-21 16:00:00.000 UTC,1.34,1.32,1.33,1.34
2022-05-21 15:00:00.000 UTC,1.33,1.31,1.32,1.33
2022-05-21 14:00:00.000 UTC,1.32,1.3,1.31,1.32
2022-05-21 13:00:00.000 UTC,1.32,1.29,1.29,1.31
2022-05-21 12:00:00.000 UTC,1.31,1.29,1.29,1.29
2022-05-21 11:00:00.000 UTC,1.31,1.29,1.31,1.29
2022-05-21 10:00:00.000 UTC,1.33,1.3,1.3,1.31
2022-05-21 09:00:00.000 UTC,1.3,1.29,1.29,1.3
2022-05-21 08:00:00.000 UTC,1.31,1.29,1.3,1.3
2022-05-21 07:00:00.000 UTC,1.3,1.27,1.28,1.3
2022-05-21 06:00:00.000 UTC,1.28,1.27,1.28,1.27
2022-05-21 05:00:00.000 UTC,1.28,1.27,1.28,1.27
2022-05-21 04:00:00.000 UTC,1.29,1.28,1.29,1.28
2022-05-21 03:00:00.000 UTC,1.29,1.27,1.28,1.29
2022-05-21 02:00:00.000 UTC,1.29,1.26,1.27,1.28
2022-05-21 01:00:00.000 UTC,1.29,1.25,1.29,1.27
2022-05-21 00:00:00.000 UTC,1.3,1.27,1.28,1.29
2022-05-20 23:00:00.000 UTC,1.31,1.28,1.29,1.29
2022-05-20 22:00:00.000 UTC,1.3,1.26,1.27,1.28
2022-05-20 21:00:00.000 UTC,1.27,1.25,1.27,1.26
2022-05-20 20:00:00.000 UTC,1.29,1.26,1.26,1.26
2022-05-20 19:00:00.000 UTC,1.27,1.24,1.24,1.26
2022-05-20 18:00:00.000 UTC,1.25,1.23,1.25,1.25
2022-05-20 17:00:00.000 UTC,1.25,1.23,1.24,1.25
2022-05-20 16:00:00.000 UTC,1.27,1.24,1.27,1.25
2022-05-20 15:00:00.000 UTC,1.3,1.27,1.3,1.27
2022-05-20 14:00:00.000 UTC,1.34,1.3,1.33,1.31
2022-05-20 13:00:00.000 UTC,1.35,1.34,1.35,1.35
2022-05-20 12:00:00.000 UTC,1.37,1.34,1.37,1.34
2022-05-20 11:00:00.000 UTC,1.39,1.35,1.37,1.37
2022-05-20 10:00:00.000 UTC,1.38,1.36,1.36,1.38
2022-05-20 09:00:00.000 UTC,1.37,1.3,1.3,1.37
2022-05-20 08:00:00.000 UTC,1.32,1.3,1.3,1.3
2022-05-20 07:00:00.000 UTC,1.31,1.28,1.28,1.31
2022-05-20 06:00:00.000 UTC,1.31,1.27,1.31,1.28
2022-05-20 05:00:00.000 UTC,1.3,1.28,1.29,1.3
2022-05-20 04:00:00.000 UTC,1.31,1.29,1.31,1.29
2022-05-20 03:00:00.000 UTC,1.32,1.3,1.32,1.3
2022-05-20 02:00:00.000 UTC,1.33,1.31,1.33,1.32
2022-05-20 01:00:00.000 UTC,1.35,1.3,1.31,1.33
2022-05-20 00:00:00.000 UTC,1.32,1.29,1.31,1.31
2022-05-19 23:00:00.000 UTC,1.32,1.28,1.28,1.31
2022-05-19 22:00:00.000 UTC,1.28,1.27,1.28,1.28
2022-05-19 21:00:00.000 UTC,1.29,1.28,1.29,1.29
2022-05-19 20:00:00.000 UTC,1.29,1.27,1.27,1.29
2022-05-19 19:00:00.000 UTC,1.29,1.27,1.29,1.27
2022-05-19 18:00:00.000 UTC,1.29,1.28,1.29,1.29
2022-05-19 17:00:00.000 UTC,1.3,1.28,1.3,1.28
2022-05-19 16:00:00.000 UTC,1.33,1.3,1.32,1.3
2022-05-19 15:00:00.000 UTC,1.35,1.27,1.27,1.32
2022-05-19 14:00:00.000 UTC,1.28,1.21,1.21,1.28
2022-05-19 13:00:00.000 UTC,1.24,1.2,1.2,1.2
2022-05-19 12:00:00.000 UTC,1.22,1.2,1.22,1.2
2022-05-19 11:00:00.000 UTC,1.21,1.168024,1.174693,1.21
2022-05-19 10:00:00.000 UTC,1.182499,1.162302,1.174634,1.177447
2022-05-19 09:00:00.000 UTC,1.182758,1.162484,1.175139,1.175992
2022-05-19 08:00:00.000 UTC,1.2,1.178708,1.2,1.178708
2022-05-19 07:00:00.000 UTC,1.22,1.198242,1.22,1.198242
2022-05-19 06:00:00.000 UTC,1.22,1.182284,1.182284,1.22
2022-05-19 05:00:00.000 UTC,1.198033,1.181352,1.192356,1.181352
2022-05-19 04:00:00.000 UTC,1.22,1.19636,1.2,1.196512
2022-05-19 03:00:00.000 UTC,1.21,1.192684,1.195137,1.21
2022-05-19 02:00:00.000 UTC,1.184047,1.150876,1.160676,1.183645
2022-05-19 01:00:00.000 UTC,1.22,1.178292,1.2,1.178292
2022-05-19 00:00:00.000 UTC,1.22,1.196855,1.196855,1.21
2022-05-18 23:00:00.000 UTC,1.24,1.196234,1.23,1.199155
2022-05-18 22:00:00.000 UTC,1.25,1.23,1.23,1.23
2022-05-18 21:00:00.000 UTC,1.25,1.23,1.24,1.23
2022-05-18 20:00:00.000 UTC,1.25,1.23,1.24,1.24
2022-05-18 19:00:00.000 UTC,1.25,1.23,1.23,1.25
2022-05-18 18:00:00.000 UTC,1.24,1.22,1.22,1.23
2022-05-18 17:00:00.000 UTC,1.24,1.23,1.23,1.23
2022-05-18 16:00:00.000 UTC,1.24,1.21,1.23,1.24
2022-05-18 15:00:00.000 UTC,1.25,1.22,1.25,1.22
2022-05-18 14:00:00.000 UTC,1.28,1.25,1.27,1.25
2022-05-18 13:00:00.000 UTC,1.29,1.26,1.29,1.27
2022-05-18 12:00:00.000 UTC,1.32,1.29,1.32,1.29
2022-05-18 11:00:00.000 UTC,1.33,1.32,1.33,1.32
2022-05-18 10:00:00.000 UTC,1.35,1.33,1.34,1.33
2022-05-18 09:00:00.000 UTC,1.34,1.32,1.34,1.33
2022-05-18 08:00:00.000 UTC,1.35,1.33,1.35,1.34
2022-05-18 07:00:00.000 UTC,1.34,1.32,1.33,1.33
2022-05-18 06:00:00.000 UTC,1.36,1.33,1.35,1.33
2022-05-18 05:00:00.000 UTC,1.36,1.34,1.34,1.34
2022-05-18 04:00:00.000 UTC,1.34,1.33,1.34,1.33
2022-05-18 03:00:00.000 UTC,1.36,1.33,1.36,1.33
2022-05-18 02:00:00.000 UTC,1.36,1.35,1.35,1.36
2022-05-18 01:00:00.000 UTC,1.37,1.35,1.37,1.35
2022-05-18 00:00:00.000 UTC,1.4,1.37,1.38,1.37
2022-05-17 23:00:00.000 UTC,1.38,1.37,1.37,1.38
2022-05-17 22:00:00.000 UTC,1.39,1.37,1.38,1.37
2022-05-17 21:00:00.000 UTC,1.36,1.33,1.33,1.36
2022-05-17 20:00:00.000 UTC,1.36,1.33,1.35,1.34
2022-05-17 19:00:00.000 UTC,1.36,1.31,1.31,1.33
2022-05-17 18:00:00.000 UTC,1.35,1.3,1.35,1.31
2022-05-17 17:00:00.000 UTC,1.37,1.34,1.34,1.36
2022-05-17 16:00:00.000 UTC,1.35,1.33,1.34,1.34
2022-05-17 15:00:00.000 UTC,1.35,1.33,1.35,1.34
2022-05-17 14:00:00.000 UTC,1.39,1.35,1.39,1.35
2022-05-17 13:00:00.000 UTC,1.41,1.38,1.38,1.39
2022-05-17 12:00:00.000 UTC,1.4,1.35,1.36,1.39
2022-05-17 11:00:00.000 UTC,1.37,1.35,1.37,1.35
2022-05-17 10:00:00.000 UTC,1.37,1.36,1.37,1.37
2022-05-17 09:00:00.000 UTC,1.37,1.36,1.37,1.37
2022-05-17 08:00:00.000 UTC,1.37,1.35,1.36,1.36
2022-05-17 07:00:00.000 UTC,1.38,1.35,1.38,1.35
2022-05-17 06:00:00.000 UTC,1.38,1.37,1.38,1.38
2022-05-17 05:00:00.000 UTC,1.37,1.35,1.37,1.37
2022-05-17 04:00:00.000 UTC,1.37,1.35,1.35,1.37
2022-05-17 03:00:00.000 UTC,1.37,1.33,1.33,1.35
2022-05-17 02:00:00.000 UTC,1.36,1.33,1.34,1.33
2022-05-17 01:00:00.000 UTC,1.35,1.33,1.34,1.35
2022-05-17 00:00:00.000 UTC,1.36,1.33,1.33,1.34
2022-05-16 23:00:00.000 UTC,1.35,1.33,1.35,1.33
2022-05-16 22:00:00.000 UTC,1.37,1.34,1.34,1.35
2022-05-16 21:00:00.000 UTC,1.37,1.34,1.34,1.36
2022-05-16 20:00:00.000 UTC,1.34,1.33,1.33,1.34
2022-05-16 19:00:00.000 UTC,1.36,1.33,1.34,1.34
2022-05-16 18:00:00.000 UTC,1.36,1.32,1.32,1.34
2022-05-16 17:00:00.000 UTC,1.33,1.3,1.3,1.32
2022-05-16 16:00:00.000 UTC,1.33,1.3,1.31,1.32
2022-05-16 15:00:00.000 UTC,1.33,1.31,1.33,1.33
2022-05-16 14:00:00.000 UTC,1.34,1.31,1.31,1.33
2022-05-16 13:00:00.000 UTC,1.35,1.32,1.32,1.32
2022-05-16 12:00:00.000 UTC,1.35,1.31,1.32,1.33
2022-05-16 11:00:00.000 UTC,1.34,1.33,1.33,1.34
2022-05-16 10:00:00.000 UTC,1.35,1.31,1.32,1.35
2022-05-16 09:00:00.000 UTC,1.33,1.3,1.33,1.31
2022-05-16 08:00:00.000 UTC,1.34,1.31,1.31,1.33
2022-05-16 07:00:00.000 UTC,1.32,1.29,1.3,1.31
2022-05-16 06:00:00.000 UTC,1.38,1.31,1.38,1.32
2022-05-16 05:00:00.000 UTC,1.4,1.37,1.37,1.39
2022-05-16 04:00:00.000 UTC,1.39,1.36,1.37,1.39
2022-05-16 03:00:00.000 UTC,1.39,1.37,1.38,1.37
2022-05-16 02:00:00.000 UTC,1.41,1.38,1.41,1.39
2022-05-16 01:00:00.000 UTC,1.41,1.38,1.4,1.41
2022-05-16 00:00:00.000 UTC,1.47,1.4,1.47,1.4
2022-05-15 23:00:00.000 UTC,1.46,1.42,1.44,1.46
2022-05-15 22:00:00.000 UTC,1.45,1.41,1.41,1.44
2022-05-15 21:00:00.000 UTC,1.43,1.4,1.43,1.4
2022-05-15 20:00:00.000 UTC,1.42,1.37,1.37,1.41
2022-05-15 19:00:00.000 UTC,1.39,1.36,1.37,1.37
2022-05-15 18:00:00.000 UTC,1.38,1.35,1.36,1.37
2022-05-15 17:00:00.000 UTC,1.38,1.36,1.38,1.37
2022-05-15 16:00:00.000 UTC,1.39,1.34,1.35,1.39
2022-05-15 15:00:00.000 UTC,1.38,1.34,1.34,1.35
2022-05-15 14:00:00.000 UTC,1.36,1.34,1.35,1.35
2022-05-15 13:00:00.000 UTC,1.38,1.35,1.37,1.35
2022-05-15 12:00:00.000 UTC,1.39,1.36,1.37,1.36
2022-05-15 11:00:00.000 UTC,1.38,1.35,1.37,1.38
2022-05-15 10:00:00.000 UTC,1.36,1.34,1.34,1.35
2022-05-15 09:00:00.000 UTC,1.35,1.33,1.33,1.34
2022-05-15 08:00:00.000 UTC,1.36,1.33,1.35,1.33
2022-05-15 07:00:00.000 UTC,1.38,1.35,1.37,1.35
2022-05-15 06:00:00.000 UTC,1.38,1.35,1.38,1.36
2022-05-15 05:00:00.000 UTC,1.38,1.32,1.32,1.38
2022-05-15 04:00:00.000 UTC,1.38,1.33,1.34,1.33
2022-05-15 03:00:00.000 UTC,1.35,1.32,1.34,1.34
2022-05-15 02:00:00.000 UTC,1.38,1.33,1.37,1.34
2022-05-15 01:00:00.000 UTC,1.4,1.36,1.36,1.38
2022-05-15 00:00:00.000 UTC,1.47,1.37,1.46,1.38
2022-05-14 23:00:00.000 UTC,1.45,1.37,1.41,1.43
2022-05-14 22:00:00.000 UTC,1.41,1.33,1.37,1.41
2022-05-14 21:00:00.000 UTC,1.38,1.3,1.3,1.37
2022-05-14 20:00:00.000 UTC,1.3,1.28,1.28,1.3
2022-05-14 19:00:00.000 UTC,1.31,1.28,1.29,1.28
2022-05-14 18:00:00.000 UTC,1.35,1.29,1.3,1.29
2022-05-14 17:00:00.000 UTC,1.31,1.28,1.29,1.29
2022-05-14 16:00:00.000 UTC,1.3,1.21,1.22,1.3
2022-05-14 15:00:00.000 UTC,1.25,1.22,1.24,1.24
2022-05-14 14:00:00.000 UTC,1.27,1.22,1.26,1.24
2022-05-14 13:00:00.000 UTC,1.29,1.26,1.29,1.26
2022-05-14 12:00:00.000 UTC,1.3,1.27,1.29,1.28
2022-05-14 11:00:00.000 UTC,1.31,1.26,1.31,1.28
2022-05-14 10:00:00.000 UTC,1.35,1.29,1.34,1.31
2022-05-14 09:00:00.000 UTC,1.39,1.36,1.37,1.36
2022-05-14 08:00:00.000 UTC,1.38,1.35,1.36,1.37
2022-05-14 07:00:00.000 UTC,1.41,1.39,1.4,1.39
2022-05-14 06:00:00.000 UTC,1.42,1.4,1.4,1.41
2022-05-14 05:00:00.000 UTC,1.43,1.39,1.39,1.4
2022-05-14 04:00:00.000 UTC,1.49,1.37,1.49,1.37
2022-05-14 03:00:00.000 UTC,1.51,1.46,1.46,1.49
2022-05-14 02:00:00.000 UTC,1.54,1.48,1.48,1.49
2022-05-14 01:00:00.000 UTC,1.55,1.33,1.34,1.55
2022-05-14 00:00:00.000 UTC,1.36,1.27,1.27,1.34
2022-05-13 23:00:00.000 UTC,1.29,1.26,1.29,1.27
2022-05-13 22:00:00.000 UTC,1.33,1.29,1.33,1.29
2022-05-13 21:00:00.000 UTC,1.34,1.3,1.32,1.33
2022-05-13 20:00:00.000 UTC,1.35,1.33,1.35,1.33
2022-05-13 19:00:00.000 UTC,1.38,1.33,1.38,1.34
2022-05-13 18:00:00.000 UTC,1.37,1.34,1.35,1.35
2022-05-13 17:00:00.000 UTC,1.4,1.36,1.39,1.36
2022-05-13 16:00:00.000 UTC,1.44,1.39,1.42,1.39
2022-05-13 15:00:00.000 UTC,1.46,1.4,1.46,1.4
2022-05-13 14:00:00.000 UTC,1.48,1.45,1.46,1.48
2022-05-13 13:00:00.000 UTC,1.47,1.43,1.46,1.45
2022-05-13 12:00:00.000 UTC,1.5,1.46,1.5,1.46
2022-05-13 11:00:00.000 UTC,1.5,1.47,1.49,1.5
2022-05-13 10:00:00.000 UTC,1.51,1.46,1.51,1.51
2022-05-13 09:00:00.000 UTC,1.53,1.41,1.41,1.49
2022-05-13 08:00:00.000 UTC,1.42,1.34,1.34,1.41
2022-05-13 07:00:00.000 UTC,1.41,1.35,1.41,1.35
2022-05-13 06:00:00.000 UTC,1.44,1.39,1.42,1.41
2022-05-13 05:00:00.000 UTC,1.45,1.38,1.4,1.42
2022-05-13 04:00:00.000 UTC,1.44,1.35,1.39,1.39
2022-05-13 03:00:00.000 UTC,1.4,1.23,1.24,1.4
2022-05-13 02:00:00.000 UTC,1.24,1.187484,1.2,1.23
2022-05-13 01:00:00.000 UTC,1.21,1.163475,1.186433,1.170862
2022-05-13 00:00:00.000 UTC,1.186919,1.108646,1.109688,1.186919
2022-05-12 23:00:00.000 UTC,1.131028,1.078038,1.078038,1.111568
2022-05-12 22:00:00.000 UTC,1.091319,1.071507,1.072111,1.071507
2022-05-12 21:00:00.000 UTC,1.127619,1.066999,1.127619,1.066999
2022-05-12 20:00:00.000 UTC,1.135023,1.11682,1.133141,1.122135
2022-05-12 19:00:00.000 UTC,1.144241,1.116592,1.119681,1.131904
2022-05-12 18:00:00.000 UTC,1.15981,1.121299,1.150064,1.123246
2022-05-12 17:00:00.000 UTC,1.24,1.157205,1.23,1.157205
2022-05-12 16:00:00.000 UTC,1.24,1.171322,1.174792,1.21
2022-05-12 15:00:00.000 UTC,1.23,1.180262,1.180262,1.185985
2022-05-12 14:00:00.000 UTC,1.150432,1.1014,1.114697,1.150432
2022-05-12 13:00:00.000 UTC,1.168265,1.114982,1.155123,1.125459
2022-05-12 12:00:00.000 UTC,1.172799,1.131281,1.151999,1.172199
2022-05-12 11:00:00.000 UTC,1.24,1.163271,1.21,1.163271
2022-05-12 10:00:00.000 UTC,1.22,1.105451,1.133931,1.22
2022-05-12 09:00:00.000 UTC,1.171815,1.126558,1.154453,1.140327
2022-05-12 08:00:00.000 UTC,1.174789,1.107529,1.160025,1.150466
2022-05-12 07:00:00.000 UTC,1.182891,1.003542,1.051936,1.182891
2022-05-12 06:00:00.000 UTC,1.110704,1.059189,1.084621,1.077053
2022-05-12 05:00:00.000 UTC,1.139017,1.048867,1.098318,1.073402
2022-05-12 04:00:00.000 UTC,1.15594,1.088729,1.15594,1.088729
2022-05-12 03:00:00.000 UTC,1.24,1.162171,1.24,1.162171
2022-05-12 02:00:00.000 UTC,1.32,1.25,1.32,1.25
2022-05-12 01:00:00.000 UTC,1.36,1.31,1.35,1.32
2022-05-12 00:00:00.000 UTC,1.42,1.31,1.31,1.37
2022-05-11 23:00:00.000 UTC,1.33,1.28,1.33,1.29
2022-05-11 22:00:00.000 UTC,1.33,1.25,1.25,1.33
2022-05-11 21:00:00.000 UTC,1.26,1.195657,1.195657,1.26
2022-05-11 20:00:00.000 UTC,1.29,1.22,1.27,1.22
2022-05-11 19:00:00.000 UTC,1.32,1.26,1.32,1.27
2022-05-11 18:00:00.000 UTC,1.33,1.3,1.31,1.32
2022-05-11 17:00:00.000 UTC,1.36,1.28,1.32,1.32
2022-05-11 16:00:00.000 UTC,1.41,1.34,1.38,1.35
2022-05-11 15:00:00.000 UTC,1.44,1.38,1.44,1.38
2022-05-11 14:00:00.000 UTC,1.49,1.42,1.44,1.44
2022-05-11 13:00:00.000 UTC,1.49,1.22,1.22,1.48
2022-05-11 12:00:00.000 UTC,1.53,1.23,1.49,1.23
2022-05-11 11:00:00.000 UTC,1.58,1.5,1.58,1.5
2022-05-11 10:00:00.000 UTC,1.62,1.58,1.62,1.59
2022-05-11 09:00:00.000 UTC,1.61,1.56,1.6,1.6
2022-05-11 08:00:00.000 UTC,1.64,1.55,1.55,1.57
2022-05-11 07:00:00.000 UTC,1.6,1.53,1.59,1.55
2022-05-11 06:00:00.000 UTC,1.68,1.61,1.68,1.61
2022-05-11 05:00:00.000 UTC,1.74,1.69,1.69,1.69
2022-05-11 04:00:00.000 UTC,1.74,1.7,1.74,1.7
2022-05-11 03:00:00.000 UTC,1.76,1.73,1.75,1.73
2022-05-11 02:00:00.000 UTC,1.75,1.7,1.71,1.75
2022-05-11 01:00:00.000 UTC,1.75,1.72,1.75,1.72
2022-05-11 00:00:00.000 UTC,1.8,1.73,1.73,1.77
2022-05-10 23:00:00.000 UTC,1.76,1.7,1.7,1.73
2022-05-10 22:00:00.000 UTC,1.73,1.67,1.67,1.69
2022-05-10 21:00:00.000 UTC,1.73,1.68,1.72,1.68
2022-05-10 20:00:00.000 UTC,1.78,1.73,1.78,1.73
2022-05-10 19:00:00.000 UTC,1.82,1.77,1.82,1.78
2022-05-10 18:00:00.000 UTC,1.84,1.82,1.84,1.82
2022-05-10 17:00:00.000 UTC,1.85,1.79,1.79,1.84
2022-05-10 16:00:00.000 UTC,1.83,1.79,1.83,1.8
2022-05-10 15:00:00.000 UTC,1.84,1.78,1.81,1.82
2022-05-10 14:00:00.000 UTC,1.89,1.81,1.86,1.82
2022-05-10 13:00:00.000 UTC,1.92,1.86,1.89,1.86
2022-05-10 12:00:00.000 UTC,1.91,1.86,1.87,1.9
2022-05-10 11:00:00.000 UTC,1.88,1.82,1.82,1.87
2022-05-10 10:00:00.000 UTC,1.85,1.81,1.82,1.84
2022-05-10 09:00:00.000 UTC,1.86,1.83,1.86,1.83
2022-05-10 08:00:00.000 UTC,1.87,1.84,1.84,1.86
2022-05-10 07:00:00.000 UTC,1.9,1.83,1.9,1.83
2022-05-10 06:00:00.000 UTC,1.94,1.84,1.84,1.91
2022-05-10 05:00:00.000 UTC,1.87,1.79,1.8,1.85
2022-05-10 04:00:00.000 UTC,1.79,1.72,1.74,1.79
2022-05-10 03:00:00.000 UTC,1.76,1.72,1.76,1.73
2022-05-10 02:00:00.000 UTC,1.79,1.73,1.74,1.76
2022-05-10 01:00:00.000 UTC,1.77,1.73,1.73,1.75
2022-05-10 00:00:00.000 UTC,1.74,1.66,1.72,1.71
2022-05-09 23:00:00.000 UTC,1.81,1.73,1.8,1.74
2022-05-09 22:00:00.000 UTC,1.83,1.78,1.79,1.8
2022-05-09 21:00:00.000 UTC,1.85,1.81,1.85,1.81
2022-05-09 20:00:00.000 UTC,1.87,1.8,1.8,1.87
2022-05-09 19:00:00.000 UTC,1.78,1.75,1.77,1.77
2022-05-09 18:00:00.000 UTC,1.79,1.72,1.79,1.76
2022-05-09 17:00:00.000 UTC,1.84,1.76,1.76,1.79
2022-05-09 16:00:00.000 UTC,1.83,1.76,1.82,1.76
2022-05-09 15:00:00.000 UTC,1.86,1.81,1.86,1.83
2022-05-09 14:00:00.000 UTC,1.88,1.86,1.88,1.86
2022-05-09 13:00:00.000 UTC,1.92,1.85,1.85,1.89
2022-05-09 12:00:00.000 UTC,1.86,1.84,1.85,1.86
2022-05-09 11:00:00.000 UTC,1.85,1.83,1.83,1.85
2022-05-09 10:00:00.000 UTC,1.91,1.84,1.9,1.85
2022-05-09 09:00:00.000 UTC,1.91,1.9,1.91,1.91
2022-05-09 08:00:00.000 UTC,1.92,1.89,1.92,1.91
2022-05-09 07:00:00.000 UTC,1.93,1.91,1.93,1.92
2022-05-09 06:00:00.000 UTC,1.95,1.92,1.94,1.94
2022-05-09 05:00:00.000 UTC,1.96,1.94,1.95,1.94
2022-05-09 04:00:00.000 UTC,1.97,1.95,1.95,1.95
2022-05-09 03:00:00.000 UTC,1.98,1.95,1.95,1.95
2022-05-09 02:00:00.000 UTC,2,1.94,2,1.94
2022-05-09 01:00:00.000 UTC,2.03,2,2.02,2
2022-05-09 00:00:00.000 UTC,2.04,2,2.01,2.03
2022-05-08 23:00:00.000 UTC,2.01,1.99,2,1.99
2022-05-08 22:00:00.000 UTC,2.01,1.99,2.01,2
2022-05-08 21:00:00.000 UTC,2.02,2,2,2.02
2022-05-08 20:00:00.000 UTC,2.03,2.01,2.03,2.01
2022-05-08 19:00:00.000 UTC,2.05,2.03,2.05,2.03
2022-05-08 18:00:00.000 UTC,2.05,1.98,2.01,2.05
2022-05-08 17:00:00.000 UTC,2.01,1.98,2.01,2
2022-05-08 16:00:00.000 UTC,2.04,1.98,1.98,2.02
2022-05-08 15:00:00.000 UTC,2,1.97,1.97,1.98
2022-05-08 14:00:00.000 UTC,1.97,1.95,1.97,1.96
2022-05-08 13:00:00.000 UTC,1.98,1.97,1.98,1.97
2022-05-08 12:00:00.000 UTC,2.02,1.97,2.01,1.99
2022-05-08 11:00:00.000 UTC,2.02,1.98,1.99,2
2022-05-08 10:00:00.000 UTC,2,1.95,1.95,1.98
2022-05-08 09:00:00.000 UTC,1.97,1.93,1.93,1.95
2022-05-08 08:00:00.000 UTC,1.94,1.92,1.92,1.93
2022-05-08 07:00:00.000 UTC,1.94,1.93,1.93,1.93
2022-05-08 06:00:00.000 UTC,1.93,1.91,1.91,1.93
2022-05-08 05:00:00.000 UTC,1.93,1.9,1.92,1.91
2022-05-08 04:00:00.000 UTC,1.94,1.92,1.94,1.92
2022-05-08 03:00:00.000 UTC,1.93,1.91,1.91,1.92
2022-05-08 02:00:00.000 UTC,1.93,1.9,1.93,1.9
2022-05-08 01:00:00.000 UTC,1.95,1.93,1.94,1.93
2022-05-08 00:00:00.000 UTC,1.95,1.94,1.94,1.94
2022-05-07 23:00:00.000 UTC,1.97,1.91,1.91,1.94
2022-05-07 22:00:00.000 UTC,1.94,1.89,1.94,1.89
2022-05-07 21:00:00.000 UTC,1.99,1.95,1.99,1.95
2022-05-07 20:00:00.000 UTC,2.01,1.99,2,1.99
2022-05-07 19:00:00.000 UTC,2.02,2,2.02,2
2022-05-07 18:00:00.000 UTC,2.02,2,2,2.01
2022-05-07 17:00:00.000 UTC,2.02,2,2.02,2
2022-05-07 16:00:00.000 UTC,2.02,2.01,2.01,2.01
2022-05-07 15:00:00.000 UTC,2.02,2.01,2.02,2.01
2022-05-07 14:00:00.000 UTC,2.02,2,2.01,2.01
2022-05-07 13:00:00.000 UTC,2.03,2.01,2.03,2.01
2022-05-07 12:00:00.000 UTC,2.03,2.02,2.03,2.02
2022-05-07 11:00:00.000 UTC,2.04,2.03,2.03,2.03
2022-05-07 10:00:00.000 UTC,2.03,2.02,2.03,2.03
2022-05-07 09:00:00.000 UTC,2.04,2.02,2.04,2.03
2022-05-07 08:00:00.000 UTC,2.05,2.03,2.03,2.04
2022-05-07 07:00:00.000 UTC,2.04,1.99,2,2.04
2022-05-07 06:00:00.000 UTC,2.01,2,2.01,2
2022-05-07 05:00:00.000 UTC,2.02,1.99,1.99,2
2022-05-07 04:00:00.000 UTC,2.02,1.99,2.02,1.99
2022-05-07 03:00:00.000 UTC,2.03,2.02,2.03,2.02
2022-05-07 02:00:00.000 UTC,2.05,2.03,2.04,2.03
2022-05-07 01:00:00.000 UTC,2.05,2.03,2.04,2.04
2022-05-07 00:00:00.000 UTC,2.07,2.04,2.06,2.05
2022-05-06 23:00:00.000 UTC,2.07,2.05,2.07,2.06
2022-05-06 22:00:00.000 UTC,2.07,2.05,2.07,2.07
2022-05-06 21:00:00.000 UTC,2.07,2.06,2.07,2.06
2022-05-06 20:00:00.000 UTC,2.07,2.06,2.07,2.07
2022-05-06 19:00:00.000 UTC,2.09,2.05,2.06,2.07
2022-05-06 18:00:00.000 UTC,2.08,2.05,2.06,2.08
2022-05-06 17:00:00.000 UTC,2.07,2.05,2.07,2.05
2022-05-06 16:00:00.000 UTC,2.08,2.06,2.07,2.07
2022-05-06 15:00:00.000 UTC,2.12,2.07,2.08,2.07
2022-05-06 14:00:00.000 UTC,2.07,2.03,2.03,2.07
2022-05-06 13:00:00.000 UTC,2.06,2,2.06,2.01
2022-05-06 12:00:00.000 UTC,2.08,2.03,2.04,2.06
2022-05-06 11:00:00.000 UTC,2.06,2.01,2.05,2.02
2022-05-06 10:00:00.000 UTC,2.09,2.06,2.09,2.06
2022-05-06 09:00:00.000 UTC,2.09,2.06,2.07,2.09
2022-05-06 08:00:00.000 UTC,2.08,2.06,2.08,2.07
2022-05-06 07:00:00.000 UTC,2.12,2.05,2.12,2.08
2022-05-06 06:00:00.000 UTC,2.13,2.11,2.13,2.12
2022-05-06 05:00:00.000 UTC,2.13,2.11,2.12,2.13
2022-05-06 04:00:00.000 UTC,2.13,2.12,2.13,2.12
2022-05-06 03:00:00.000 UTC,2.13,2.11,2.12,2.13
2022-05-06 02:00:00.000 UTC,2.14,2.1,2.1,2.12
2022-05-06 01:00:00.000 UTC,2.11,2.09,2.11,2.11
2022-05-06 00:00:00.000 UTC,2.14,2.1,2.12,2.1
2022-05-05 23:00:00.000 UTC,2.14,2.11,2.12,2.13
2022-05-05 22:00:00.000 UTC,2.13,2.11,2.13,2.12
2022-05-05 21:00:00.000 UTC,2.18,2.14,2.14,2.15
2022-05-05 20:00:00.000 UTC,2.14,2.11,2.12,2.14
2022-05-05 19:00:00.000 UTC,2.11,2.08,2.1,2.11
2022-05-05 18:00:00.000 UTC,2.13,2.08,2.11,2.1
2022-05-05 17:00:00.000 UTC,2.16,2.12,2.14,2.12
2022-05-05 16:00:00.000 UTC,2.18,2.14,2.14,2.16
2022-05-05 15:00:00.000 UTC,2.26,2.14,2.26,2.14
2022-05-05 14:00:00.000 UTC,2.31,2.25,2.31,2.26
2022-05-05 13:00:00.000 UTC,2.36,2.32,2.36,2.32
2022-05-05 12:00:00.000 UTC,2.38,2.33,2.33,2.37
2022-05-05 11:00:00.000 UTC,2.36,2.34,2.35,2.34
2022-05-05 10:00:00.000 UTC,2.36,2.34,2.35,2.35
2022-05-05 09:00:00.000 UTC,2.36,2.35,2.36,2.35
2022-05-05 08:00:00.000 UTC,2.39,2.36,2.39,2.36
2022-05-05 07:00:00.000 UTC,2.39,2.36,2.38,2.39
2022-05-05 06:00:00.000 UTC,2.4,2.38,2.39,2.38
2022-05-05 05:00:00.000 UTC,2.44,2.4,2.43,2.4
2022-05-05 04:00:00.000 UTC,2.45,2.43,2.44,2.44
2022-05-05 03:00:00.000 UTC,2.46,2.43,2.46,2.44
2022-05-05 02:00:00.000 UTC,2.45,2.42,2.42,2.43
2022-05-05 01:00:00.000 UTC,2.45,2.42,2.42,2.42
2022-05-05 00:00:00.000 UTC,2.46,2.42,2.44,2.43
2022-05-04 23:00:00.000 UTC,2.45,2.39,2.39,2.44
2022-05-04 22:00:00.000 UTC,2.42,2.4,2.4,2.41
2022-05-04 21:00:00.000 UTC,2.41,2.4,2.4,2.4
2022-05-04 20:00:00.000 UTC,2.41,2.37,2.38,2.41
2022-05-04 19:00:00.000 UTC,2.39,2.34,2.34,2.37
2022-05-04 18:00:00.000 UTC,2.35,2.25,2.25,2.35
2022-05-04 17:00:00.000 UTC,2.24,2.22,2.24,2.23
2022-05-04 16:00:00.000 UTC,2.25,2.21,2.22,2.24
2022-05-04 15:00:00.000 UTC,2.22,2.19,2.2,2.22
2022-05-04 14:00:00.000 UTC,2.21,2.2,2.2,2.2
2022-05-04 13:00:00.000 UTC,2.24,2.22,2.24,2.22
2022-05-04 12:00:00.000 UTC,2.27,2.22,2.26,2.24
2022-05-04 11:00:00.000 UTC,2.3,2.26,2.27,2.27
2022-05-04 10:00:00.000 UTC,2.28,2.21,2.22,2.28
2022-05-04 09:00:00.000 UTC,2.25,2.22,2.24,2.22
2022-05-04 08:00:00.000 UTC,2.25,2.21,2.21,2.24
2022-05-04 07:00:00.000 UTC,2.22,2.17,2.17,2.22
2022-05-04 06:00:00.000 UTC,2.19,2.15,2.15,2.17
2022-05-04 05:00:00.000 UTC,2.17,2.15,2.17,2.16
2022-05-04 04:00:00.000 UTC,2.2,2.17,2.18,2.17
2022-05-04 03:00:00.000 UTC,2.21,2.18,2.19,2.19
2022-05-04 02:00:00.000 UTC,2.2,2.17,2.17,2.19
2022-05-04 01:00:00.000 UTC,2.21,2.17,2.2,2.18
2022-05-04 00:00:00.000 UTC,2.19,2.13,2.13,2.19
2022-05-03 23:00:00.000 UTC,2.13,2.12,2.13,2.13
2022-05-03 22:00:00.000 UTC,2.16,2.12,2.13,2.14
2022-05-03 21:00:00.000 UTC,2.12,2.1,2.12,2.12
2022-05-03 20:00:00.000 UTC,2.12,2.11,2.12,2.11
2022-05-03 19:00:00.000 UTC,2.13,2.11,2.13,2.12
2022-05-03 18:00:00.000 UTC,2.16,2.12,2.16,2.12
2022-05-03 17:00:00.000 UTC,2.17,2.15,2.16,2.16
2022-05-03 16:00:00.000 UTC,2.2,2.16,2.2,2.16
2022-05-03 15:00:00.000 UTC,2.2,2.18,2.18,2.19
2022-05-03 14:00:00.000 UTC,2.21,2.17,2.2,2.18
2022-05-03 13:00:00.000 UTC,2.22,2.2,2.21,2.2
2022-05-03 12:00:00.000 UTC,2.29,2.22,2.29,2.22
2022-05-03 11:00:00.000 UTC,2.3,2.12,2.12,2.27
2022-05-03 10:00:00.000 UTC,2.13,2.12,2.13,2.12
2022-05-03 09:00:00.000 UTC,2.15,2.13,2.15,2.14
2022-05-03 08:00:00.000 UTC,2.16,2.15,2.15,2.15
2022-05-03 07:00:00.000 UTC,2.16,2.14,2.16,2.15
2022-05-03 06:00:00.000 UTC,2.18,2.16,2.17,2.17
2022-05-03 05:00:00.000 UTC,2.17,2.14,2.15,2.17
2022-05-03 04:00:00.000 UTC,2.15,2.14,2.15,2.15
2022-05-03 03:00:00.000 UTC,2.16,2.14,2.15,2.15
2022-05-03 02:00:00.000 UTC,2.17,2.14,2.16,2.15
2022-05-03 01:00:00.000 UTC,2.16,2.09,2.1,2.16
2022-05-03 00:00:00.000 UTC,2.12,2.1,2.12,2.1
2022-05-02 23:00:00.000 UTC,2.14,2.11,2.11,2.12
2022-05-02 22:00:00.000 UTC,2.12,2.11,2.12,2.11
2022-05-02 21:00:00.000 UTC,2.11,2.08,2.08,2.11
2022-05-02 20:00:00.000 UTC,2.11,2.08,2.11,2.08
2022-05-02 19:00:00.000 UTC,2.12,2.09,2.09,2.11
2022-05-02 18:00:00.000 UTC,2.12,2.04,2.04,2.1
2022-05-02 17:00:00.000 UTC,2.11,2.03,2.11,2.04
2022-05-02 16:00:00.000 UTC,2.11,2.09,2.1,2.1
2022-05-02 15:00:00.000 UTC,2.11,2.1,2.1,2.1
2022-05-02 14:00:00.000 UTC,2.12,2.1,2.11,2.11
2022-05-02 13:00:00.000 UTC,2.12,2.07,2.07,2.11
2022-05-02 12:00:00.000 UTC,2.1,2.07,2.07,2.07
2022-05-02 11:00:00.000 UTC,2.07,2.04,2.05,2.07
2022-05-02 10:00:00.000 UTC,2.06,2.05,2.06,2.05
2022-05-02 09:00:00.000 UTC,2.09,2.07,2.08,2.07
2022-05-02 08:00:00.000 UTC,2.12,2.07,2.11,2.08
2022-05-02 07:00:00.000 UTC,2.13,2.12,2.12,2.12
2022-05-02 06:00:00.000 UTC,2.16,2.13,2.14,2.13
2022-05-02 05:00:00.000 UTC,2.14,2.13,2.14,2.14
2022-05-02 04:00:00.000 UTC,2.15,2.12,2.12,2.15
2022-05-02 03:00:00.000 UTC,2.14,2.13,2.13,2.13
2022-05-02 02:00:00.000 UTC,2.15,2.14,2.14,2.14
2022-05-02 01:00:00.000 UTC,2.17,2.15,2.16,2.15
2022-05-02 00:00:00.000 UTC,2.2,2.15,2.15,2.16
2022-05-01 23:00:00.000 UTC,2.17,2.11,2.11,2.16
2022-05-01 22:00:00.000 UTC,2.13,2.09,2.09,2.11
2022-05-01 21:00:00.000 UTC,2.13,2.1,2.13,2.1
2022-05-01 20:00:00.000 UTC,2.1,2.08,2.09,2.08
2022-05-01 19:00:00.000 UTC,2.1,2.05,2.05,2.1
2022-05-01 18:00:00.000 UTC,2.13,2.06,2.13,2.06
2022-05-01 17:00:00.000 UTC,2.17,2.14,2.17,2.14
2022-05-01 16:00:00.000 UTC,2.17,2.14,2.14,2.17
2022-05-01 15:00:00.000 UTC,2.14,2.03,2.03,2.14
2022-05-01 14:00:00.000 UTC,2.04,2.01,2.01,2.04
2022-05-01 13:00:00.000 UTC,2.03,2.01,2.01,2.02
2022-05-01 12:00:00.000 UTC,2.03,2,2.03,2.01
2022-05-01 11:00:00.000 UTC,2.05,2.03,2.05,2.03
2022-05-01 10:00:00.000 UTC,2.06,2.04,2.04,2.04
2022-05-01 09:00:00.000 UTC,2.07,2.04,2.07,2.05
2022-05-01 08:00:00.000 UTC,2.07,2.03,2.04,2.07
2022-05-01 07:00:00.000 UTC,2.04,2.02,2.04,2.03
2022-05-01 06:00:00.000 UTC,2.06,2.03,2.05,2.03
2022-05-01 05:00:00.000 UTC,2.08,1.97,1.97,2.05
2022-05-01 04:00:00.000 UTC,1.99,1.98,1.98,1.98
2022-05-01 03:00:00.000 UTC,1.99,1.96,1.97,1.98
2022-05-01 02:00:00.000 UTC,1.99,1.97,1.98,1.97
2022-05-01 01:00:00.000 UTC,1.98,1.94,1.96,1.98
2022-05-01 00:00:00.000 UTC,1.99,1.95,1.97,1.97
2022-04-30 23:00:00.000 UTC,2.08,1.94,2.08,1.96
2022-04-30 22:00:00.000 UTC,2.14,2.08,2.14,2.08
2022-04-30 21:00:00.000 UTC,2.17,2.14,2.16,2.14
2022-04-30 20:00:00.000 UTC,2.18,2.16,2.18,2.16
2022-04-30 19:00:00.000 UTC,2.18,2.14,2.15,2.18
2022-04-30 18:00:00.000 UTC,2.17,2.13,2.16,2.13
2022-04-30 17:00:00.000 UTC,2.19,2.15,2.19,2.15
2022-04-30 16:00:00.000 UTC,2.21,2.2,2.2,2.2
2022-04-30 15:00:00.000 UTC,2.21,2.19,2.21,2.2
2022-04-30 14:00:00.000 UTC,2.26,2.22,2.26,2.22
2022-04-30 13:00:00.000 UTC,2.28,2.26,2.27,2.26
2022-04-30 12:00:00.000 UTC,2.28,2.27,2.28,2.27
2022-04-30 11:00:00.000 UTC,2.29,2.28,2.28,2.28
2022-04-30 10:00:00.000 UTC,2.29,2.27,2.28,2.28
2022-04-30 09:00:00.000 UTC,2.29,2.28,2.29,2.28
2022-04-30 08:00:00.000 UTC,2.31,2.28,2.31,2.28
2022-04-30 07:00:00.000 UTC,2.34,2.31,2.32,2.32
2022-04-30 06:00:00.000 UTC,2.33,2.31,2.33,2.31
2022-04-30 05:00:00.000 UTC,2.33,2.32,2.32,2.33
2022-04-30 04:00:00.000 UTC,2.33,2.31,2.32,2.32
2022-04-30 03:00:00.000 UTC,2.32,2.31,2.32,2.32
2022-04-30 02:00:00.000 UTC,2.35,2.32,2.34,2.32
2022-04-30 01:00:00.000 UTC,2.35,2.31,2.32,2.35
2022-04-30 00:00:00.000 UTC,2.32,2.3,2.3,2.31
2022-04-29 23:00:00.000 UTC,2.32,2.29,2.29,2.3
2022-04-29 22:00:00.000 UTC,2.29,2.28,2.28,2.29
2022-04-29 21:00:00.000 UTC,2.3,2.27,2.27,2.28
2022-04-29 20:00:00.000 UTC,2.28,2.26,2.26,2.27
2022-04-29 19:00:00.000 UTC,2.32,2.26,2.32,2.26
2022-04-29 18:00:00.000 UTC,2.35,2.3,2.34,2.3
2022-04-29 17:00:00.000 UTC,2.36,2.33,2.35,2.35
2022-04-29 16:00:00.000 UTC,2.39,2.34,2.39,2.35
2022-04-29 15:00:00.000 UTC,2.39,2.38,2.38,2.39
2022-04-29 14:00:00.000 UTC,2.42,2.38,2.42,2.38
2022-04-29 13:00:00.000 UTC,2.42,2.4,2.41,2.41
2022-04-29 12:00:00.000 UTC,2.42,2.39,2.39,2.41
2022-04-29 11:00:00.000 UTC,2.39,2.38,2.39,2.39
2022-04-29 10:00:00.000 UTC,2.43,2.37,2.43,2.38
2022-04-29 09:00:00.000 UTC,2.45,2.43,2.45,2.43
2022-04-29 08:00:00.000 UTC,2.48,2.46,2.48,2.46
2022-04-29 07:00:00.000 UTC,2.49,2.47,2.48,2.48
2022-04-29 06:00:00.000 UTC,2.48,2.46,2.47,2.47
2022-04-29 05:00:00.000 UTC,2.48,2.47,2.47,2.47
2022-04-29 04:00:00.000 UTC,2.47,2.46,2.47,2.47
2022-04-29 03:00:00.000 UTC,2.48,2.47,2.47,2.48
2022-04-29 02:00:00.000 UTC,2.51,2.48,2.51,2.48
2022-04-29 01:00:00.000 UTC,2.52,2.51,2.52,2.51
2022-04-29 00:00:00.000 UTC,2.52,2.5,2.51,2.51
2022-04-28 23:00:00.000 UTC,2.51,2.5,2.5,2.5
2022-04-28 22:00:00.000 UTC,2.5,2.49,2.5,2.5
2022-04-28 21:00:00.000 UTC,2.51,2.48,2.5,2.5
2022-04-28 20:00:00.000 UTC,2.52,2.5,2.52,2.5
2022-04-28 19:00:00.000 UTC,2.56,2.53,2.54,2.53
2022-04-28 18:00:00.000 UTC,2.54,2.53,2.54,2.54
2022-04-28 17:00:00.000 UTC,2.54,2.51,2.52,2.54
2022-04-28 16:00:00.000 UTC,2.51,2.48,2.5,2.51
2022-04-28 15:00:00.000 UTC,2.52,2.48,2.49,2.49
2022-04-28 14:00:00.000 UTC,2.51,2.48,2.51,2.48
2022-04-28 13:00:00.000 UTC,2.54,2.5,2.54,2.5
2022-04-28 12:00:00.000 UTC,2.57,2.55,2.56,2.55
2022-04-28 11:00:00.000 UTC,2.55,2.54,2.54,2.55
2022-04-28 10:00:00.000 UTC,2.56,2.54,2.56,2.54
2022-04-28 09:00:00.000 UTC,2.57,2.56,2.56,2.56
2022-04-28 08:00:00.000 UTC,2.57,2.53,2.54,2.56
2022-04-28 07:00:00.000 UTC,2.55,2.53,2.53,2.54
2022-04-28 06:00:00.000 UTC,2.53,2.51,2.52,2.53
2022-04-28 05:00:00.000 UTC,2.52,2.51,2.52,2.52
2022-04-28 04:00:00.000 UTC,2.52,2.51,2.51,2.52
2022-04-28 03:00:00.000 UTC,2.52,2.51,2.52,2.51
2022-04-28 02:00:00.000 UTC,2.52,2.51,2.51,2.52
2022-04-28 01:00:00.000 UTC,2.53,2.51,2.52,2.51
2022-04-28 00:00:00.000 UTC,2.53,2.51,2.53,2.52
2022-04-27 23:00:00.000 UTC,2.53,2.51,2.51,2.53
2022-04-27 22:00:00.000 UTC,2.53,2.51,2.53,2.52
2022-04-27 21:00:00.000 UTC,2.53,2.52,2.52,2.53
2022-04-27 20:00:00.000 UTC,2.53,2.51,2.51,2.52
2022-04-27 19:00:00.000 UTC,2.52,2.5,2.52,2.51
2022-04-27 18:00:00.000 UTC,2.54,2.52,2.53,2.52
2022-04-27 17:00:00.000 UTC,2.53,2.52,2.53,2.53
2022-04-27 16:00:00.000 UTC,2.54,2.52,2.52,2.53
2022-04-27 15:00:00.000 UTC,2.53,2.51,2.51,2.52
2022-04-27 14:00:00.000 UTC,2.56,2.51,2.56,2.52
2022-04-27 13:00:00.000 UTC,2.56,2.51,2.51,2.56
2022-04-27 12:00:00.000 UTC,2.53,2.51,2.52,2.51
2022-04-27 11:00:00.000 UTC,2.54,2.5,2.54,2.52
2022-04-27 10:00:00.000 UTC,2.54,2.53,2.54,2.54
2022-04-27 09:00:00.000 UTC,2.54,2.51,2.52,2.54
2022-04-27 08:00:00.000 UTC,2.56,2.51,2.55,2.52
2022-04-27 07:00:00.000 UTC,2.55,2.55,2.55,2.55
2022-04-27 06:00:00.000 UTC,2.55,2.52,2.52,2.55
2022-04-27 05:00:00.000 UTC,2.53,2.51,2.51,2.53
2022-04-27 04:00:00.000 UTC,2.52,2.49,2.49,2.51
2022-04-27 03:00:00.000 UTC,2.52,2.49,2.52,2.49
2022-04-27 02:00:00.000 UTC,2.52,2.5,2.5,2.51
2022-04-27 01:00:00.000 UTC,2.49,2.48,2.48,2.49
2022-04-27 00:00:00.000 UTC,2.49,2.47,2.48,2.47
2022-04-26 23:00:00.000 UTC,2.53,2.46,2.53,2.47
2022-04-26 22:00:00.000 UTC,2.55,2.53,2.55,2.53
2022-04-26 21:00:00.000 UTC,2.55,2.52,2.53,2.55
2022-04-26 20:00:00.000 UTC,2.53,2.51,2.53,2.52
2022-04-26 19:00:00.000 UTC,2.57,2.51,2.56,2.54
2022-04-26 18:00:00.000 UTC,2.58,2.56,2.58,2.56
2022-04-26 17:00:00.000 UTC,2.59,2.56,2.59,2.58
2022-04-26 16:00:00.000 UTC,2.59,2.57,2.57,2.58
2022-04-26 15:00:00.000 UTC,2.6,2.59,2.59,2.59
2022-04-26 14:00:00.000 UTC,2.62,2.59,2.62,2.59
2022-04-26 13:00:00.000 UTC,2.66,2.63,2.65,2.63
2022-04-26 12:00:00.000 UTC,2.69,2.66,2.68,2.66
2022-04-26 11:00:00.000 UTC,2.69,2.67,2.68,2.68
2022-04-26 10:00:00.000 UTC,2.69,2.68,2.68,2.68
2022-04-26 09:00:00.000 UTC,2.69,2.67,2.69,2.67
2022-04-26 08:00:00.000 UTC,2.7,2.69,2.7,2.69
2022-04-26 07:00:00.000 UTC,2.71,2.68,2.7,2.71
2022-04-26 06:00:00.000 UTC,2.73,2.7,2.73,2.71
2022-04-26 05:00:00.000 UTC,2.73,2.73,2.73,2.73
2022-04-26 04:00:00.000 UTC,2.74,2.72,2.73,2.74
2022-04-26 03:00:00.000 UTC,2.74,2.72,2.72,2.73
2022-04-26 02:00:00.000 UTC,2.73,2.71,2.73,2.71
2022-04-26 01:00:00.000 UTC,2.73,2.71,2.72,2.73
2022-04-26 00:00:00.000 UTC,2.74,2.71,2.71,2.73
2022-04-25 23:00:00.000 UTC,2.73,2.72,2.72,2.72
2022-04-25 22:00:00.000 UTC,2.73,2.72,2.73,2.72
2022-04-25 21:00:00.000 UTC,2.72,2.71,2.71,2.72
2022-04-25 20:00:00.000 UTC,2.72,2.7,2.71,2.71
2022-04-25 19:00:00.000 UTC,2.71,2.68,2.69,2.71
2022-04-25 18:00:00.000 UTC,2.7,2.66,2.67,2.7
2022-04-25 17:00:00.000 UTC,2.67,2.66,2.66,2.66
2022-04-25 16:00:00.000 UTC,2.67,2.63,2.63,2.67
2022-04-25 15:00:00.000 UTC,2.65,2.64,2.64,2.64
2022-04-25 14:00:00.000 UTC,2.65,2.62,2.63,2.64
2022-04-25 13:00:00.000 UTC,2.64,2.62,2.63,2.63
2022-04-25 12:00:00.000 UTC,2.65,2.63,2.64,2.63
2022-04-25 11:00:00.000 UTC,2.64,2.61,2.62,2.64
2022-04-25 10:00:00.000 UTC,2.63,2.62,2.63,2.63
2022-04-25 09:00:00.000 UTC,2.62,2.59,2.6,2.62
2022-04-25 08:00:00.000 UTC,2.62,2.59,2.59,2.6
2022-04-25 07:00:00.000 UTC,2.64,2.6,2.64,2.6
2022-04-25 06:00:00.000 UTC,2.7,2.65,2.7,2.65
2022-04-25 05:00:00.000 UTC,2.74,2.7,2.73,2.7
2022-04-25 04:00:00.000 UTC,2.74,2.72,2.72,2.74
2022-04-25 03:00:00.000 UTC,2.74,2.7,2.7,2.72
2022-04-25 02:00:00.000 UTC,2.71,2.69,2.7,2.69
2022-04-25 01:00:00.000 UTC,2.7,2.67,2.68,2.69
2022-04-25 00:00:00.000 UTC,2.79,2.67,2.79,2.67
2022-04-24 23:00:00.000 UTC,2.83,2.77,2.79,2.77
2022-04-24 22:00:00.000 UTC,2.8,2.76,2.77,2.78
2022-04-24 21:00:00.000 UTC,2.77,2.71,2.71,2.77
2022-04-24 20:00:00.000 UTC,2.72,2.71,2.72,2.71
2022-04-24 19:00:00.000 UTC,2.73,2.72,2.72,2.72
2022-04-24 18:00:00.000 UTC,2.72,2.69,2.69,2.72
2022-04-24 17:00:00.000 UTC,2.71,2.68,2.71,2.69
2022-04-24 16:00:00.000 UTC,2.71,2.7,2.71,2.7
2022-04-24 15:00:00.000 UTC,2.72,2.7,2.72,2.7
2022-04-24 14:00:00.000 UTC,2.72,2.67,2.7,2.72
2022-04-24 13:00:00.000 UTC,2.7,2.68,2.7,2.7
2022-04-24 12:00:00.000 UTC,2.71,2.7,2.7,2.71
2022-04-24 11:00:00.000 UTC,2.72,2.7,2.71,2.7
2022-04-24 10:00:00.000 UTC,2.71,2.71,2.71,2.71
2022-04-24 09:00:00.000 UTC,2.73,2.71,2.71,2.71
2022-04-24 08:00:00.000 UTC,2.72,2.71,2.72,2.71
2022-04-24 07:00:00.000 UTC,2.71,2.71,2.71,2.71
2022-04-24 06:00:00.000 UTC,2.72,2.71,2.71,2.71
2022-04-24 05:00:00.000 UTC,2.73,2.71,2.72,2.71
2022-04-24 04:00:00.000 UTC,2.74,2.71,2.71,2.72
2022-04-24 03:00:00.000 UTC,2.72,2.71,2.71,2.72
2022-04-24 02:00:00.000 UTC,2.71,2.7,2.7,2.7
2022-04-24 01:00:00.000 UTC,2.71,2.7,2.71,2.7
2022-04-24 00:00:00.000 UTC,2.72,2.71,2.71,2.71
2022-04-23 23:00:00.000 UTC,2.73,2.7,2.73,2.71
2022-04-23 22:00:00.000 UTC,2.74,2.73,2.74,2.73
2022-04-23 21:00:00.000 UTC,2.75,2.73,2.74,2.74
2022-04-23 20:00:00.000 UTC,2.75,2.74,2.75,2.74
2022-04-23 19:00:00.000 UTC,2.75,2.73,2.75,2.74
2022-04-23 18:00:00.000 UTC,2.76,2.75,2.76,2.75
2022-04-23 17:00:00.000 UTC,2.76,2.73,2.74,2.76
2022-04-23 16:00:00.000 UTC,2.75,2.73,2.74,2.74
2022-04-23 15:00:00.000 UTC,2.74,2.73,2.73,2.74
2022-04-23 14:00:00.000 UTC,2.74,2.73,2.74,2.73
2022-04-23 13:00:00.000 UTC,2.74,2.72,2.72,2.74
2022-04-23 12:00:00.000 UTC,2.73,2.71,2.73,2.72
2022-04-23 11:00:00.000 UTC,2.73,2.72,2.72,2.72
2022-04-23 10:00:00.000 UTC,2.73,2.72,2.73,2.72
2022-04-23 09:00:00.000 UTC,2.73,2.72,2.73,2.72
2022-04-23 08:00:00.000 UTC,2.74,2.71,2.72,2.74
2022-04-23 07:00:00.000 UTC,2.72,2.72,2.72,2.72
2022-04-23 06:00:00.000 UTC,2.72,2.71,2.72,2.72
2022-04-23 05:00:00.000 UTC,2.72,2.71,2.71,2.71
2022-04-23 04:00:00.000 UTC,2.72,2.69,2.71,2.71
2022-04-23 03:00:00.000 UTC,2.72,2.71,2.72,2.71
2022-04-23 02:00:00.000 UTC,2.73,2.71,2.73,2.71
2022-04-23 01:00:00.000 UTC,2.74,2.72,2.72,2.72
2022-04-23 00:00:00.000 UTC,2.76,2.73,2.75,2.73
2022-04-22 23:00:00.000 UTC,2.77,2.75,2.75,2.75
2022-04-22 22:00:00.000 UTC,2.75,2.73,2.75,2.75
2022-04-22 21:00:00.000 UTC,2.76,2.75,2.76,2.75
2022-04-22 20:00:00.000 UTC,2.75,2.74,2.75,2.75
2022-04-22 19:00:00.000 UTC,2.76,2.74,2.75,2.75
2022-04-22 18:00:00.000 UTC,2.76,2.73,2.73,2.75
2022-04-22 17:00:00.000 UTC,2.74,2.73,2.73,2.74
2022-04-22 16:00:00.000 UTC,2.74,2.72,2.73,2.73
2022-04-22 15:00:00.000 UTC,2.77,2.73,2.75,2.73
2022-04-22 14:00:00.000 UTC,2.77,2.74,2.77,2.76
2022-04-22 13:00:00.000 UTC,2.8,2.76,2.78,2.78
2022-04-22 12:00:00.000 UTC,2.8,2.78,2.79,2.79
2022-04-22 11:00:00.000 UTC,2.79,2.78,2.78,2.78
2022-04-22 10:00:00.000 UTC,2.78,2.75,2.77,2.78
2022-04-22 09:00:00.000 UTC,2.79,2.77,2.79,2.77
2022-04-22 08:00:00.000 UTC,2.8,2.78,2.8,2.79
2022-04-22 07:00:00.000 UTC,2.81,2.78,2.8,2.8
2022-04-22 06:00:00.000 UTC,2.81,2.79,2.79,2.8
2022-04-22 05:00:00.000 UTC,2.8,2.79,2.79,2.8
2022-04-22 04:00:00.000 UTC,2.79,2.77,2.77,2.79
2022-04-22 03:00:00.000 UTC,2.78,2.77,2.78,2.78
2022-04-22 02:00:00.000 UTC,2.79,2.78,2.79,2.78
2022-04-22 01:00:00.000 UTC,2.79,2.77,2.79,2.78
2022-04-22 00:00:00.000 UTC,2.8,2.76,2.77,2.79
2022-04-21 23:00:00.000 UTC,2.77,2.75,2.75,2.77
2022-04-21 22:00:00.000 UTC,2.78,2.73,2.78,2.75
2022-04-21 21:00:00.000 UTC,2.79,2.77,2.77,2.78
2022-04-21 20:00:00.000 UTC,2.83,2.77,2.83,2.78
2022-04-21 19:00:00.000 UTC,2.87,2.82,2.87,2.83
2022-04-21 18:00:00.000 UTC,2.88,2.86,2.87,2.87
2022-04-21 17:00:00.000 UTC,2.89,2.87,2.87,2.87
2022-04-21 16:00:00.000 UTC,2.9,2.88,2.9,2.88
2022-04-21 15:00:00.000 UTC,2.93,2.89,2.92,2.9
2022-04-21 14:00:00.000 UTC,2.94,2.91,2.94,2.92
2022-04-21 13:00:00.000 UTC,2.94,2.91,2.91,2.94
2022-04-21 12:00:00.000 UTC,2.92,2.89,2.91,2.91
2022-04-21 11:00:00.000 UTC,2.93,2.89,2.89,2.91
2022-04-21 10:00:00.000 UTC,2.9,2.86,2.86,2.89
2022-04-21 09:00:00.000 UTC,2.89,2.85,2.89,2.86
2022-04-21 08:00:00.000 UTC,2.9,2.88,2.89,2.89
2022-04-21 07:00:00.000 UTC,2.89,2.86,2.86,2.89
2022-04-21 06:00:00.000 UTC,2.87,2.85,2.85,2.86
2022-04-21 05:00:00.000 UTC,2.9,2.86,2.89,2.86
2022-04-21 04:00:00.000 UTC,2.9,2.88,2.89,2.89
2022-04-21 03:00:00.000 UTC,2.93,2.88,2.9,2.89
2022-04-21 02:00:00.000 UTC,2.9,2.88,2.88,2.9
2022-04-21 01:00:00.000 UTC,2.89,2.88,2.88,2.88
2022-04-21 00:00:00.000 UTC,2.89,2.87,2.87,2.88
2022-04-20 23:00:00.000 UTC,2.89,2.86,2.89,2.87
2022-04-20 22:00:00.000 UTC,2.89,2.88,2.88,2.89
2022-04-20 21:00:00.000 UTC,2.88,2.85,2.85,2.87
2022-04-20 20:00:00.000 UTC,2.85,2.82,2.85,2.85
2022-04-20 19:00:00.000 UTC,2.86,2.84,2.84,2.86
2022-04-20 18:00:00.000 UTC,2.89,2.83,2.89,2.85
2022-04-20 17:00:00.000 UTC,2.89,2.88,2.89,2.89
2022-04-20 16:00:00.000 UTC,2.9,2.87,2.9,2.89
2022-04-20 15:00:00.000 UTC,2.92,2.88,2.92,2.89
2022-04-20 14:00:00.000 UTC,2.94,2.92,2.92,2.93
2022-04-20 13:00:00.000 UTC,2.99,2.91,2.99,2.91
2022-04-20 12:00:00.000 UTC,3.02,2.99,3.02,2.99
2022-04-20 11:00:00.000 UTC,3.03,3.01,3.03,3.02
2022-04-20 10:00:00.000 UTC,3.02,2.98,2.98,3.02
2022-04-20 09:00:00.000 UTC,3,2.97,2.97,2.99
2022-04-20 08:00:00.000 UTC,2.99,2.97,2.99,2.97
2022-04-20 07:00:00.000 UTC,3.01,2.98,3.01,2.99
2022-04-20 06:00:00.000 UTC,3.01,3,3,3
2022-04-20 05:00:00.000 UTC,3.01,2.99,2.99,2.99
2022-04-20 04:00:00.000 UTC,3.02,2.99,3.01,2.99
2022-04-20 03:00:00.000 UTC,3.05,3.03,3.05,3.03
2022-04-20 02:00:00.000 UTC,3.07,2.97,2.98,3.05
2022-04-20 01:00:00.000 UTC,3,2.93,2.94,2.99
2022-04-20 00:00:00.000 UTC,2.98,2.9,2.92,2.95
2022-04-19 23:00:00.000 UTC,2.94,2.89,2.89,2.92
2022-04-19 22:00:00.000 UTC,2.9,2.87,2.87,2.89
2022-04-19 21:00:00.000 UTC,2.89,2.88,2.88,2.88
2022-04-19 20:00:00.000 UTC,2.9,2.88,2.89,2.88
2022-04-19 19:00:00.000 UTC,2.9,2.89,2.89,2.9
2022-04-19 18:00:00.000 UTC,2.92,2.89,2.92,2.89
2022-04-19 17:00:00.000 UTC,2.93,2.91,2.91,2.92
2022-04-19 16:00:00.000 UTC,2.97,2.92,2.95,2.93
2022-04-19 15:00:00.000 UTC,2.98,2.94,2.96,2.95
2022-04-19 14:00:00.000 UTC,3,2.97,2.97,2.98
2022-04-19 13:00:00.000 UTC,2.97,2.93,2.93,2.96
2022-04-19 12:00:00.000 UTC,2.95,2.92,2.92,2.93
2022-04-19 11:00:00.000 UTC,2.99,2.93,2.94,2.94
2022-04-19 10:00:00.000 UTC,2.88,2.73,2.73,2.88
2022-04-19 09:00:00.000 UTC,2.75,2.73,2.74,2.73
2022-04-19 08:00:00.000 UTC,2.76,2.74,2.74,2.74
2022-04-19 07:00:00.000 UTC,2.74,2.73,2.73,2.73
2022-04-19 06:00:00.000 UTC,2.74,2.73,2.74,2.73
2022-04-19 05:00:00.000 UTC,2.75,2.74,2.75,2.74
2022-04-19 04:00:00.000 UTC,2.75,2.73,2.73,2.75
2022-04-19 03:00:00.000 UTC,2.74,2.72,2.72,2.73
2022-04-19 02:00:00.000 UTC,2.74,2.72,2.74,2.72
2022-04-19 01:00:00.000 UTC,2.77,2.74,2.76,2.74
2022-04-19 00:00:00.000 UTC,2.78,2.75,2.75,2.76
2022-04-18 23:00:00.000 UTC,2.76,2.75,2.76,2.75
2022-04-18 22:00:00.000 UTC,2.76,2.75,2.76,2.76
2022-04-18 21:00:00.000 UTC,2.78,2.76,2.76,2.76
2022-04-18 20:00:00.000 UTC,2.76,2.73,2.73,2.75
2022-04-18 19:00:00.000 UTC,2.74,2.71,2.71,2.72
2022-04-18 18:00:00.000 UTC,2.73,2.69,2.69,2.72
2022-04-18 17:00:00.000 UTC,2.69,2.65,2.66,2.68
2022-04-18 16:00:00.000 UTC,2.66,2.63,2.66,2.66
2022-04-18 15:00:00.000 UTC,2.65,2.64,2.65,2.65
2022-04-18 14:00:00.000 UTC,2.66,2.64,2.65,2.65
2022-04-18 13:00:00.000 UTC,2.66,2.63,2.66,2.64
2022-04-18 12:00:00.000 UTC,2.66,2.61,2.61,2.66
2022-04-18 11:00:00.000 UTC,2.63,2.61,2.62,2.61
2022-04-18 10:00:00.000 UTC,2.63,2.6,2.62,2.63
2022-04-18 09:00:00.000 UTC,2.62,2.58,2.6,2.62
2022-04-18 08:00:00.000 UTC,2.61,2.59,2.59,2.6
2022-04-18 07:00:00.000 UTC,2.62,2.59,2.62,2.59
2022-04-18 06:00:00.000 UTC,2.63,2.59,2.59,2.62
2022-04-18 05:00:00.000 UTC,2.6,2.59,2.59,2.59
2022-04-18 04:00:00.000 UTC,2.72,2.59,2.71,2.59
2022-04-18 03:00:00.000 UTC,2.72,2.71,2.72,2.71
2022-04-18 02:00:00.000 UTC,2.72,2.71,2.71,2.72
2022-04-18 01:00:00.000 UTC,2.72,2.69,2.69,2.71
2022-04-18 00:00:00.000 UTC,2.72,2.68,2.71,2.69
2022-04-17 23:00:00.000 UTC,2.77,2.67,2.77,2.69
2022-04-17 22:00:00.000 UTC,2.8,2.77,2.78,2.78
2022-04-17 21:00:00.000 UTC,2.79,2.77,2.78,2.78
2022-04-17 20:00:00.000 UTC,2.78,2.77,2.78,2.78
2022-04-17 19:00:00.000 UTC,2.78,2.76,2.77,2.78
2022-04-17 18:00:00.000 UTC,2.79,2.76,2.79,2.77
2022-04-17 17:00:00.000 UTC,2.81,2.79,2.81,2.8
2022-04-17 16:00:00.000 UTC,2.82,2.8,2.82,2.8
2022-04-17 15:00:00.000 UTC,2.82,2.8,2.8,2.82
2022-04-17 14:00:00.000 UTC,2.81,2.79,2.8,2.8
2022-04-17 13:00:00.000 UTC,2.82,2.79,2.81,2.81
2022-04-17 12:00:00.000 UTC,2.81,2.78,2.79,2.8
2022-04-17 11:00:00.000 UTC,2.8,2.78,2.79,2.79
2022-04-17 10:00:00.000 UTC,2.8,2.79,2.79,2.79
2022-04-17 09:00:00.000 UTC,2.79,2.78,2.78,2.79
2022-04-17 08:00:00.000 UTC,2.81,2.78,2.8,2.78
2022-04-17 07:00:00.000 UTC,2.81,2.79,2.81,2.79
2022-04-17 06:00:00.000 UTC,2.82,2.81,2.82,2.81
2022-04-17 05:00:00.000 UTC,2.83,2.8,2.8,2.83
2022-04-17 04:00:00.000 UTC,2.82,2.8,2.82,2.81
2022-04-17 03:00:00.000 UTC,2.82,2.79,2.81,2.82
2022-04-17 02:00:00.000 UTC,2.84,2.79,2.84,2.81
2022-04-17 01:00:00.000 UTC,2.84,2.81,2.82,2.84
2022-04-17 00:00:00.000 UTC,2.84,2.81,2.84,2.82
2022-04-16 23:00:00.000 UTC,2.84,2.81,2.81,2.83
2022-04-16 22:00:00.000 UTC,2.82,2.81,2.81,2.82
2022-04-16 21:00:00.000 UTC,2.81,2.8,2.81,2.81
2022-04-16 20:00:00.000 UTC,2.82,2.79,2.79,2.82
2022-04-16 19:00:00.000 UTC,2.8,2.79,2.79,2.79
2022-04-16 18:00:00.000 UTC,2.79,2.78,2.79,2.79
2022-04-16 17:00:00.000 UTC,2.8,2.78,2.8,2.79
2022-04-16 16:00:00.000 UTC,2.8,2.78,2.8,2.79
2022-04-16 15:00:00.000 UTC,2.86,2.79,2.86,2.79
2022-04-16 14:00:00.000 UTC,2.85,2.82,2.84,2.85
2022-04-16 13:00:00.000 UTC,2.85,2.82,2.84,2.84
2022-04-16 12:00:00.000 UTC,2.84,2.83,2.84,2.84
2022-04-16 11:00:00.000 UTC,2.86,2.84,2.84,2.84
2022-04-16 10:00:00.000 UTC,2.86,2.84,2.85,2.84
2022-04-16 09:00:00.000 UTC,2.88,2.85,2.87,2.85
2022-04-16 08:00:00.000 UTC,2.88,2.86,2.86,2.87
2022-04-16 07:00:00.000 UTC,2.89,2.85,2.87,2.86
2022-04-16 06:00:00.000 UTC,2.86,2.85,2.86,2.86
2022-04-16 05:00:00.000 UTC,2.89,2.86,2.89,2.87
2022-04-16 04:00:00.000 UTC,2.91,2.81,2.81,2.89
2022-04-16 03:00:00.000 UTC,2.84,2.81,2.84,2.83
2022-04-16 02:00:00.000 UTC,2.85,2.82,2.84,2.84
2022-04-16 01:00:00.000 UTC,2.84,2.81,2.81,2.84
2022-04-16 00:00:00.000 UTC,2.83,2.8,2.8,2.83
2022-04-15 23:00:00.000 UTC,2.81,2.8,2.8,2.8
2022-04-15 22:00:00.000 UTC,2.8,2.79,2.8,2.8
2022-04-15 21:00:00.000 UTC,2.8,2.8,2.8,2.8
2022-04-15 20:00:00.000 UTC,2.8,2.78,2.79,2.8
2022-04-15 19:00:00.000 UTC,2.79,2.78,2.79,2.79
2022-04-15 18:00:00.000 UTC,2.8,2.79,2.8,2.79
2022-04-15 17:00:00.000 UTC,2.81,2.8,2.8,2.8
2022-04-15 16:00:00.000 UTC,2.81,2.78,2.78,2.81
2022-04-15 15:00:00.000 UTC,2.8,2.78,2.8,2.78
2022-04-15 14:00:00.000 UTC,2.8,2.76,2.78,2.8
2022-04-15 13:00:00.000 UTC,2.79,2.78,2.79,2.78
2022-04-15 12:00:00.000 UTC,2.8,2.78,2.8,2.79
2022-04-15 11:00:00.000 UTC,2.82,2.79,2.8,2.79
2022-04-15 10:00:00.000 UTC,2.8,2.79,2.8,2.8
2022-04-15 09:00:00.000 UTC,2.8,2.79,2.8,2.8
2022-04-15 08:00:00.000 UTC,2.84,2.79,2.84,2.79
2022-04-15 07:00:00.000 UTC,2.84,2.78,2.79,2.84
2022-04-15 06:00:00.000 UTC,2.82,2.78,2.81,2.79
2022-04-15 05:00:00.000 UTC,2.82,2.8,2.82,2.81
2022-04-15 04:00:00.000 UTC,2.84,2.81,2.83,2.82
2022-04-15 03:00:00.000 UTC,2.83,2.81,2.81,2.83
2022-04-15 02:00:00.000 UTC,2.82,2.79,2.79,2.82
2022-04-15 01:00:00.000 UTC,2.79,2.78,2.78,2.79
2022-04-15 00:00:00.000 UTC,2.82,2.78,2.78,2.78
2022-04-14 23:00:00.000 UTC,2.79,2.78,2.78,2.78
2022-04-14 22:00:00.000 UTC,2.82,2.79,2.81,2.79
2022-04-14 21:00:00.000 UTC,2.82,2.75,2.75,2.81
2022-04-14 20:00:00.000 UTC,2.75,2.72,2.73,2.75
2022-04-14 19:00:00.000 UTC,2.74,2.71,2.74,2.73
2022-04-14 18:00:00.000 UTC,2.77,2.75,2.76,2.75
2022-04-14 17:00:00.000 UTC,2.76,2.74,2.75,2.75
2022-04-14 16:00:00.000 UTC,2.8,2.74,2.8,2.74
2022-04-14 15:00:00.000 UTC,2.82,2.78,2.81,2.78
2022-04-14 14:00:00.000 UTC,2.83,2.81,2.83,2.82
2022-04-14 13:00:00.000 UTC,2.88,2.82,2.86,2.83
2022-04-14 12:00:00.000 UTC,2.85,2.82,2.82,2.85
2022-04-14 11:00:00.000 UTC,2.83,2.82,2.82,2.82
2022-04-14 10:00:00.000 UTC,2.86,2.84,2.86,2.84
2022-04-14 09:00:00.000 UTC,2.88,2.85,2.87,2.85
2022-04-14 08:00:00.000 UTC,2.88,2.87,2.88,2.87
2022-04-14 07:00:00.000 UTC,2.88,2.86,2.87,2.87
2022-04-14 06:00:00.000 UTC,2.88,2.87,2.88,2.88
2022-04-14 05:00:00.000 UTC,2.89,2.88,2.88,2.88
2022-04-14 04:00:00.000 UTC,2.89,2.88,2.88,2.88
2022-04-14 03:00:00.000 UTC,2.9,2.88,2.89,2.88
2022-04-14 02:00:00.000 UTC,2.91,2.89,2.91,2.89
2022-04-14 01:00:00.000 UTC,2.93,2.89,2.89,2.91
2022-04-14 00:00:00.000 UTC,2.92,2.86,2.87,2.89
2022-04-13 23:00:00.000 UTC,2.91,2.85,2.86,2.88
2022-04-13 22:00:00.000 UTC,2.86,2.84,2.85,2.85
2022-04-13 21:00:00.000 UTC,2.85,2.84,2.85,2.84
2022-04-13 20:00:00.000 UTC,2.85,2.83,2.84,2.85
2022-04-13 19:00:00.000 UTC,2.85,2.84,2.85,2.85
2022-04-13 18:00:00.000 UTC,2.85,2.82,2.83,2.85
2022-04-13 17:00:00.000 UTC,2.85,2.82,2.84,2.83
2022-04-13 16:00:00.000 UTC,2.86,2.83,2.85,2.83
2022-04-13 15:00:00.000 UTC,2.86,2.81,2.81,2.85
2022-04-13 14:00:00.000 UTC,2.85,2.81,2.82,2.81
2022-04-13 13:00:00.000 UTC,2.82,2.75,2.76,2.82
2022-04-13 12:00:00.000 UTC,2.79,2.76,2.78,2.76
2022-04-13 11:00:00.000 UTC,2.8,2.78,2.79,2.79
2022-04-13 10:00:00.000 UTC,2.81,2.76,2.8,2.78
2022-04-13 09:00:00.000 UTC,2.81,2.79,2.81,2.81
2022-04-13 08:00:00.000 UTC,2.82,2.81,2.81,2.81
2022-04-13 07:00:00.000 UTC,2.81,2.8,2.81,2.81
2022-04-13 06:00:00.000 UTC,2.83,2.81,2.83,2.81
2022-04-13 05:00:00.000 UTC,2.82,2.81,2.82,2.82
2022-04-13 04:00:00.000 UTC,2.81,2.8,2.81,2.81
2022-04-13 03:00:00.000 UTC,2.84,2.8,2.8,2.82
2022-04-13 02:00:00.000 UTC,2.81,2.78,2.81,2.79
2022-04-13 01:00:00.000 UTC,2.79,2.77,2.79,2.78
2022-04-13 00:00:00.000 UTC,2.79,2.78,2.78,2.79
2022-04-12 23:00:00.000 UTC,2.79,2.75,2.75,2.78
2022-04-12 22:00:00.000 UTC,2.75,2.73,2.75,2.74
2022-04-12 21:00:00.000 UTC,2.75,2.71,2.71,2.75
2022-04-12 20:00:00.000 UTC,2.73,2.71,2.72,2.71
2022-04-12 19:00:00.000 UTC,2.75,2.71,2.75,2.73
2022-04-12 18:00:00.000 UTC,2.76,2.74,2.76,2.74
2022-04-12 17:00:00.000 UTC,2.79,2.76,2.79,2.76
2022-04-12 16:00:00.000 UTC,2.79,2.76,2.79,2.79
2022-04-12 15:00:00.000 UTC,2.79,2.75,2.75,2.79
2022-04-12 14:00:00.000 UTC,2.8,2.75,2.8,2.75
2022-04-12 13:00:00.000 UTC,2.82,2.8,2.82,2.81
2022-04-12 12:00:00.000 UTC,2.81,2.77,2.78,2.81
2022-04-12 11:00:00.000 UTC,2.81,2.76,2.77,2.78
2022-04-12 10:00:00.000 UTC,2.78,2.75,2.76,2.78
2022-04-12 09:00:00.000 UTC,2.76,2.74,2.76,2.75
2022-04-12 08:00:00.000 UTC,2.77,2.75,2.76,2.76
2022-04-12 07:00:00.000 UTC,2.76,2.74,2.75,2.75
2022-04-12 06:00:00.000 UTC,2.79,2.75,2.79,2.75
2022-04-12 05:00:00.000 UTC,2.79,2.75,2.76,2.79
2022-04-12 04:00:00.000 UTC,2.75,2.7,2.72,2.75
2022-04-12 03:00:00.000 UTC,2.72,2.69,2.69,2.72
2022-04-12 02:00:00.000 UTC,2.71,2.69,2.7,2.69
2022-04-12 01:00:00.000 UTC,2.72,2.7,2.7,2.7
2022-04-12 00:00:00.000 UTC,2.73,2.68,2.68,2.73
2022-04-11 23:00:00.000 UTC,2.7,2.67,2.69,2.67
2022-04-11 22:00:00.000 UTC,2.71,2.66,2.66,2.7
2022-04-11 21:00:00.000 UTC,2.72,2.66,2.68,2.66
2022-04-11 20:00:00.000 UTC,2.73,2.68,2.71,2.71
2022-04-11 19:00:00.000 UTC,2.75,2.71,2.73,2.71
2022-04-11 18:00:00.000 UTC,2.73,2.7,2.73,2.72
2022-04-11 17:00:00.000 UTC,2.75,2.71,2.73,2.73
2022-04-11 16:00:00.000 UTC,2.73,2.71,2.71,2.73
2022-04-11 15:00:00.000 UTC,2.75,2.72,2.72,2.73
2022-04-11 14:00:00.000 UTC,2.75,2.71,2.75,2.72
2022-04-11 13:00:00.000 UTC,2.74,2.69,2.74,2.74
2022-04-11 12:00:00.000 UTC,2.76,2.73,2.74,2.74
2022-04-11 11:00:00.000 UTC,2.78,2.72,2.78,2.75
2022-04-11 10:00:00.000 UTC,2.78,2.75,2.77,2.78
2022-04-11 09:00:00.000 UTC,2.86,2.8,2.86,2.8
2022-04-11 08:00:00.000 UTC,2.88,2.86,2.88,2.86
2022-04-11 07:00:00.000 UTC,2.88,2.86,2.86,2.88
2022-04-11 06:00:00.000 UTC,2.87,2.85,2.87,2.87
2022-04-11 05:00:00.000 UTC,2.87,2.86,2.87,2.87
2022-04-11 04:00:00.000 UTC,2.88,2.85,2.86,2.87
2022-04-11 03:00:00.000 UTC,2.87,2.85,2.86,2.86
2022-04-11 02:00:00.000 UTC,2.9,2.86,2.9,2.86
2022-04-11 01:00:00.000 UTC,2.92,2.9,2.91,2.9
2022-04-11 00:00:00.000 UTC,2.92,2.88,2.91,2.92
2022-04-10 23:00:00.000 UTC,2.95,2.9,2.94,2.91
2022-04-10 22:00:00.000 UTC,2.98,2.93,2.98,2.94
2022-04-10 21:00:00.000 UTC,3.03,2.99,3.02,2.99
2022-04-10 20:00:00.000 UTC,3.03,3.01,3.01,3.02
2022-04-10 19:00:00.000 UTC,3.02,3,3,3.01
2022-04-10 18:00:00.000 UTC,3.02,3,3.01,3.01
2022-04-10 17:00:00.000 UTC,3.01,2.96,2.96,3
2022-04-10 16:00:00.000 UTC,2.97,2.95,2.96,2.96
2022-04-10 15:00:00.000 UTC,2.97,2.96,2.96,2.97
2022-04-10 14:00:00.000 UTC,2.97,2.95,2.96,2.96
2022-04-10 13:00:00.000 UTC,2.96,2.94,2.96,2.95
2022-04-10 12:00:00.000 UTC,2.97,2.95,2.95,2.96
2022-04-10 11:00:00.000 UTC,2.97,2.95,2.97,2.97
2022-04-10 10:00:00.000 UTC,2.97,2.96,2.97,2.97
2022-04-10 09:00:00.000 UTC,2.98,2.97,2.97,2.97
2022-04-10 08:00:00.000 UTC,2.98,2.97,2.98,2.97
2022-04-10 07:00:00.000 UTC,2.98,2.97,2.97,2.98
2022-04-10 06:00:00.000 UTC,2.98,2.97,2.97,2.98
2022-04-10 05:00:00.000 UTC,2.99,2.97,2.99,2.97
2022-04-10 04:00:00.000 UTC,3,2.99,3,2.99
2022-04-10 03:00:00.000 UTC,3.01,2.99,3.01,3
2022-04-10 02:00:00.000 UTC,3,2.99,2.99,3
2022-04-10 01:00:00.000 UTC,3.01,2.99,2.99,3
2022-04-10 00:00:00.000 UTC,3.01,2.99,3.01,2.99
2022-04-09 23:00:00.000 UTC,3.01,2.98,2.98,3.01
2022-04-09 22:00:00.000 UTC,3,2.97,2.97,2.99
2022-04-09 21:00:00.000 UTC,2.98,2.95,2.95,2.97
2022-04-09 20:00:00.000 UTC,2.98,2.96,2.96,2.97
2022-04-09 19:00:00.000 UTC,2.98,2.95,2.97,2.98
2022-04-09 18:00:00.000 UTC,2.97,2.96,2.97,2.97
2022-04-09 17:00:00.000 UTC,2.98,2.96,2.97,2.97
2022-04-09 16:00:00.000 UTC,2.98,2.95,2.95,2.97
2022-04-09 15:00:00.000 UTC,2.99,2.95,2.99,2.95
2022-04-09 14:00:00.000 UTC,3,2.97,3,2.98
2022-04-09 13:00:00.000 UTC,3,2.98,2.98,3
2022-04-09 12:00:00.000 UTC,2.99,2.96,2.98,2.97
2022-04-09 11:00:00.000 UTC,2.99,2.96,2.96,2.99
2022-04-09 10:00:00.000 UTC,2.97,2.96,2.97,2.96
2022-04-09 09:00:00.000 UTC,2.97,2.96,2.97,2.97
2022-04-09 08:00:00.000 UTC,2.98,2.96,2.98,2.98
2022-04-09 07:00:00.000 UTC,2.98,2.95,2.96,2.98
2022-04-09 06:00:00.000 UTC,2.99,2.95,2.99,2.97
2022-04-09 05:00:00.000 UTC,2.98,2.95,2.95,2.98
2022-04-09 04:00:00.000 UTC,2.98,2.94,2.94,2.96
2022-04-09 03:00:00.000 UTC,2.95,2.93,2.94,2.94
2022-04-09 02:00:00.000 UTC,2.97,2.93,2.96,2.94
2022-04-09 01:00:00.000 UTC,2.98,2.94,2.95,2.95
2022-04-09 00:00:00.000 UTC,2.95,2.91,2.91,2.94
2022-04-08 23:00:00.000 UTC,2.95,2.88,2.95,2.9
2022-04-08 22:00:00.000 UTC,2.96,2.92,2.96,2.94
2022-04-08 21:00:00.000 UTC,2.98,2.95,2.98,2.96
2022-04-08 20:00:00.000 UTC,2.98,2.97,2.97,2.98
2022-04-08 19:00:00.000 UTC,3.01,2.97,3,2.97
2022-04-08 18:00:00.000 UTC,3.01,2.96,3.01,2.98
2022-04-08 17:00:00.000 UTC,3.02,2.98,3.02,3
2022-04-08 16:00:00.000 UTC,3.05,3.02,3.04,3.03
2022-04-08 15:00:00.000 UTC,3.07,3.04,3.04,3.04
2022-04-08 14:00:00.000 UTC,3.04,3,3,3.03
2022-04-08 13:00:00.000 UTC,3.01,2.98,3.01,3
2022-04-08 12:00:00.000 UTC,3.03,3.01,3.01,3.01
2022-04-08 11:00:00.000 UTC,3.07,3.03,3.07,3.03
2022-04-08 10:00:00.000 UTC,3.09,3.06,3.08,3.06
2022-04-08 09:00:00.000 UTC,3.1,3.09,3.09,3.09
2022-04-08 08:00:00.000 UTC,3.12,3.09,3.09,3.1
2022-04-08 07:00:00.000 UTC,3.11,3.08,3.1,3.08
2022-04-08 06:00:00.000 UTC,3.13,3.1,3.11,3.1
2022-04-08 05:00:00.000 UTC,3.12,3.1,3.11,3.11
2022-04-08 04:00:00.000 UTC,3.13,3.11,3.12,3.13
2022-04-08 03:00:00.000 UTC,3.11,3.09,3.1,3.09
2022-04-08 02:00:00.000 UTC,3.11,3.08,3.1,3.11
2022-04-08 01:00:00.000 UTC,3.1,3.08,3.08,3.09
2022-04-08 00:00:00.000 UTC,3.11,3.08,3.09,3.09
2022-04-07 23:00:00.000 UTC,3.1,3.08,3.08,3.1
2022-04-07 22:00:00.000 UTC,3.07,3.05,3.06,3.07
2022-04-07 21:00:00.000 UTC,3.07,3.04,3.07,3.05
2022-04-07 20:00:00.000 UTC,3.07,3.05,3.06,3.06
2022-04-07 19:00:00.000 UTC,3.08,3.06,3.07,3.06
2022-04-07 18:00:00.000 UTC,3.08,3.05,3.05,3.06
2022-04-07 17:00:00.000 UTC,3.06,3.04,3.04,3.04
2022-04-07 16:00:00.000 UTC,3.04,3.01,3.01,3.02
2022-04-07 15:00:00.000 UTC,3.06,3,3.06,3.03
2022-04-07 14:00:00.000 UTC,3.09,3.06,3.09,3.06
2022-04-07 13:00:00.000 UTC,3.08,3.04,3.07,3.08
2022-04-07 12:00:00.000 UTC,3.11,3.07,3.08,3.08
2022-04-07 11:00:00.000 UTC,3.1,3.03,3.03,3.08
2022-04-07 10:00:00.000 UTC,3.05,3.04,3.04,3.05
2022-04-07 09:00:00.000 UTC,3.06,3.02,3.06,3.03
2022-04-07 08:00:00.000 UTC,3.07,3.05,3.06,3.05
2022-04-07 07:00:00.000 UTC,3.07,3.04,3.04,3.05
2022-04-07 06:00:00.000 UTC,3.06,3.02,3.04,3.05
2022-04-07 05:00:00.000 UTC,3.04,3.01,3.04,3.03
2022-04-07 04:00:00.000 UTC,3.04,3,3.02,3.04
2022-04-07 03:00:00.000 UTC,3.03,3,3.02,3.02
2022-04-07 02:00:00.000 UTC,3.02,2.98,3.02,3.01
2022-04-07 01:00:00.000 UTC,3.01,2.92,2.92,3.01
2022-04-07 00:00:00.000 UTC,3.02,2.94,2.98,2.94
2022-04-06 23:00:00.000 UTC,3.04,2.97,3.02,2.97
2022-04-06 22:00:00.000 UTC,3.07,3.04,3.06,3.04
2022-04-06 21:00:00.000 UTC,3.1,3.06,3.1,3.07
2022-04-06 20:00:00.000 UTC,3.15,3.07,3.07,3.09
2022-04-06 19:00:00.000 UTC,3.09,3.05,3.08,3.08
2022-04-06 18:00:00.000 UTC,3.09,3.02,3.07,3.06
2022-04-06 17:00:00.000 UTC,3.06,3,3.02,3.05
2022-04-06 16:00:00.000 UTC,3.07,3.01,3.07,3.01
2022-04-06 15:00:00.000 UTC,3.08,3.04,3.08,3.07
2022-04-06 14:00:00.000 UTC,3.09,3.04,3.08,3.09
2022-04-06 13:00:00.000 UTC,3.14,3.06,3.13,3.06
2022-04-06 12:00:00.000 UTC,3.15,3.13,3.15,3.13
2022-04-06 11:00:00.000 UTC,3.19,3.12,3.19,3.15
2022-04-06 10:00:00.000 UTC,3.22,3.17,3.22,3.19
2022-04-06 09:00:00.000 UTC,3.23,3.2,3.23,3.2
2022-04-06 08:00:00.000 UTC,3.22,3.21,3.22,3.22
2022-04-06 07:00:00.000 UTC,3.25,3.22,3.25,3.22
2022-04-06 06:00:00.000 UTC,3.25,3.23,3.24,3.24
2022-04-06 05:00:00.000 UTC,3.24,3.22,3.22,3.24
2022-04-06 04:00:00.000 UTC,3.22,3.18,3.19,3.22
2022-04-06 03:00:00.000 UTC,3.22,3.2,3.22,3.2
2022-04-06 02:00:00.000 UTC,3.24,3.2,3.2,3.22
2022-04-06 01:00:00.000 UTC,3.21,3.19,3.2,3.2
2022-04-06 00:00:00.000 UTC,3.35,3.19,3.35,3.2
2022-04-05 23:00:00.000 UTC,3.38,3.34,3.38,3.34
2022-04-05 22:00:00.000 UTC,3.4,3.38,3.39,3.39
2022-04-05 21:00:00.000 UTC,3.4,3.38,3.39,3.39
2022-04-05 20:00:00.000 UTC,3.43,3.38,3.41,3.39
2022-04-05 19:00:00.000 UTC,3.43,3.38,3.43,3.41
2022-04-05 18:00:00.000 UTC,3.44,3.43,3.43,3.43
2022-04-05 17:00:00.000 UTC,3.45,3.4,3.4,3.43
2022-04-05 16:00:00.000 UTC,3.42,3.39,3.39,3.39
2022-04-05 15:00:00.000 UTC,3.41,3.38,3.39,3.41
2022-04-05 14:00:00.000 UTC,3.44,3.38,3.44,3.38
2022-04-05 13:00:00.000 UTC,3.48,3.42,3.46,3.45
2022-04-05 12:00:00.000 UTC,3.49,3.46,3.47,3.46
2022-04-05 11:00:00.000 UTC,3.47,3.44,3.45,3.46
2022-04-05 10:00:00.000 UTC,3.45,3.43,3.44,3.45
2022-04-05 09:00:00.000 UTC,3.46,3.44,3.46,3.44
2022-04-05 08:00:00.000 UTC,3.47,3.45,3.46,3.46
2022-04-05 07:00:00.000 UTC,3.46,3.44,3.46,3.46
2022-04-05 06:00:00.000 UTC,3.48,3.45,3.48,3.45
2022-04-05 05:00:00.000 UTC,3.48,3.46,3.47,3.48
2022-04-05 04:00:00.000 UTC,3.49,3.46,3.47,3.48
2022-04-05 03:00:00.000 UTC,3.47,3.46,3.47,3.47
2022-04-05 02:00:00.000 UTC,3.49,3.45,3.47,3.46
2022-04-05 01:00:00.000 UTC,3.47,3.44,3.45,3.47
2022-04-05 00:00:00.000 UTC,3.49,3.45,3.48,3.46
2022-04-04 23:00:00.000 UTC,3.5,3.47,3.49,3.48
2022-04-04 22:00:00.000 UTC,3.48,3.43,3.45,3.48
2022-04-04 21:00:00.000 UTC,3.47,3.44,3.44,3.45
2022-04-04 20:00:00.000 UTC,3.45,3.39,3.41,3.44
2022-04-04 19:00:00.000 UTC,3.39,3.36,3.36,3.39
2022-04-04 18:00:00.000 UTC,3.37,3.33,3.37,3.35
2022-04-04 17:00:00.000 UTC,3.43,3.35,3.42,3.36
2022-04-04 16:00:00.000 UTC,3.43,3.41,3.41,3.42
2022-04-04 15:00:00.000 UTC,3.46,3.42,3.46,3.42
2022-04-04 14:00:00.000 UTC,3.5,3.47,3.49,3.47
2022-04-04 13:00:00.000 UTC,3.49,3.46,3.49,3.49
2022-04-04 12:00:00.000 UTC,3.54,3.48,3.5,3.48
2022-04-04 11:00:00.000 UTC,3.5,3.48,3.49,3.49
2022-04-04 10:00:00.000 UTC,3.51,3.47,3.51,3.48
2022-04-04 09:00:00.000 UTC,3.56,3.52,3.53,3.52
2022-04-04 08:00:00.000 UTC,3.55,3.52,3.55,3.52
2022-04-04 07:00:00.000 UTC,3.56,3.53,3.56,3.55
2022-04-04 06:00:00.000 UTC,3.55,3.51,3.53,3.55
2022-04-04 05:00:00.000 UTC,3.52,3.5,3.5,3.52
2022-04-04 04:00:00.000 UTC,3.51,3.49,3.5,3.5
2022-04-04 03:00:00.000 UTC,3.53,3.5,3.51,3.5
2022-04-04 02:00:00.000 UTC,3.51,3.49,3.5,3.51
2022-04-04 01:00:00.000 UTC,3.51,3.49,3.49,3.5
2022-04-04 00:00:00.000 UTC,3.54,3.49,3.54,3.5
2022-04-03 23:00:00.000 UTC,3.55,3.52,3.55,3.54
2022-04-03 22:00:00.000 UTC,3.58,3.53,3.53,3.56
2022-04-03 21:00:00.000 UTC,3.52,3.49,3.49,3.52
2022-04-03 20:00:00.000 UTC,3.5,3.49,3.49,3.49
2022-04-03 19:00:00.000 UTC,3.5,3.48,3.48,3.49
2022-04-03 18:00:00.000 UTC,3.49,3.47,3.49,3.49
2022-04-03 17:00:00.000 UTC,3.51,3.49,3.5,3.49
2022-04-03 16:00:00.000 UTC,3.54,3.5,3.53,3.51
2022-04-03 15:00:00.000 UTC,3.54,3.52,3.52,3.53
2022-04-03 14:00:00.000 UTC,3.51,3.49,3.51,3.5
2022-04-03 13:00:00.000 UTC,3.54,3.51,3.53,3.52
2022-04-03 12:00:00.000 UTC,3.53,3.51,3.51,3.53
2022-04-03 11:00:00.000 UTC,3.52,3.49,3.5,3.51
2022-04-03 10:00:00.000 UTC,3.52,3.5,3.52,3.5
2022-04-03 09:00:00.000 UTC,3.52,3.48,3.49,3.52
2022-04-03 08:00:00.000 UTC,3.53,3.49,3.53,3.49
2022-04-03 07:00:00.000 UTC,3.54,3.51,3.54,3.52
2022-04-03 06:00:00.000 UTC,3.53,3.5,3.51,3.53
2022-04-03 05:00:00.000 UTC,3.51,3.5,3.5,3.5
2022-04-03 04:00:00.000 UTC,3.5,3.47,3.47,3.5
2022-04-03 03:00:00.000 UTC,3.47,3.44,3.44,3.46
2022-04-03 02:00:00.000 UTC,3.46,3.43,3.45,3.43
2022-04-03 01:00:00.000 UTC,3.5,3.4,3.5,3.43
2022-04-03 00:00:00.000 UTC,3.5,3.47,3.47,3.49
2022-04-02 23:00:00.000 UTC,3.52,3.45,3.52,3.45
2022-04-02 22:00:00.000 UTC,3.53,3.5,3.52,3.51
2022-04-02 21:00:00.000 UTC,3.51,3.49,3.51,3.51
2022-04-02 20:00:00.000 UTC,3.51,3.46,3.48,3.51
2022-04-02 19:00:00.000 UTC,3.49,3.46,3.46,3.48
2022-04-02 18:00:00.000 UTC,3.57,3.45,3.57,3.46
2022-04-02 17:00:00.000 UTC,3.58,3.55,3.55,3.57
2022-04-02 16:00:00.000 UTC,3.55,3.52,3.53,3.55
2022-04-02 15:00:00.000 UTC,3.6,3.51,3.6,3.51
2022-04-02 14:00:00.000 UTC,3.63,3.59,3.63,3.6
2022-04-02 13:00:00.000 UTC,3.65,3.62,3.63,3.63
2022-04-02 12:00:00.000 UTC,3.63,3.59,3.62,3.63
2022-04-02 11:00:00.000 UTC,3.63,3.61,3.63,3.62
2022-04-02 10:00:00.000 UTC,3.63,3.61,3.62,3.63
2022-04-02 09:00:00.000 UTC,3.62,3.61,3.61,3.62
2022-04-02 08:00:00.000 UTC,3.62,3.6,3.62,3.61
2022-04-02 07:00:00.000 UTC,3.64,3.61,3.61,3.64
2022-04-02 06:00:00.000 UTC,3.61,3.6,3.6,3.61
2022-04-02 05:00:00.000 UTC,3.63,3.61,3.62,3.61
2022-04-02 04:00:00.000 UTC,3.62,3.61,3.61,3.62
2022-04-02 03:00:00.000 UTC,3.63,3.61,3.62,3.61
2022-04-02 02:00:00.000 UTC,3.63,3.61,3.62,3.62
2022-04-02 01:00:00.000 UTC,3.63,3.59,3.61,3.63
2022-04-02 00:00:00.000 UTC,3.66,3.49,3.5,3.61
2022-04-01 23:00:00.000 UTC,3.52,3.5,3.51,3.51
2022-04-01 22:00:00.000 UTC,3.54,3.5,3.52,3.52
2022-04-01 21:00:00.000 UTC,3.53,3.51,3.51,3.52
2022-04-01 20:00:00.000 UTC,3.53,3.5,3.53,3.51
2022-04-01 19:00:00.000 UTC,3.53,3.51,3.53,3.53
2022-04-01 18:00:00.000 UTC,3.53,3.51,3.51,3.53
2022-04-01 17:00:00.000 UTC,3.51,3.46,3.46,3.5
2022-04-01 16:00:00.000 UTC,3.47,3.45,3.46,3.46
2022-04-01 15:00:00.000 UTC,3.47,3.45,3.45,3.46
2022-04-01 14:00:00.000 UTC,3.44,3.4,3.4,3.44
2022-04-01 13:00:00.000 UTC,3.42,3.37,3.37,3.4
2022-04-01 12:00:00.000 UTC,3.37,3.33,3.36,3.37
2022-04-01 11:00:00.000 UTC,3.39,3.36,3.39,3.36
2022-04-01 10:00:00.000 UTC,3.39,3.35,3.36,3.39
2022-04-01 09:00:00.000 UTC,3.39,3.36,3.38,3.36
2022-04-01 08:00:00.000 UTC,3.41,3.38,3.4,3.38
2022-04-01 07:00:00.000 UTC,3.39,3.35,3.35,3.39
2022-04-01 06:00:00.000 UTC,3.35,3.31,3.33,3.35
2022-04-01 05:00:00.000 UTC,3.35,3.33,3.34,3.34
2022-04-01 04:00:00.000 UTC,3.35,3.33,3.35,3.34
2022-04-01 03:00:00.000 UTC,3.35,3.27,3.27,3.34
2022-04-01 02:00:00.000 UTC,3.39,3.31,3.37,3.31
2022-04-01 01:00:00.000 UTC,3.46,3.37,3.46,3.37
2022-04-01 00:00:00.000 UTC,3.46,3.4,3.42,3.46
2022-03-31 23:00:00.000 UTC,3.44,3.39,3.44,3.41
2022-03-31 22:00:00.000 UTC,3.46,3.42,3.42,3.43
2022-03-31 21:00:00.000 UTC,3.44,3.43,3.43,3.43
2022-03-31 20:00:00.000 UTC,3.43,3.4,3.41,3.43
2022-03-31 19:00:00.000 UTC,3.48,3.41,3.48,3.42
2022-03-31 18:00:00.000 UTC,3.48,3.39,3.44,3.48
2022-03-31 17:00:00.000 UTC,3.47,3.41,3.43,3.47
2022-03-31 16:00:00.000 UTC,3.5,3.43,3.5,3.43
2022-03-31 15:00:00.000 UTC,3.54,3.49,3.54,3.49
2022-03-31 14:00:00.000 UTC,3.58,3.47,3.58,3.52
2022-03-31 13:00:00.000 UTC,3.66,3.6,3.65,3.6
2022-03-31 12:00:00.000 UTC,3.66,3.62,3.63,3.65
2022-03-31 11:00:00.000 UTC,3.69,3.63,3.69,3.65
2022-03-31 10:00:00.000 UTC,3.7,3.68,3.7,3.68
2022-03-31 09:00:00.000 UTC,3.7,3.67,3.68,3.69
2022-03-31 08:00:00.000 UTC,3.69,3.66,3.68,3.68
2022-03-31 07:00:00.000 UTC,3.68,3.65,3.68,3.68
2022-03-31 06:00:00.000 UTC,3.7,3.66,3.68,3.69
2022-03-31 05:00:00.000 UTC,3.69,3.65,3.66,3.69
2022-03-31 04:00:00.000 UTC,3.69,3.65,3.67,3.66
2022-03-31 03:00:00.000 UTC,3.77,3.67,3.77,3.68
2022-03-31 02:00:00.000 UTC,3.81,3.56,3.57,3.78
2022-03-31 01:00:00.000 UTC,3.57,3.54,3.55,3.57
2022-03-31 00:00:00.000 UTC,3.57,3.51,3.51,3.56
2022-03-30 23:00:00.000 UTC,3.53,3.51,3.51,3.51
2022-03-30 22:00:00.000 UTC,3.52,3.5,3.51,3.51
2022-03-30 21:00:00.000 UTC,3.55,3.51,3.54,3.52
2022-03-30 20:00:00.000 UTC,3.54,3.5,3.52,3.54
2022-03-30 19:00:00.000 UTC,3.52,3.5,3.52,3.51
2022-03-30 18:00:00.000 UTC,3.57,3.53,3.56,3.53
2022-03-30 17:00:00.000 UTC,3.56,3.53,3.54,3.56
2022-03-30 16:00:00.000 UTC,3.58,3.47,3.48,3.57
2022-03-30 15:00:00.000 UTC,3.47,3.43,3.46,3.47
2022-03-30 14:00:00.000 UTC,3.46,3.43,3.45,3.46
2022-03-30 13:00:00.000 UTC,3.5,3.44,3.49,3.44
2022-03-30 12:00:00.000 UTC,3.51,3.48,3.51,3.49
2022-03-30 11:00:00.000 UTC,3.52,3.5,3.51,3.5
2022-03-30 10:00:00.000 UTC,3.51,3.49,3.49,3.51
2022-03-30 09:00:00.000 UTC,3.51,3.48,3.51,3.49
2022-03-30 08:00:00.000 UTC,3.51,3.49,3.51,3.5
2022-03-30 07:00:00.000 UTC,3.51,3.49,3.5,3.51
2022-03-30 06:00:00.000 UTC,3.51,3.48,3.48,3.48
2022-03-30 05:00:00.000 UTC,3.48,3.45,3.46,3.47
2022-03-30 04:00:00.000 UTC,3.48,3.44,3.45,3.45
2022-03-30 03:00:00.000 UTC,3.45,3.43,3.43,3.44
2022-03-30 02:00:00.000 UTC,3.44,3.39,3.39,3.44
2022-03-30 01:00:00.000 UTC,3.46,3.38,3.46,3.38
2022-03-30 00:00:00.000 UTC,3.49,3.43,3.49,3.46
2022-03-29 23:00:00.000 UTC,3.49,3.47,3.47,3.49
2022-03-29 22:00:00.000 UTC,3.48,3.42,3.48,3.47
2022-03-29 21:00:00.000 UTC,3.53,3.48,3.52,3.48
2022-03-29 20:00:00.000 UTC,3.56,3.5,3.54,3.5
2022-03-29 19:00:00.000 UTC,3.55,3.51,3.51,3.54
2022-03-29 18:00:00.000 UTC,3.52,3.5,3.51,3.51
2022-03-29 17:00:00.000 UTC,3.51,3.47,3.51,3.51
2022-03-29 16:00:00.000 UTC,3.52,3.44,3.52,3.51
2022-03-29 15:00:00.000 UTC,3.6,3.52,3.6,3.53
2022-03-29 14:00:00.000 UTC,3.6,3.58,3.59,3.6
2022-03-29 13:00:00.000 UTC,3.62,3.58,3.61,3.58
2022-03-29 12:00:00.000 UTC,3.6,3.58,3.58,3.6
2022-03-29 11:00:00.000 UTC,3.58,3.56,3.57,3.58
2022-03-29 10:00:00.000 UTC,3.56,3.54,3.55,3.56
2022-03-29 09:00:00.000 UTC,3.59,3.53,3.57,3.53
2022-03-29 08:00:00.000 UTC,3.58,3.53,3.53,3.56
2022-03-29 07:00:00.000 UTC,3.56,3.53,3.56,3.53
2022-03-29 06:00:00.000 UTC,3.58,3.54,3.56,3.57
2022-03-29 05:00:00.000 UTC,3.57,3.55,3.56,3.56
2022-03-29 04:00:00.000 UTC,3.56,3.51,3.53,3.55
2022-03-29 03:00:00.000 UTC,3.53,3.51,3.53,3.53
2022-03-29 02:00:00.000 UTC,3.55,3.52,3.54,3.52
2022-03-29 01:00:00.000 UTC,3.54,3.5,3.51,3.54
2022-03-29 00:00:00.000 UTC,3.52,3.46,3.46,3.52
2022-03-28 23:00:00.000 UTC,3.56,3.44,3.55,3.44
2022-03-28 22:00:00.000 UTC,3.59,3.55,3.56,3.55
2022-03-28 21:00:00.000 UTC,3.65,3.54,3.64,3.55
2022-03-28 20:00:00.000 UTC,3.64,3.61,3.61,3.64
2022-03-28 19:00:00.000 UTC,3.66,3.61,3.65,3.61
2022-03-28 18:00:00.000 UTC,3.66,3.62,3.63,3.65
2022-03-28 17:00:00.000 UTC,3.64,3.6,3.63,3.64
2022-03-28 16:00:00.000 UTC,3.62,3.56,3.58,3.61
2022-03-28 15:00:00.000 UTC,3.67,3.61,3.65,3.61
2022-03-28 14:00:00.000 UTC,3.64,3.57,3.63,3.64
2022-03-28 13:00:00.000 UTC,3.62,3.6,3.6,3.62
2022-03-28 12:00:00.000 UTC,3.62,3.58,3.62,3.6
2022-03-28 11:00:00.000 UTC,3.64,3.62,3.63,3.62
2022-03-28 10:00:00.000 UTC,3.65,3.6,3.61,3.64
2022-03-28 09:00:00.000 UTC,3.6,3.58,3.58,3.6
2022-03-28 08:00:00.000 UTC,3.58,3.55,3.58,3.57
2022-03-28 07:00:00.000 UTC,3.58,3.56,3.56,3.58
2022-03-28 06:00:00.000 UTC,3.62,3.56,3.62,3.56
2022-03-28 05:00:00.000 UTC,3.61,3.57,3.57,3.61
2022-03-28 04:00:00.000 UTC,3.58,3.54,3.58,3.57
2022-03-28 03:00:00.000 UTC,3.57,3.53,3.54,3.57
2022-03-28 02:00:00.000 UTC,3.54,3.53,3.53,3.54
2022-03-28 01:00:00.000 UTC,3.55,3.52,3.55,3.53
2022-03-28 00:00:00.000 UTC,3.57,3.54,3.57,3.54
2022-03-27 23:00:00.000 UTC,3.57,3.52,3.53,3.57
2022-03-27 22:00:00.000 UTC,3.54,3.51,3.52,3.52
2022-03-27 21:00:00.000 UTC,3.54,3.47,3.48,3.54
2022-03-27 20:00:00.000 UTC,3.48,3.39,3.44,3.48
2022-03-27 19:00:00.000 UTC,3.45,3.39,3.39,3.44
2022-03-27 18:00:00.000 UTC,3.41,3.39,3.4,3.39
2022-03-27 17:00:00.000 UTC,3.4,3.35,3.4,3.4
2022-03-27 16:00:00.000 UTC,3.41,3.37,3.38,3.41
2022-03-27 15:00:00.000 UTC,3.38,3.32,3.35,3.38
2022-03-27 14:00:00.000 UTC,3.37,3.34,3.36,3.36
2022-03-27 13:00:00.000 UTC,3.36,3.31,3.31,3.36
2022-03-27 12:00:00.000 UTC,3.38,3.34,3.38,3.35
2022-03-27 11:00:00.000 UTC,3.39,3.38,3.39,3.38
2022-03-27 10:00:00.000 UTC,3.39,3.38,3.39,3.38
2022-03-27 09:00:00.000 UTC,3.39,3.37,3.39,3.39
2022-03-27 08:00:00.000 UTC,3.4,3.38,3.38,3.39
2022-03-27 07:00:00.000 UTC,3.4,3.38,3.38,3.38
2022-03-27 06:00:00.000 UTC,3.4,3.38,3.39,3.38
2022-03-27 05:00:00.000 UTC,3.39,3.36,3.38,3.39
2022-03-27 04:00:00.000 UTC,3.39,3.36,3.39,3.38
2022-03-27 03:00:00.000 UTC,3.4,3.39,3.39,3.39
2022-03-27 02:00:00.000 UTC,3.42,3.38,3.38,3.39
2022-03-27 01:00:00.000 UTC,3.4,3.37,3.4,3.37
2022-03-27 00:00:00.000 UTC,3.39,3.37,3.38,3.39
2022-03-26 23:00:00.000 UTC,3.4,3.37,3.38,3.4
2022-03-26 22:00:00.000 UTC,3.39,3.37,3.39,3.38
2022-03-26 21:00:00.000 UTC,3.39,3.37,3.39,3.39
2022-03-26 20:00:00.000 UTC,3.41,3.38,3.38,3.39
2022-03-26 19:00:00.000 UTC,3.39,3.36,3.39,3.38
2022-03-26 18:00:00.000 UTC,3.39,3.36,3.39,3.39
2022-03-26 17:00:00.000 UTC,3.39,3.37,3.38,3.38
2022-03-26 16:00:00.000 UTC,3.38,3.35,3.36,3.38
2022-03-26 15:00:00.000 UTC,3.36,3.34,3.34,3.36
2022-03-26 14:00:00.000 UTC,3.36,3.34,3.35,3.34
2022-03-26 13:00:00.000 UTC,3.35,3.34,3.35,3.35
2022-03-26 12:00:00.000 UTC,3.37,3.34,3.36,3.35
2022-03-26 11:00:00.000 UTC,3.37,3.36,3.37,3.37
2022-03-26 10:00:00.000 UTC,3.38,3.36,3.38,3.37
2022-03-26 09:00:00.000 UTC,3.39,3.37,3.39,3.37
2022-03-26 08:00:00.000 UTC,3.4,3.37,3.4,3.37
2022-03-26 07:00:00.000 UTC,3.39,3.36,3.37,3.39
2022-03-26 06:00:00.000 UTC,3.38,3.36,3.38,3.37
2022-03-26 05:00:00.000 UTC,3.38,3.36,3.37,3.38
2022-03-26 04:00:00.000 UTC,3.37,3.34,3.36,3.37
2022-03-26 03:00:00.000 UTC,3.36,3.34,3.34,3.36
2022-03-26 02:00:00.000 UTC,3.35,3.33,3.33,3.33
2022-03-26 01:00:00.000 UTC,3.34,3.31,3.33,3.33
2022-03-26 00:00:00.000 UTC,3.39,3.35,3.36,3.35
2022-03-25 23:00:00.000 UTC,3.38,3.35,3.37,3.36
2022-03-25 22:00:00.000 UTC,3.38,3.37,3.38,3.38
2022-03-25 21:00:00.000 UTC,3.38,3.36,3.38,3.38
2022-03-25 20:00:00.000 UTC,3.38,3.36,3.37,3.38
2022-03-25 19:00:00.000 UTC,3.39,3.34,3.39,3.36
2022-03-25 18:00:00.000 UTC,3.39,3.37,3.37,3.39
2022-03-25 17:00:00.000 UTC,3.39,3.35,3.39,3.36
2022-03-25 16:00:00.000 UTC,3.48,3.41,3.44,3.41
2022-03-25 15:00:00.000 UTC,3.57,3.44,3.57,3.44
2022-03-25 14:00:00.000 UTC,3.57,3.45,3.45,3.57
2022-03-25 13:00:00.000 UTC,3.45,3.42,3.44,3.44
2022-03-25 12:00:00.000 UTC,3.44,3.41,3.43,3.42
2022-03-25 11:00:00.000 UTC,3.44,3.39,3.39,3.44
2022-03-25 10:00:00.000 UTC,3.41,3.38,3.4,3.4
2022-03-25 09:00:00.000 UTC,3.4,3.37,3.38,3.39
2022-03-25 08:00:00.000 UTC,3.37,3.35,3.37,3.37
2022-03-25 07:00:00.000 UTC,3.42,3.37,3.41,3.37
2022-03-25 06:00:00.000 UTC,3.43,3.39,3.41,3.41
2022-03-25 05:00:00.000 UTC,3.42,3.41,3.41,3.41
2022-03-25 04:00:00.000 UTC,3.42,3.39,3.41,3.42
2022-03-25 03:00:00.000 UTC,3.41,3.38,3.39,3.41
2022-03-25 02:00:00.000 UTC,3.42,3.38,3.42,3.39
2022-03-25 01:00:00.000 UTC,3.43,3.39,3.41,3.42
2022-03-25 00:00:00.000 UTC,3.44,3.38,3.44,3.39
2022-03-24 23:00:00.000 UTC,3.45,3.41,3.44,3.44
2022-03-24 22:00:00.000 UTC,3.45,3.39,3.39,3.44
2022-03-24 21:00:00.000 UTC,3.4,3.36,3.39,3.39
2022-03-24 20:00:00.000 UTC,3.4,3.38,3.39,3.4
2022-03-24 19:00:00.000 UTC,3.4,3.38,3.38,3.39
2022-03-24 18:00:00.000 UTC,3.4,3.36,3.37,3.4
2022-03-24 17:00:00.000 UTC,3.41,3.37,3.39,3.4
2022-03-24 16:00:00.000 UTC,3.39,3.37,3.38,3.38
2022-03-24 15:00:00.000 UTC,3.4,3.35,3.37,3.4
2022-03-24 14:00:00.000 UTC,3.36,3.33,3.33,3.36
2022-03-24 13:00:00.000 UTC,3.35,3.31,3.32,3.33
2022-03-24 12:00:00.000 UTC,3.38,3.32,3.37,3.32
2022-03-24 11:00:00.000 UTC,3.4,3.37,3.38,3.37
2022-03-24 10:00:00.000 UTC,3.39,3.35,3.37,3.38
2022-03-24 09:00:00.000 UTC,3.41,3.36,3.39,3.36
2022-03-24 08:00:00.000 UTC,3.4,3.37,3.39,3.39
2022-03-24 07:00:00.000 UTC,3.41,3.38,3.38,3.39
2022-03-24 06:00:00.000 UTC,3.39,3.37,3.37,3.38
2022-03-24 05:00:00.000 UTC,3.38,3.36,3.37,3.38
2022-03-24 04:00:00.000 UTC,3.38,3.35,3.35,3.38
2022-03-24 03:00:00.000 UTC,3.41,3.36,3.41,3.36
2022-03-24 02:00:00.000 UTC,3.43,3.4,3.4,3.41
2022-03-24 01:00:00.000 UTC,3.48,3.38,3.47,3.39
2022-03-24 00:00:00.000 UTC,3.48,3.29,3.29,3.46
2022-03-23 23:00:00.000 UTC,3.31,3.25,3.26,3.3
2022-03-23 22:00:00.000 UTC,3.25,3.22,3.22,3.25
2022-03-23 21:00:00.000 UTC,3.23,3.21,3.23,3.23
2022-03-23 20:00:00.000 UTC,3.25,3.23,3.23,3.23
2022-03-23 19:00:00.000 UTC,3.24,3.21,3.21,3.23
2022-03-23 18:00:00.000 UTC,3.23,3.21,3.21,3.22
2022-03-23 17:00:00.000 UTC,3.27,3.2,3.27,3.2
2022-03-23 16:00:00.000 UTC,3.33,3.25,3.28,3.28
2022-03-23 15:00:00.000 UTC,3.25,3.21,3.21,3.25
2022-03-23 14:00:00.000 UTC,3.2,3.19,3.19,3.2
2022-03-23 13:00:00.000 UTC,3.22,3.19,3.19,3.19
2022-03-23 12:00:00.000 UTC,3.2,3.17,3.18,3.19
2022-03-23 11:00:00.000 UTC,3.18,3.17,3.18,3.18
2022-03-23 10:00:00.000 UTC,3.19,3.18,3.18,3.18
2022-03-23 09:00:00.000 UTC,3.19,3.17,3.19,3.18
2022-03-23 08:00:00.000 UTC,3.19,3.17,3.18,3.19
2022-03-23 07:00:00.000 UTC,3.2,3.18,3.2,3.18
2022-03-23 06:00:00.000 UTC,3.21,3.19,3.21,3.2
2022-03-23 05:00:00.000 UTC,3.21,3.17,3.18,3.21
2022-03-23 04:00:00.000 UTC,3.18,3.16,3.16,3.18
2022-03-23 03:00:00.000 UTC,3.21,3.17,3.19,3.17
2022-03-23 02:00:00.000 UTC,3.17,3.11,3.11,3.16
2022-03-23 01:00:00.000 UTC,3.11,3.08,3.11,3.11
2022-03-23 00:00:00.000 UTC,3.13,3.1,3.13,3.11
2022-03-22 23:00:00.000 UTC,3.14,3.12,3.14,3.13
2022-03-22 22:00:00.000 UTC,3.15,3.14,3.15,3.14
2022-03-22 21:00:00.000 UTC,3.15,3.14,3.14,3.15
2022-03-22 20:00:00.000 UTC,3.14,3.13,3.13,3.14
2022-03-22 19:00:00.000 UTC,3.15,3.14,3.14,3.15
2022-03-22 18:00:00.000 UTC,3.15,3.13,3.15,3.14
2022-03-22 17:00:00.000 UTC,3.15,3.13,3.13,3.15
2022-03-22 16:00:00.000 UTC,3.16,3.13,3.15,3.13
2022-03-22 15:00:00.000 UTC,3.17,3.15,3.16,3.15
2022-03-22 14:00:00.000 UTC,3.18,3.15,3.15,3.17
2022-03-22 13:00:00.000 UTC,3.16,3.15,3.15,3.15
2022-03-22 12:00:00.000 UTC,3.16,3.14,3.16,3.15
2022-03-22 11:00:00.000 UTC,3.17,3.16,3.16,3.16
2022-03-22 10:00:00.000 UTC,3.17,3.16,3.17,3.16
2022-03-22 09:00:00.000 UTC,3.16,3.14,3.15,3.16
2022-03-22 08:00:00.000 UTC,3.16,3.12,3.13,3.16
2022-03-22 07:00:00.000 UTC,3.13,3.12,3.12,3.13
2022-03-22 06:00:00.000 UTC,3.15,3.11,3.15,3.12
2022-03-22 05:00:00.000 UTC,3.17,3.15,3.16,3.15
2022-03-22 04:00:00.000 UTC,3.17,3.14,3.14,3.15
2022-03-22 03:00:00.000 UTC,3.15,3.11,3.11,3.14
2022-03-22 02:00:00.000 UTC,3.12,3.09,3.09,3.12
2022-03-22 01:00:00.000 UTC,3.09,3.07,3.08,3.09
2022-03-22 00:00:00.000 UTC,3.08,3.07,3.08,3.08
2022-03-21 23:00:00.000 UTC,3.1,3.08,3.09,3.08
2022-03-21 22:00:00.000 UTC,3.11,3.09,3.09,3.1
2022-03-21 21:00:00.000 UTC,3.09,3.08,3.08,3.09
2022-03-21 20:00:00.000 UTC,3.1,3.08,3.09,3.08
2022-03-21 19:00:00.000 UTC,3.08,3.07,3.07,3.08
2022-03-21 18:00:00.000 UTC,3.12,3.08,3.12,3.08
2022-03-21 17:00:00.000 UTC,3.12,3.05,3.05,3.1
2022-03-21 16:00:00.000 UTC,3.1,3.07,3.1,3.07
2022-03-21 15:00:00.000 UTC,3.11,3.09,3.1,3.1
2022-03-21 14:00:00.000 UTC,3.1,3.08,3.1,3.09
2022-03-21 13:00:00.000 UTC,3.13,3.09,3.09,3.1
2022-03-21 12:00:00.000 UTC,3.1,3.07,3.1,3.08
2022-03-21 11:00:00.000 UTC,3.12,3.1,3.11,3.11
2022-03-21 10:00:00.000 UTC,3.12,3.1,3.11,3.1
2022-03-21 09:00:00.000 UTC,3.11,3.08,3.09,3.11
2022-03-21 08:00:00.000 UTC,3.1,3.09,3.09,3.1
2022-03-21 07:00:00.000 UTC,3.09,3.07,3.07,3.08
2022-03-21 06:00:00.000 UTC,3.08,3.07,3.08,3.07
2022-03-21 05:00:00.000 UTC,3.07,3.04,3.05,3.07
2022-03-21 04:00:00.000 UTC,3.05,3.03,3.05,3.05
2022-03-21 03:00:00.000 UTC,3.05,3.03,3.05,3.05
2022-03-21 02:00:00.000 UTC,3.07,3.03,3.06,3.04
2022-03-21 01:00:00.000 UTC,3.11,3.05,3.1,3.06
2022-03-21 00:00:00.000 UTC,3.12,3.08,3.1,3.1
2022-03-20 23:00:00.000 UTC,3.12,3.09,3.12,3.1
2022-03-20 22:00:00.000 UTC,3.12,3.1,3.12,3.11
2022-03-20 21:00:00.000 UTC,3.12,3.1,3.1,3.12
2022-03-20 20:00:00.000 UTC,3.13,3.1,3.11,3.1
2022-03-20 19:00:00.000 UTC,3.12,3.1,3.1,3.12
2022-03-20 18:00:00.000 UTC,3.1,3.08,3.08,3.09
2022-03-20 17:00:00.000 UTC,3.12,3.08,3.11,3.08
2022-03-20 16:00:00.000 UTC,3.12,3.1,3.11,3.11
2022-03-20 15:00:00.000 UTC,3.13,3.11,3.11,3.11
2022-03-20 14:00:00.000 UTC,3.14,3.11,3.12,3.12
2022-03-20 13:00:00.000 UTC,3.13,3.11,3.13,3.11
2022-03-20 12:00:00.000 UTC,3.14,3.11,3.14,3.13
2022-03-20 11:00:00.000 UTC,3.16,3.13,3.16,3.14
2022-03-20 10:00:00.000 UTC,3.16,3.14,3.15,3.16
2022-03-20 09:00:00.000 UTC,3.18,3.14,3.18,3.15
2022-03-20 08:00:00.000 UTC,3.19,3.18,3.19,3.18
2022-03-20 07:00:00.000 UTC,3.2,3.19,3.19,3.19
2022-03-20 06:00:00.000 UTC,3.2,3.18,3.18,3.19
2022-03-20 05:00:00.000 UTC,3.18,3.17,3.17,3.18
2022-03-20 04:00:00.000 UTC,3.18,3.17,3.18,3.18
2022-03-20 03:00:00.000 UTC,3.18,3.16,3.16,3.18
2022-03-20 02:00:00.000 UTC,3.19,3.16,3.18,3.16
2022-03-20 01:00:00.000 UTC,3.19,3.16,3.18,3.18
2022-03-20 00:00:00.000 UTC,3.23,3.18,3.23,3.18
2022-03-19 23:00:00.000 UTC,3.24,3.21,3.22,3.23
2022-03-19 22:00:00.000 UTC,3.23,3.2,3.23,3.22
2022-03-19 21:00:00.000 UTC,3.25,3.23,3.24,3.25
2022-03-19 20:00:00.000 UTC,3.24,3.21,3.22,3.24
2022-03-19 19:00:00.000 UTC,3.25,3.22,3.25,3.23
2022-03-19 18:00:00.000 UTC,3.26,3.23,3.25,3.24
2022-03-19 17:00:00.000 UTC,3.28,3.24,3.28,3.24
2022-03-19 16:00:00.000 UTC,3.27,3.2,3.22,3.27
2022-03-19 15:00:00.000 UTC,3.24,3.21,3.24,3.22
2022-03-19 14:00:00.000 UTC,3.24,3.19,3.2,3.24
2022-03-19 13:00:00.000 UTC,3.25,3.21,3.25,3.21
2022-03-19 12:00:00.000 UTC,3.25,3.19,3.2,3.25
2022-03-19 11:00:00.000 UTC,3.22,3.17,3.17,3.21
2022-03-19 10:00:00.000 UTC,3.19,3.17,3.18,3.18
2022-03-19 09:00:00.000 UTC,3.19,3.16,3.16,3.19
2022-03-19 08:00:00.000 UTC,3.16,3.14,3.15,3.16
2022-03-19 07:00:00.000 UTC,3.16,3.14,3.15,3.15
2022-03-19 06:00:00.000 UTC,3.15,3.14,3.15,3.15
2022-03-19 05:00:00.000 UTC,3.16,3.14,3.16,3.15
2022-03-19 04:00:00.000 UTC,3.17,3.16,3.16,3.17
2022-03-19 03:00:00.000 UTC,3.18,3.15,3.18,3.15
2022-03-19 02:00:00.000 UTC,3.18,3.17,3.18,3.18
2022-03-19 01:00:00.000 UTC,3.2,3.18,3.2,3.18
2022-03-19 00:00:00.000 UTC,3.22,3.19,3.21,3.21
2022-03-18 23:00:00.000 UTC,3.24,3.15,3.15,3.21
2022-03-18 22:00:00.000 UTC,3.18,3.15,3.16,3.15
2022-03-18 21:00:00.000 UTC,3.16,3.15,3.16,3.16
2022-03-18 20:00:00.000 UTC,3.19,3.15,3.19,3.15
2022-03-18 19:00:00.000 UTC,3.17,3.14,3.15,3.17
2022-03-18 18:00:00.000 UTC,3.16,3.14,3.15,3.15
2022-03-18 17:00:00.000 UTC,3.19,3.14,3.17,3.14
2022-03-18 16:00:00.000 UTC,3.17,3.13,3.13,3.17
2022-03-18 15:00:00.000 UTC,3.13,3.08,3.08,3.13
2022-03-18 14:00:00.000 UTC,3.11,3.07,3.07,3.09
2022-03-18 13:00:00.000 UTC,3.09,3.04,3.05,3.09
2022-03-18 12:00:00.000 UTC,3.08,3.04,3.04,3.05
2022-03-18 11:00:00.000 UTC,3.05,3.03,3.05,3.04
2022-03-18 10:00:00.000 UTC,3.1,3.07,3.07,3.1
2022-03-18 09:00:00.000 UTC,3.1,3.08,3.09,3.08
2022-03-18 08:00:00.000 UTC,3.12,3.09,3.09,3.1
2022-03-18 07:00:00.000 UTC,3.13,3.1,3.13,3.1
2022-03-18 06:00:00.000 UTC,3.15,3.13,3.13,3.13
2022-03-18 05:00:00.000 UTC,3.13,3.12,3.12,3.13
2022-03-18 04:00:00.000 UTC,3.11,3.08,3.08,3.11
2022-03-18 03:00:00.000 UTC,3.11,3.09,3.1,3.09
2022-03-18 02:00:00.000 UTC,3.13,3.09,3.12,3.1
2022-03-18 01:00:00.000 UTC,3.14,3.12,3.12,3.13
2022-03-18 00:00:00.000 UTC,3.22,3.14,3.22,3.14
2022-03-17 23:00:00.000 UTC,3.27,3.23,3.27,3.23
2022-03-17 22:00:00.000 UTC,3.27,3.22,3.23,3.27
2022-03-17 21:00:00.000 UTC,3.24,3.21,3.22,3.24
2022-03-17 20:00:00.000 UTC,3.24,3.21,3.23,3.22
2022-03-17 19:00:00.000 UTC,3.23,3.2,3.2,3.22
2022-03-17 18:00:00.000 UTC,3.23,3.21,3.21,3.21
2022-03-17 17:00:00.000 UTC,3.22,3.19,3.22,3.19
2022-03-17 16:00:00.000 UTC,3.22,3.19,3.19,3.21
2022-03-17 15:00:00.000 UTC,3.2,3.18,3.18,3.19
2022-03-17 14:00:00.000 UTC,3.22,3.18,3.21,3.18
2022-03-17 13:00:00.000 UTC,3.24,3.2,3.22,3.21
2022-03-17 12:00:00.000 UTC,3.25,3.18,3.18,3.23
2022-03-17 11:00:00.000 UTC,3.19,3.17,3.18,3.18
2022-03-17 10:00:00.000 UTC,3.18,3.15,3.16,3.18
2022-03-17 09:00:00.000 UTC,3.24,3.16,3.24,3.16
2022-03-17 08:00:00.000 UTC,3.24,3.22,3.23,3.23
2022-03-17 07:00:00.000 UTC,3.25,3.2,3.21,3.22
2022-03-17 06:00:00.000 UTC,3.23,3.19,3.19,3.2
2022-03-17 05:00:00.000 UTC,3.2,3.19,3.2,3.19
2022-03-17 04:00:00.000 UTC,3.23,3.17,3.23,3.19
2022-03-17 03:00:00.000 UTC,3.24,3.21,3.24,3.23
2022-03-17 02:00:00.000 UTC,3.26,3.21,3.26,3.25
2022-03-17 01:00:00.000 UTC,3.27,3.2,3.27,3.25
2022-03-17 00:00:00.000 UTC,3.35,3.25,3.25,3.29
2022-03-16 23:00:00.000 UTC,3.22,3.17,3.18,3.22
2022-03-16 22:00:00.000 UTC,3.17,3.11,3.11,3.17
2022-03-16 21:00:00.000 UTC,3.13,3.09,3.1,3.11
2022-03-16 20:00:00.000 UTC,3.11,3.08,3.08,3.1
2022-03-16 19:00:00.000 UTC,3.07,3.04,3.06,3.07
2022-03-16 18:00:00.000 UTC,3.05,2.93,2.94,3.04
2022-03-16 17:00:00.000 UTC,2.95,2.94,2.95,2.94
2022-03-16 16:00:00.000 UTC,2.96,2.92,2.96,2.95
2022-03-16 15:00:00.000 UTC,2.99,2.96,2.99,2.96
2022-03-16 14:00:00.000 UTC,3,2.94,2.94,2.99
2022-03-16 13:00:00.000 UTC,2.94,2.9,2.91,2.94
2022-03-16 12:00:00.000 UTC,2.94,2.92,2.92,2.93
2022-03-16 11:00:00.000 UTC,2.93,2.89,2.9,2.92
2022-03-16 10:00:00.000 UTC,2.95,2.91,2.95,2.91
2022-03-16 09:00:00.000 UTC,2.98,2.94,2.94,2.95
2022-03-16 08:00:00.000 UTC,2.96,2.91,2.96,2.94
2022-03-16 07:00:00.000 UTC,2.93,2.83,2.84,2.93
2022-03-16 06:00:00.000 UTC,2.85,2.72,2.72,2.85
2022-03-16 05:00:00.000 UTC,2.72,2.7,2.72,2.72
2022-03-16 04:00:00.000 UTC,2.72,2.7,2.72,2.72
2022-03-16 03:00:00.000 UTC,2.78,2.72,2.78,2.72
2022-03-16 02:00:00.000 UTC,2.79,2.76,2.76,2.79
2022-03-16 01:00:00.000 UTC,2.77,2.73,2.73,2.77
2022-03-16 00:00:00.000 UTC,2.74,2.73,2.73,2.74
2022-03-15 23:00:00.000 UTC,2.75,2.73,2.74,2.73
2022-03-15 22:00:00.000 UTC,2.76,2.74,2.75,2.74
2022-03-15 21:00:00.000 UTC,2.75,2.72,2.73,2.75
2022-03-15 20:00:00.000 UTC,2.75,2.73,2.74,2.73
2022-03-15 19:00:00.000 UTC,2.75,2.73,2.74,2.74
2022-03-15 18:00:00.000 UTC,2.74,2.72,2.72,2.74
2022-03-15 17:00:00.000 UTC,2.72,2.71,2.72,2.72
2022-03-15 16:00:00.000 UTC,2.73,2.72,2.72,2.72
2022-03-15 15:00:00.000 UTC,2.73,2.71,2.71,2.73
2022-03-15 14:00:00.000 UTC,2.71,2.7,2.7,2.71
2022-03-15 13:00:00.000 UTC,2.71,2.68,2.71,2.7
2022-03-15 12:00:00.000 UTC,2.71,2.69,2.7,2.71
2022-03-15 11:00:00.000 UTC,2.7,2.69,2.7,2.69
2022-03-15 10:00:00.000 UTC,2.7,2.69,2.69,2.7
2022-03-15 09:00:00.000 UTC,2.7,2.68,2.69,2.69
2022-03-15 08:00:00.000 UTC,2.69,2.69,2.69,2.69
2022-03-15 07:00:00.000 UTC,2.71,2.68,2.71,2.69
2022-03-15 06:00:00.000 UTC,2.73,2.71,2.72,2.72
2022-03-15 05:00:00.000 UTC,2.72,2.7,2.71,2.71
2022-03-15 04:00:00.000 UTC,2.71,2.71,2.71,2.71
2022-03-15 03:00:00.000 UTC,2.72,2.71,2.72,2.71
2022-03-15 02:00:00.000 UTC,2.73,2.72,2.72,2.72
2022-03-15 01:00:00.000 UTC,2.76,2.72,2.76,2.72
2022-03-15 00:00:00.000 UTC,2.76,2.73,2.75,2.75
2022-03-14 23:00:00.000 UTC,2.75,2.74,2.74,2.75
2022-03-14 22:00:00.000 UTC,2.74,2.72,2.72,2.74
2022-03-14 21:00:00.000 UTC,2.72,2.71,2.71,2.71
2022-03-14 20:00:00.000 UTC,2.73,2.71,2.71,2.71
2022-03-14 19:00:00.000 UTC,2.71,2.69,2.69,2.7
2022-03-14 18:00:00.000 UTC,2.72,2.69,2.72,2.69
2022-03-14 17:00:00.000 UTC,2.74,2.71,2.74,2.72
2022-03-14 16:00:00.000 UTC,2.75,2.74,2.74,2.75
2022-03-14 15:00:00.000 UTC,2.75,2.74,2.75,2.74
2022-03-14 14:00:00.000 UTC,2.75,2.74,2.74,2.75
2022-03-14 13:00:00.000 UTC,2.74,2.73,2.73,2.74
2022-03-14 12:00:00.000 UTC,2.75,2.73,2.75,2.73
2022-03-14 11:00:00.000 UTC,2.76,2.75,2.76,2.75
2022-03-14 10:00:00.000 UTC,2.77,2.76,2.77,2.76
2022-03-14 09:00:00.000 UTC,2.78,2.76,2.77,2.78
2022-03-14 08:00:00.000 UTC,2.78,2.76,2.76,2.77
2022-03-14 07:00:00.000 UTC,2.76,2.75,2.75,2.76
2022-03-14 06:00:00.000 UTC,2.76,2.74,2.74,2.75
2022-03-14 05:00:00.000 UTC,2.74,2.74,2.74,2.74
2022-03-14 04:00:00.000 UTC,2.76,2.73,2.73,2.74
2022-03-14 03:00:00.000 UTC,2.73,2.72,2.72,2.72
2022-03-14 02:00:00.000 UTC,2.73,2.72,2.73,2.72
2022-03-14 01:00:00.000 UTC,2.74,2.71,2.72,2.73
2022-03-14 00:00:00.000 UTC,2.74,2.71,2.74,2.71
2022-03-13 23:00:00.000 UTC,2.74,2.73,2.73,2.74
2022-03-13 22:00:00.000 UTC,2.81,2.73,2.81,2.73
2022-03-13 21:00:00.000 UTC,2.81,2.8,2.8,2.81
2022-03-13 20:00:00.000 UTC,2.81,2.79,2.8,2.8
2022-03-13 19:00:00.000 UTC,2.82,2.8,2.81,2.8
2022-03-13 18:00:00.000 UTC,2.81,2.8,2.81,2.81
2022-03-13 17:00:00.000 UTC,2.81,2.8,2.81,2.81
2022-03-13 16:00:00.000 UTC,2.81,2.8,2.81,2.81
2022-03-13 15:00:00.000 UTC,2.82,2.81,2.81,2.81
2022-03-13 14:00:00.000 UTC,2.81,2.8,2.8,2.81
2022-03-13 13:00:00.000 UTC,2.82,2.8,2.8,2.8
2022-03-13 12:00:00.000 UTC,2.84,2.79,2.84,2.79
2022-03-13 11:00:00.000 UTC,2.85,2.83,2.84,2.84
2022-03-13 10:00:00.000 UTC,2.85,2.84,2.84,2.84
2022-03-13 09:00:00.000 UTC,2.87,2.84,2.86,2.84
2022-03-13 08:00:00.000 UTC,2.87,2.86,2.87,2.86
2022-03-13 07:00:00.000 UTC,2.89,2.87,2.88,2.87
2022-03-13 06:00:00.000 UTC,2.88,2.87,2.87,2.88
2022-03-13 05:00:00.000 UTC,2.88,2.86,2.87,2.87
2022-03-13 04:00:00.000 UTC,2.9,2.87,2.89,2.87
2022-03-13 03:00:00.000 UTC,2.93,2.89,2.93,2.89
2022-03-13 02:00:00.000 UTC,2.94,2.86,2.86,2.92
2022-03-13 01:00:00.000 UTC,2.85,2.8,2.8,2.85
2022-03-13 00:00:00.000 UTC,2.8,2.79,2.79,2.79
2022-03-12 23:00:00.000 UTC,2.81,2.8,2.8,2.8
2022-03-12 22:00:00.000 UTC,2.8,2.8,2.8,2.8
2022-03-12 21:00:00.000 UTC,2.8,2.8,2.8,2.8
2022-03-12 20:00:00.000 UTC,2.8,2.79,2.79,2.8
2022-03-12 19:00:00.000 UTC,2.8,2.79,2.79,2.79
2022-03-12 18:00:00.000 UTC,2.8,2.79,2.8,2.79
2022-03-12 17:00:00.000 UTC,2.8,2.79,2.79,2.8
2022-03-12 16:00:00.000 UTC,2.81,2.8,2.8,2.8
2022-03-12 15:00:00.000 UTC,2.8,2.79,2.79,2.8
2022-03-12 14:00:00.000 UTC,2.8,2.79,2.8,2.79
2022-03-12 13:00:00.000 UTC,2.81,2.8,2.81,2.8
2022-03-12 12:00:00.000 UTC,2.81,2.8,2.81,2.8
2022-03-12 11:00:00.000 UTC,2.82,2.81,2.82,2.81
2022-03-12 10:00:00.000 UTC,2.82,2.81,2.81,2.81
2022-03-12 09:00:00.000 UTC,2.82,2.81,2.81,2.81
2022-03-12 08:00:00.000 UTC,2.81,2.8,2.81,2.81
2022-03-12 07:00:00.000 UTC,2.82,2.81,2.82,2.81
2022-03-12 06:00:00.000 UTC,2.83,2.82,2.83,2.82
2022-03-12 05:00:00.000 UTC,2.83,2.81,2.81,2.82
2022-03-12 04:00:00.000 UTC,2.83,2.81,2.81,2.82
2022-03-12 03:00:00.000 UTC,2.82,2.81,2.81,2.82
2022-03-12 02:00:00.000 UTC,2.83,2.81,2.82,2.81
2022-03-12 01:00:00.000 UTC,2.83,2.81,2.83,2.82
2022-03-12 00:00:00.000 UTC,2.83,2.79,2.79,2.83
2022-03-11 23:00:00.000 UTC,2.81,2.79,2.8,2.79
2022-03-11 22:00:00.000 UTC,2.81,2.8,2.8,2.81
2022-03-11 21:00:00.000 UTC,2.8,2.77,2.77,2.8
2022-03-11 20:00:00.000 UTC,2.8,2.77,2.79,2.77
2022-03-11 19:00:00.000 UTC,2.81,2.79,2.79,2.81
2022-03-11 18:00:00.000 UTC,2.8,2.78,2.78,2.79
2022-03-11 17:00:00.000 UTC,2.79,2.77,2.79,2.79
2022-03-11 16:00:00.000 UTC,2.81,2.78,2.81,2.78
2022-03-11 15:00:00.000 UTC,2.81,2.8,2.81,2.8
2022-03-11 14:00:00.000 UTC,2.83,2.81,2.82,2.81
2022-03-11 13:00:00.000 UTC,2.85,2.81,2.85,2.82
2022-03-11 12:00:00.000 UTC,2.86,2.84,2.85,2.85
2022-03-11 11:00:00.000 UTC,2.85,2.8,2.81,2.84
2022-03-11 10:00:00.000 UTC,2.82,2.81,2.81,2.82
2022-03-11 09:00:00.000 UTC,2.82,2.81,2.82,2.81
2022-03-11 08:00:00.000 UTC,2.84,2.82,2.83,2.82
2022-03-11 07:00:00.000 UTC,2.83,2.81,2.81,2.83
2022-03-11 06:00:00.000 UTC,2.81,2.8,2.81,2.81
2022-03-11 05:00:00.000 UTC,2.81,2.78,2.78,2.81
2022-03-11 04:00:00.000 UTC,2.8,2.78,2.8,2.78
2022-03-11 03:00:00.000 UTC,2.8,2.77,2.78,2.8
2022-03-11 02:00:00.000 UTC,2.8,2.77,2.8,2.78
2022-03-11 01:00:00.000 UTC,2.83,2.8,2.83,2.8
2022-03-11 00:00:00.000 UTC,2.84,2.83,2.84,2.83
2022-03-10 23:00:00.000 UTC,2.86,2.84,2.86,2.84
2022-03-10 22:00:00.000 UTC,2.85,2.83,2.85,2.85
2022-03-10 21:00:00.000 UTC,2.86,2.83,2.85,2.84
2022-03-10 20:00:00.000 UTC,2.85,2.82,2.84,2.85
2022-03-10 19:00:00.000 UTC,2.84,2.82,2.82,2.84
2022-03-10 18:00:00.000 UTC,2.83,2.8,2.82,2.83
2022-03-10 17:00:00.000 UTC,2.83,2.8,2.82,2.81
2022-03-10 16:00:00.000 UTC,2.82,2.8,2.81,2.81
2022-03-10 15:00:00.000 UTC,2.85,2.82,2.83,2.83
2022-03-10 14:00:00.000 UTC,2.83,2.8,2.8,2.83
2022-03-10 13:00:00.000 UTC,2.86,2.77,2.83,2.81
2022-03-10 12:00:00.000 UTC,2.83,2.81,2.82,2.81
2022-03-10 11:00:00.000 UTC,2.82,2.81,2.81,2.81
2022-03-10 10:00:00.000 UTC,2.83,2.8,2.83,2.8
2022-03-10 09:00:00.000 UTC,2.83,2.82,2.83,2.82
2022-03-10 08:00:00.000 UTC,2.82,2.79,2.81,2.82
2022-03-10 07:00:00.000 UTC,2.83,2.81,2.81,2.82
2022-03-10 06:00:00.000 UTC,2.82,2.8,2.82,2.81
2022-03-10 05:00:00.000 UTC,2.82,2.8,2.82,2.8
2022-03-10 04:00:00.000 UTC,2.89,2.83,2.89,2.83
2022-03-10 03:00:00.000 UTC,2.89,2.88,2.88,2.89
2022-03-10 02:00:00.000 UTC,2.9,2.88,2.89,2.9
2022-03-10 01:00:00.000 UTC,2.95,2.89,2.95,2.89
2022-03-10 00:00:00.000 UTC,2.99,2.95,2.97,2.95
2022-03-09 23:00:00.000 UTC,2.97,2.95,2.95,2.97
2022-03-09 22:00:00.000 UTC,2.96,2.95,2.95,2.95
2022-03-09 21:00:00.000 UTC,2.95,2.93,2.94,2.95
2022-03-09 20:00:00.000 UTC,2.95,2.93,2.95,2.93
2022-03-09 19:00:00.000 UTC,2.95,2.93,2.95,2.95
2022-03-09 18:00:00.000 UTC,2.98,2.94,2.98,2.95
2022-03-09 17:00:00.000 UTC,2.98,2.97,2.97,2.98
2022-03-09 16:00:00.000 UTC,2.99,2.97,2.99,2.97
2022-03-09 15:00:00.000 UTC,2.98,2.96,2.96,2.98
2022-03-09 14:00:00.000 UTC,2.96,2.94,2.94,2.95
2022-03-09 13:00:00.000 UTC,2.96,2.93,2.95,2.93
2022-03-09 12:00:00.000 UTC,2.99,2.95,2.97,2.96
2022-03-09 11:00:00.000 UTC,2.99,2.97,2.98,2.97
2022-03-09 10:00:00.000 UTC,2.98,2.97,2.98,2.97
2022-03-09 09:00:00.000 UTC,3,2.99,3,2.99
2022-03-09 08:00:00.000 UTC,3,2.97,3,3
2022-03-09 07:00:00.000 UTC,3,2.98,2.98,3
2022-03-09 06:00:00.000 UTC,2.98,2.94,2.94,2.98
2022-03-09 05:00:00.000 UTC,2.96,2.94,2.95,2.94
2022-03-09 04:00:00.000 UTC,2.97,2.94,2.95,2.95
2022-03-09 03:00:00.000 UTC,2.96,2.86,2.87,2.96
2022-03-09 02:00:00.000 UTC,2.89,2.88,2.88,2.88
2022-03-09 01:00:00.000 UTC,2.89,2.86,2.86,2.89
2022-03-09 00:00:00.000 UTC,2.86,2.83,2.83,2.86
2022-03-08 23:00:00.000 UTC,2.83,2.81,2.81,2.83
2022-03-08 22:00:00.000 UTC,2.82,2.81,2.81,2.82
2022-03-08 21:00:00.000 UTC,2.83,2.81,2.83,2.81
2022-03-08 20:00:00.000 UTC,2.86,2.82,2.85,2.83
2022-03-08 19:00:00.000 UTC,2.86,2.82,2.83,2.85
2022-03-08 18:00:00.000 UTC,2.89,2.84,2.84,2.84
2022-03-08 17:00:00.000 UTC,2.84,2.81,2.81,2.84
2022-03-08 16:00:00.000 UTC,2.84,2.81,2.83,2.82
2022-03-08 15:00:00.000 UTC,2.83,2.81,2.83,2.82
2022-03-08 14:00:00.000 UTC,2.85,2.82,2.84,2.83
2022-03-08 13:00:00.000 UTC,2.84,2.82,2.84,2.84
2022-03-08 12:00:00.000 UTC,2.86,2.83,2.85,2.83
2022-03-08 11:00:00.000 UTC,2.87,2.84,2.87,2.85
2022-03-08 10:00:00.000 UTC,2.87,2.84,2.86,2.87
2022-03-08 09:00:00.000 UTC,2.86,2.84,2.85,2.86
2022-03-08 08:00:00.000 UTC,2.86,2.83,2.84,2.84
2022-03-08 07:00:00.000 UTC,2.84,2.8,2.81,2.83
2022-03-08 06:00:00.000 UTC,2.84,2.8,2.83,2.81
2022-03-08 05:00:00.000 UTC,2.84,2.82,2.83,2.83
2022-03-08 04:00:00.000 UTC,2.86,2.83,2.85,2.83
2022-03-08 03:00:00.000 UTC,2.86,2.84,2.86,2.85
2022-03-08 02:00:00.000 UTC,2.87,2.82,2.83,2.86
2022-03-08 01:00:00.000 UTC,2.86,2.82,2.84,2.83
2022-03-08 00:00:00.000 UTC,2.86,2.78,2.79,2.86
2022-03-07 23:00:00.000 UTC,2.82,2.79,2.81,2.79
2022-03-07 22:00:00.000 UTC,2.84,2.77,2.77,2.82
2022-03-07 21:00:00.000 UTC,2.81,2.76,2.76,2.8
2022-03-07 20:00:00.000 UTC,2.77,2.73,2.75,2.76
2022-03-07 19:00:00.000 UTC,2.84,2.75,2.84,2.75
2022-03-07 18:00:00.000 UTC,2.88,2.83,2.88,2.84
2022-03-07 17:00:00.000 UTC,2.89,2.88,2.89,2.89
2022-03-07 16:00:00.000 UTC,2.93,2.89,2.92,2.9
2022-03-07 15:00:00.000 UTC,2.92,2.89,2.91,2.91
2022-03-07 14:00:00.000 UTC,2.95,2.91,2.91,2.91
2022-03-07 13:00:00.000 UTC,2.92,2.86,2.86,2.91
2022-03-07 12:00:00.000 UTC,2.88,2.86,2.86,2.87
2022-03-07 11:00:00.000 UTC,2.86,2.83,2.83,2.86
2022-03-07 10:00:00.000 UTC,2.85,2.83,2.84,2.84
2022-03-07 09:00:00.000 UTC,2.85,2.81,2.81,2.84
2022-03-07 08:00:00.000 UTC,2.81,2.79,2.8,2.81
2022-03-07 07:00:00.000 UTC,2.83,2.79,2.83,2.79
2022-03-07 06:00:00.000 UTC,2.83,2.81,2.82,2.83
2022-03-07 05:00:00.000 UTC,2.82,2.79,2.79,2.82
2022-03-07 04:00:00.000 UTC,2.79,2.78,2.79,2.79
2022-03-07 03:00:00.000 UTC,2.82,2.77,2.82,2.79
2022-03-07 02:00:00.000 UTC,2.85,2.82,2.85,2.82
2022-03-07 01:00:00.000 UTC,2.86,2.83,2.83,2.86
2022-03-07 00:00:00.000 UTC,2.87,2.82,2.87,2.83
2022-03-06 23:00:00.000 UTC,2.93,2.85,2.92,2.85
2022-03-06 22:00:00.000 UTC,2.95,2.91,2.91,2.92
2022-03-06 21:00:00.000 UTC,2.94,2.91,2.91,2.93
2022-03-06 20:00:00.000 UTC,2.92,2.9,2.91,2.91
2022-03-06 19:00:00.000 UTC,2.94,2.92,2.94,2.92
2022-03-06 18:00:00.000 UTC,2.96,2.94,2.94,2.94
2022-03-06 17:00:00.000 UTC,2.96,2.93,2.96,2.94
2022-03-06 16:00:00.000 UTC,2.96,2.93,2.94,2.96
2022-03-06 15:00:00.000 UTC,2.94,2.92,2.94,2.92
2022-03-06 14:00:00.000 UTC,2.96,2.93,2.96,2.94
2022-03-06 13:00:00.000 UTC,2.96,2.93,2.95,2.96
2022-03-06 12:00:00.000 UTC,2.96,2.91,2.95,2.93
2022-03-06 11:00:00.000 UTC,2.95,2.91,2.94,2.95
2022-03-06 10:00:00.000 UTC,2.95,2.92,2.95,2.94
2022-03-06 09:00:00.000 UTC,2.99,2.95,2.99,2.96
2022-03-06 08:00:00.000 UTC,2.99,2.98,2.98,2.99
2022-03-06 07:00:00.000 UTC,3,2.98,3,2.98
2022-03-06 06:00:00.000 UTC,3.01,2.99,3,2.99
2022-03-06 05:00:00.000 UTC,3,2.99,2.99,3
2022-03-06 04:00:00.000 UTC,3.01,2.98,3.01,3.01
2022-03-06 03:00:00.000 UTC,3.03,3,3.03,3
2022-03-06 02:00:00.000 UTC,3.04,3.02,3.02,3.04
2022-03-06 01:00:00.000 UTC,3.06,3.02,3.06,3.02
2022-03-06 00:00:00.000 UTC,3.07,3.01,3.03,3.06
2022-03-05 23:00:00.000 UTC,3.03,3.02,3.02,3.03
2022-03-05 22:00:00.000 UTC,3.02,3,3.02,3.02
2022-03-05 21:00:00.000 UTC,3.03,3.02,3.02,3.02
2022-03-05 20:00:00.000 UTC,3.04,3.02,3.02,3.02
2022-03-05 19:00:00.000 UTC,3.02,3,3.02,3.01
2022-03-05 18:00:00.000 UTC,3.03,3,3.03,3.01
2022-03-05 17:00:00.000 UTC,3.04,3.02,3.03,3.03
2022-03-05 16:00:00.000 UTC,3.05,2.99,3,3.04
2022-03-05 15:00:00.000 UTC,3.01,2.98,2.99,2.98
2022-03-05 14:00:00.000 UTC,3.01,2.98,2.99,2.99
2022-03-05 13:00:00.000 UTC,3.02,2.98,3.02,2.99
2022-03-05 12:00:00.000 UTC,3.02,2.99,2.99,3
2022-03-05 11:00:00.000 UTC,3,2.99,2.99,2.99
2022-03-05 10:00:00.000 UTC,3.01,2.98,3,3.01
2022-03-05 09:00:00.000 UTC,3.03,3,3,3
2022-03-05 08:00:00.000 UTC,3.03,2.99,3,3.02
2022-03-05 07:00:00.000 UTC,3.01,2.97,2.98,2.99
2022-03-05 06:00:00.000 UTC,3.01,2.96,2.96,2.98
2022-03-05 05:00:00.000 UTC,2.96,2.94,2.94,2.95
2022-03-05 04:00:00.000 UTC,2.98,2.95,2.97,2.96
2022-03-05 03:00:00.000 UTC,3,2.91,2.91,2.97
2022-03-05 02:00:00.000 UTC,2.93,2.9,2.9,2.91
2022-03-05 01:00:00.000 UTC,2.9,2.89,2.89,2.89
2022-03-05 00:00:00.000 UTC,2.92,2.88,2.92,2.89
2022-03-04 23:00:00.000 UTC,2.92,2.9,2.91,2.91
2022-03-04 22:00:00.000 UTC,2.94,2.88,2.93,2.9
2022-03-04 21:00:00.000 UTC,2.95,2.92,2.92,2.93
2022-03-04 20:00:00.000 UTC,2.94,2.92,2.93,2.93
2022-03-04 19:00:00.000 UTC,3.01,2.93,3.01,2.94
2022-03-04 18:00:00.000 UTC,3.04,3.01,3.02,3.02
2022-03-04 17:00:00.000 UTC,3.05,3.02,3.03,3.03
2022-03-04 16:00:00.000 UTC,3.04,3,3.01,3.03
2022-03-04 15:00:00.000 UTC,3.03,3.01,3.03,3.02
2022-03-04 14:00:00.000 UTC,3.06,3.01,3.06,3.01
2022-03-04 13:00:00.000 UTC,3.09,3.06,3.06,3.06
2022-03-04 12:00:00.000 UTC,3.09,3.06,3.09,3.07
2022-03-04 11:00:00.000 UTC,3.1,3.08,3.08,3.1
2022-03-04 10:00:00.000 UTC,3.09,3.05,3.05,3.07
2022-03-04 09:00:00.000 UTC,3.07,3.05,3.06,3.05
2022-03-04 08:00:00.000 UTC,3.08,3.03,3.04,3.06
2022-03-04 07:00:00.000 UTC,3.06,3.03,3.04,3.04
2022-03-04 06:00:00.000 UTC,3.06,3.02,3.02,3.04
2022-03-04 05:00:00.000 UTC,3.04,3.02,3.04,3.02
2022-03-04 04:00:00.000 UTC,3.03,3,3.03,3.03
2022-03-04 03:00:00.000 UTC,3.03,3.01,3.02,3.02
2022-03-04 02:00:00.000 UTC,3.03,3.01,3.03,3.02
2022-03-04 01:00:00.000 UTC,3.06,3.01,3.05,3.02
2022-03-04 00:00:00.000 UTC,3.16,3.06,3.16,3.06
2022-03-03 23:00:00.000 UTC,3.17,3.14,3.14,3.15
2022-03-03 22:00:00.000 UTC,3.16,3.12,3.12,3.15
2022-03-03 21:00:00.000 UTC,3.13,3.1,3.1,3.1
2022-03-03 20:00:00.000 UTC,3.13,3.09,3.1,3.09
2022-03-03 19:00:00.000 UTC,3.13,3.11,3.12,3.11
2022-03-03 18:00:00.000 UTC,3.13,3.1,3.11,3.11
2022-03-03 17:00:00.000 UTC,3.13,3.08,3.13,3.11
2022-03-03 16:00:00.000 UTC,3.15,3.13,3.14,3.13
2022-03-03 15:00:00.000 UTC,3.21,3.12,3.21,3.14
2022-03-03 14:00:00.000 UTC,3.28,3.21,3.27,3.21
2022-03-03 13:00:00.000 UTC,3.27,3.25,3.26,3.26
2022-03-03 12:00:00.000 UTC,3.25,3.22,3.23,3.25
2022-03-03 11:00:00.000 UTC,3.25,3.22,3.22,3.23
2022-03-03 10:00:00.000 UTC,3.22,3.19,3.2,3.22
2022-03-03 09:00:00.000 UTC,3.21,3.2,3.21,3.2
2022-03-03 08:00:00.000 UTC,3.22,3.2,3.21,3.2
2022-03-03 07:00:00.000 UTC,3.23,3.2,3.22,3.2
2022-03-03 06:00:00.000 UTC,3.21,3.17,3.19,3.21
2022-03-03 05:00:00.000 UTC,3.21,3.19,3.19,3.2
2022-03-03 04:00:00.000 UTC,3.2,3.18,3.19,3.18
2022-03-03 03:00:00.000 UTC,3.23,3.18,3.23,3.19
2022-03-03 02:00:00.000 UTC,3.25,3.21,3.25,3.22
2022-03-03 01:00:00.000 UTC,3.3,3.24,3.3,3.24
2022-03-03 00:00:00.000 UTC,3.31,3.27,3.3,3.29
2022-03-02 23:00:00.000 UTC,3.31,3.29,3.3,3.3
2022-03-02 22:00:00.000 UTC,3.32,3.3,3.31,3.3
2022-03-02 21:00:00.000 UTC,3.3,3.27,3.29,3.3
2022-03-02 20:00:00.000 UTC,3.28,3.26,3.28,3.27
2022-03-02 19:00:00.000 UTC,3.29,3.26,3.26,3.29
2022-03-02 18:00:00.000 UTC,3.3,3.26,3.28,3.26
2022-03-02 17:00:00.000 UTC,3.32,3.28,3.3,3.28
2022-03-02 16:00:00.000 UTC,3.32,3.29,3.29,3.3
2022-03-02 15:00:00.000 UTC,3.37,3.29,3.36,3.29
2022-03-02 14:00:00.000 UTC,3.37,3.27,3.27,3.35
2022-03-02 13:00:00.000 UTC,3.37,3.25,3.37,3.27
2022-03-02 12:00:00.000 UTC,3.4,3.35,3.35,3.37
2022-03-02 11:00:00.000 UTC,3.35,3.33,3.35,3.35
2022-03-02 10:00:00.000 UTC,3.35,3.3,3.3,3.35
2022-03-02 09:00:00.000 UTC,3.31,3.28,3.28,3.3
2022-03-02 08:00:00.000 UTC,3.31,3.27,3.29,3.29
2022-03-02 07:00:00.000 UTC,3.3,3.27,3.3,3.29
2022-03-02 06:00:00.000 UTC,3.37,3.31,3.37,3.31
2022-03-02 05:00:00.000 UTC,3.37,3.35,3.35,3.37
2022-03-02 04:00:00.000 UTC,3.4,3.36,3.4,3.36
2022-03-02 03:00:00.000 UTC,3.43,3.32,3.33,3.43
2022-03-02 02:00:00.000 UTC,3.34,3.32,3.33,3.32
2022-03-02 01:00:00.000 UTC,3.36,3.29,3.31,3.33
2022-03-02 00:00:00.000 UTC,3.37,3.27,3.37,3.31
2022-03-01 23:00:00.000 UTC,3.37,3.34,3.36,3.37
2022-03-01 22:00:00.000 UTC,3.36,3.3,3.3,3.35
2022-03-01 21:00:00.000 UTC,3.38,3.29,3.35,3.3
2022-03-01 20:00:00.000 UTC,3.34,3.31,3.31,3.34
2022-03-01 19:00:00.000 UTC,3.34,3.3,3.34,3.3
2022-03-01 18:00:00.000 UTC,3.34,3.25,3.27,3.34
2022-03-01 17:00:00.000 UTC,3.27,3.2,3.2,3.26
2022-03-01 16:00:00.000 UTC,3.25,3.2,3.24,3.2
2022-03-01 15:00:00.000 UTC,3.27,3.23,3.27,3.24
2022-03-01 14:00:00.000 UTC,3.37,3.26,3.34,3.26
2022-03-01 13:00:00.000 UTC,3.34,3.21,3.21,3.34
2022-03-01 12:00:00.000 UTC,3.24,3.18,3.18,3.21
2022-03-01 11:00:00.000 UTC,3.2,3.17,3.19,3.17
2022-03-01 10:00:00.000 UTC,3.19,3.14,3.16,3.19
2022-03-01 09:00:00.000 UTC,3.22,3.16,3.22,3.19
2022-03-01 08:00:00.000 UTC,3.21,3.18,3.21,3.21
2022-03-01 07:00:00.000 UTC,3.21,3.18,3.2,3.2
2022-03-01 06:00:00.000 UTC,3.2,3.16,3.18,3.2
2022-03-01 05:00:00.000 UTC,3.21,3.17,3.21,3.18
2022-03-01 04:00:00.000 UTC,3.21,3.16,3.17,3.21
2022-03-01 03:00:00.000 UTC,3.17,3.15,3.17,3.16
2022-03-01 02:00:00.000 UTC,3.19,3.16,3.19,3.17
2022-03-01 01:00:00.000 UTC,3.26,3.19,3.26,3.22
2022-03-01 00:00:00.000 UTC,3.28,3.22,3.22,3.26
2022-02-28 23:00:00.000 UTC,3.22,3.16,3.16,3.22
2022-02-28 22:00:00.000 UTC,3.19,3.1,3.1,3.17
2022-02-28 21:00:00.000 UTC,3.11,3.08,3.11,3.1
2022-02-28 20:00:00.000 UTC,3.1,3.05,3.05,3.1
2022-02-28 19:00:00.000 UTC,3.08,3.06,3.08,3.07
2022-02-28 18:00:00.000 UTC,3.09,3.06,3.08,3.08
2022-02-28 17:00:00.000 UTC,3.08,3.06,3.08,3.06
2022-02-28 16:00:00.000 UTC,3.12,3.07,3.09,3.07
2022-02-28 15:00:00.000 UTC,3.08,3.02,3.02,3.08
2022-02-28 14:00:00.000 UTC,3.02,2.89,2.89,3.02
2022-02-28 13:00:00.000 UTC,2.93,2.9,2.93,2.92
2022-02-28 12:00:00.000 UTC,2.95,2.93,2.95,2.94
2022-02-28 11:00:00.000 UTC,2.93,2.91,2.92,2.93
2022-02-28 10:00:00.000 UTC,2.95,2.92,2.94,2.92
2022-02-28 09:00:00.000 UTC,2.96,2.93,2.94,2.96
2022-02-28 08:00:00.000 UTC,2.99,2.93,2.97,2.93
2022-02-28 07:00:00.000 UTC,2.97,2.91,2.91,2.95
2022-02-28 06:00:00.000 UTC,2.94,2.89,2.89,2.94
2022-02-28 05:00:00.000 UTC,2.92,2.87,2.88,2.89
2022-02-28 04:00:00.000 UTC,2.92,2.87,2.88,2.88
2022-02-28 03:00:00.000 UTC,2.9,2.86,2.86,2.88
2022-02-28 02:00:00.000 UTC,2.93,2.88,2.93,2.89
2022-02-28 01:00:00.000 UTC,2.95,2.85,2.85,2.91
2022-02-28 00:00:00.000 UTC,2.92,2.85,2.9,2.85
2022-02-27 23:00:00.000 UTC,2.93,2.88,2.93,2.91
2022-02-27 22:00:00.000 UTC,2.93,2.91,2.91,2.91
2022-02-27 21:00:00.000 UTC,2.97,2.88,2.95,2.97
2022-02-27 20:00:00.000 UTC,2.93,2.9,2.93,2.93
2022-02-27 19:00:00.000 UTC,3.03,2.93,3.03,2.93
2022-02-27 18:00:00.000 UTC,3.04,3.02,3.02,3.03
2022-02-27 17:00:00.000 UTC,3.04,3.02,3.03,3.02
2022-02-27 16:00:00.000 UTC,3.08,3.02,3.06,3.05
2022-02-27 15:00:00.000 UTC,3.09,3.01,3.01,3.08
2022-02-27 14:00:00.000 UTC,3.07,3.02,3.07,3.02
2022-02-27 13:00:00.000 UTC,3.14,3.04,3.13,3.06
2022-02-27 12:00:00.000 UTC,3.15,3.09,3.1,3.15
2022-02-27 11:00:00.000 UTC,3.12,3.06,3.07,3.12
2022-02-27 10:00:00.000 UTC,3.09,3.03,3.03,3.09
2022-02-27 09:00:00.000 UTC,3.02,2.99,2.99,3.02
2022-02-27 08:00:00.000 UTC,3.01,2.98,3.01,2.99
2022-02-27 07:00:00.000 UTC,3.02,3,3.01,3.01
2022-02-27 06:00:00.000 UTC,3.01,2.97,2.97,3.01
2022-02-27 05:00:00.000 UTC,2.99,2.96,2.96,2.98
2022-02-27 04:00:00.000 UTC,2.99,2.96,2.97,2.98
2022-02-27 03:00:00.000 UTC,3.02,2.97,2.98,2.97
2022-02-27 02:00:00.000 UTC,2.98,2.95,2.97,2.98
2022-02-27 01:00:00.000 UTC,3.02,2.96,3,2.96
2022-02-27 00:00:00.000 UTC,3.11,3,3.09,3.01
2022-02-26 23:00:00.000 UTC,3.11,3.08,3.1,3.08
2022-02-26 22:00:00.000 UTC,3.15,3.11,3.13,3.11
2022-02-26 21:00:00.000 UTC,3.14,3.11,3.12,3.12
2022-02-26 20:00:00.000 UTC,3.13,3.11,3.11,3.13
2022-02-26 19:00:00.000 UTC,3.13,3.08,3.08,3.11
2022-02-26 18:00:00.000 UTC,3.12,3.08,3.12,3.08
2022-02-26 17:00:00.000 UTC,3.13,3.11,3.12,3.13
2022-02-26 16:00:00.000 UTC,3.15,3.11,3.15,3.12
2022-02-26 15:00:00.000 UTC,3.16,3.13,3.13,3.15
2022-02-26 14:00:00.000 UTC,3.13,3.11,3.12,3.11
2022-02-26 13:00:00.000 UTC,3.13,3.1,3.11,3.12
2022-02-26 12:00:00.000 UTC,3.14,3.09,3.12,3.1
2022-02-26 11:00:00.000 UTC,3.15,3.12,3.12,3.15
2022-02-26 10:00:00.000 UTC,3.16,3.11,3.11,3.12
2022-02-26 09:00:00.000 UTC,3.15,3.11,3.11,3.11
2022-02-26 08:00:00.000 UTC,3.18,3.14,3.14,3.14
2022-02-26 07:00:00.000 UTC,3.17,3.11,3.14,3.17
2022-02-26 06:00:00.000 UTC,3.19,3.14,3.15,3.15
2022-02-26 05:00:00.000 UTC,3.22,3.14,3.22,3.16
2022-02-26 04:00:00.000 UTC,3.22,3.19,3.2,3.22
2022-02-26 03:00:00.000 UTC,3.22,3.19,3.2,3.22
2022-02-26 02:00:00.000 UTC,3.24,3.2,3.2,3.2
2022-02-26 01:00:00.000 UTC,3.24,3.2,3.24,3.2
2022-02-26 00:00:00.000 UTC,3.26,3.17,3.17,3.24
2022-02-25 23:00:00.000 UTC,3.2,3.14,3.14,3.19
2022-02-25 22:00:00.000 UTC,3.14,3.09,3.1,3.14
2022-02-25 21:00:00.000 UTC,3.12,3.08,3.11,3.09
2022-02-25 20:00:00.000 UTC,3.12,3.05,3.07,3.12
2022-02-25 19:00:00.000 UTC,3.09,3.04,3.06,3.04
2022-02-25 18:00:00.000 UTC,3.1,3.05,3.1,3.06
2022-02-25 17:00:00.000 UTC,3.13,3.07,3.12,3.09
2022-02-25 16:00:00.000 UTC,3.15,3.1,3.13,3.1
2022-02-25 15:00:00.000 UTC,3.11,3.05,3.1,3.09
2022-02-25 14:00:00.000 UTC,3.14,3.09,3.13,3.11
2022-02-25 13:00:00.000 UTC,3.17,3.1,3.12,3.13
2022-02-25 12:00:00.000 UTC,3.1,3.03,3.06,3.1
2022-02-25 11:00:00.000 UTC,3.03,2.95,2.99,3.02
2022-02-25 10:00:00.000 UTC,3,2.97,2.99,2.97
2022-02-25 09:00:00.000 UTC,3,2.93,3,2.96
2022-02-25 08:00:00.000 UTC,3.01,2.96,3.01,2.99
2022-02-25 07:00:00.000 UTC,3.05,3.02,3.04,3.04
2022-02-25 06:00:00.000 UTC,3.05,3,3.01,3.04
2022-02-25 05:00:00.000 UTC,3.03,2.98,3.02,2.99
2022-02-25 04:00:00.000 UTC,3.06,3.02,3.05,3.03
2022-02-25 03:00:00.000 UTC,3.08,3.02,3.08,3.06
2022-02-25 02:00:00.000 UTC,3.1,3.06,3.07,3.1
2022-02-25 01:00:00.000 UTC,3.08,3.02,3.02,3.06
2022-02-25 00:00:00.000 UTC,3.1,3,3.04,3
2022-02-24 23:00:00.000 UTC,3.04,2.96,2.96,3.04
2022-02-24 22:00:00.000 UTC,3.05,2.96,3.04,2.96
2022-02-24 21:00:00.000 UTC,3.04,2.99,3.02,3.04
2022-02-24 20:00:00.000 UTC,3.09,2.98,2.98,3.02
2022-02-24 19:00:00.000 UTC,2.96,2.89,2.9,2.96
2022-02-24 18:00:00.000 UTC,2.91,2.8,2.82,2.91
2022-02-24 17:00:00.000 UTC,2.86,2.81,2.86,2.82
2022-02-24 16:00:00.000 UTC,2.9,2.83,2.85,2.83
2022-02-24 15:00:00.000 UTC,2.84,2.75,2.76,2.84
2022-02-24 14:00:00.000 UTC,2.77,2.7,2.74,2.77
2022-02-24 13:00:00.000 UTC,2.74,2.69,2.7,2.74
2022-02-24 12:00:00.000 UTC,2.72,2.68,2.71,2.69
2022-02-24 11:00:00.000 UTC,2.73,2.67,2.69,2.72
2022-02-24 10:00:00.000 UTC,2.74,2.68,2.72,2.7
2022-02-24 09:00:00.000 UTC,2.77,2.73,2.73,2.73
2022-02-24 08:00:00.000 UTC,2.78,2.71,2.75,2.74
2022-02-24 07:00:00.000 UTC,2.8,2.68,2.71,2.76
2022-02-24 06:00:00.000 UTC,2.75,2.69,2.69,2.72
2022-02-24 05:00:00.000 UTC,2.78,2.66,2.78,2.68
2022-02-24 04:00:00.000 UTC,2.8,2.74,2.8,2.77
2022-02-24 03:00:00.000 UTC,2.93,2.79,2.93,2.79
2022-02-24 02:00:00.000 UTC,3.01,2.97,2.98,2.98
2022-02-24 01:00:00.000 UTC,2.99,2.95,2.95,2.97
2022-02-24 00:00:00.000 UTC,3.03,2.96,3.02,2.96
2022-02-23 23:00:00.000 UTC,3.1,3,3.06,3.02
2022-02-23 22:00:00.000 UTC,3.06,3.03,3.06,3.05
2022-02-23 21:00:00.000 UTC,3.13,3.06,3.07,3.09
2022-02-23 20:00:00.000 UTC,3.1,3.05,3.09,3.08
2022-02-23 19:00:00.000 UTC,3.11,3.08,3.11,3.09
2022-02-23 18:00:00.000 UTC,3.14,3.1,3.14,3.11
2022-02-23 17:00:00.000 UTC,3.21,3.14,3.17,3.14
2022-02-23 16:00:00.000 UTC,3.19,3.13,3.15,3.17
2022-02-23 15:00:00.000 UTC,3.21,3.15,3.21,3.15
2022-02-23 14:00:00.000 UTC,3.24,3.2,3.24,3.21
2022-02-23 13:00:00.000 UTC,3.27,3.24,3.27,3.26
2022-02-23 12:00:00.000 UTC,3.27,3.23,3.26,3.27
2022-02-23 11:00:00.000 UTC,3.27,3.24,3.26,3.26
2022-02-23 10:00:00.000 UTC,3.28,3.26,3.27,3.28
2022-02-23 09:00:00.000 UTC,3.3,3.26,3.26,3.27
2022-02-23 08:00:00.000 UTC,3.3,3.2,3.2,3.28
2022-02-23 07:00:00.000 UTC,3.21,3.17,3.19,3.21
2022-02-23 06:00:00.000 UTC,3.2,3.17,3.2,3.17
2022-02-23 05:00:00.000 UTC,3.22,3.16,3.18,3.17
2022-02-23 04:00:00.000 UTC,3.18,3.15,3.15,3.17
2022-02-23 03:00:00.000 UTC,3.17,3.13,3.14,3.14
2022-02-23 02:00:00.000 UTC,3.21,3.15,3.18,3.15
2022-02-23 01:00:00.000 UTC,3.22,3.16,3.2,3.17
2022-02-23 00:00:00.000 UTC,3.27,3.16,3.16,3.21
2022-02-22 23:00:00.000 UTC,3.18,3.07,3.07,3.18
2022-02-22 22:00:00.000 UTC,3.12,3.06,3.12,3.1
2022-02-22 21:00:00.000 UTC,3.11,3.07,3.07,3.08
2022-02-22 20:00:00.000 UTC,3.13,3.06,3.1,3.06
2022-02-22 19:00:00.000 UTC,3.11,3.06,3.09,3.1
2022-02-22 18:00:00.000 UTC,3.1,3.06,3.09,3.09
2022-02-22 17:00:00.000 UTC,3.13,3.08,3.13,3.1
2022-02-22 16:00:00.000 UTC,3.16,3.07,3.12,3.12
2022-02-22 15:00:00.000 UTC,3.18,3.11,3.18,3.13
2022-02-22 14:00:00.000 UTC,3.18,3.08,3.11,3.18
2022-02-22 13:00:00.000 UTC,3.1,3.06,3.08,3.08
2022-02-22 12:00:00.000 UTC,3.11,3.06,3.11,3.08
2022-02-22 11:00:00.000 UTC,3.12,3.06,3.11,3.12
2022-02-22 10:00:00.000 UTC,3.16,3.04,3.06,3.13
2022-02-22 09:00:00.000 UTC,3.08,3.02,3.08,3.07
2022-02-22 08:00:00.000 UTC,3.01,2.95,2.99,3.01
2022-02-22 07:00:00.000 UTC,3.01,2.93,2.96,3.01
2022-02-22 06:00:00.000 UTC,3,2.9,2.9,2.94
2022-02-22 05:00:00.000 UTC,2.97,2.87,2.87,2.95
2022-02-22 04:00:00.000 UTC,2.9,2.86,2.86,2.9
2022-02-22 03:00:00.000 UTC,2.92,2.84,2.91,2.86
2022-02-22 02:00:00.000 UTC,2.94,2.9,2.93,2.91
2022-02-22 01:00:00.000 UTC,2.98,2.9,2.95,2.95
2022-02-22 00:00:00.000 UTC,2.97,2.91,2.91,2.94
2022-02-21 23:00:00.000 UTC,2.99,2.91,2.99,2.93
2022-02-21 22:00:00.000 UTC,3.02,2.98,3.02,3
2022-02-21 21:00:00.000 UTC,3.11,3.02,3.1,3.02
2022-02-21 20:00:00.000 UTC,3.13,3.07,3.11,3.1
2022-02-21 19:00:00.000 UTC,3.14,3.09,3.14,3.11
2022-02-21 18:00:00.000 UTC,3.19,3.08,3.15,3.15
2022-02-21 17:00:00.000 UTC,3.22,3.16,3.22,3.18
2022-02-21 16:00:00.000 UTC,3.23,3.2,3.21,3.2
2022-02-21 15:00:00.000 UTC,3.3,3.23,3.24,3.25
2022-02-21 14:00:00.000 UTC,3.27,3.11,3.11,3.25
2022-02-21 13:00:00.000 UTC,3.14,3.1,3.1,3.14
2022-02-21 12:00:00.000 UTC,3.16,3.12,3.16,3.13
2022-02-21 11:00:00.000 UTC,3.28,3.18,3.27,3.19
2022-02-21 10:00:00.000 UTC,3.34,3.26,3.34,3.26
2022-02-21 09:00:00.000 UTC,3.36,3.33,3.36,3.36
2022-02-21 08:00:00.000 UTC,3.42,3.35,3.4,3.35
2022-02-21 07:00:00.000 UTC,3.42,3.35,3.36,3.39
2022-02-21 06:00:00.000 UTC,3.36,3.33,3.33,3.36
2022-02-21 05:00:00.000 UTC,3.36,3.33,3.34,3.33
2022-02-21 04:00:00.000 UTC,3.36,3.29,3.31,3.36
2022-02-21 03:00:00.000 UTC,3.35,3.31,3.35,3.31
2022-02-21 02:00:00.000 UTC,3.38,3.33,3.38,3.33
2022-02-21 01:00:00.000 UTC,3.38,3.26,3.29,3.37
2022-02-21 00:00:00.000 UTC,3.21,3.17,3.2,3.21
2022-02-20 23:00:00.000 UTC,3.3,3.23,3.3,3.24
2022-02-20 22:00:00.000 UTC,3.28,3.18,3.22,3.28
2022-02-20 21:00:00.000 UTC,3.21,3.16,3.19,3.17
2022-02-20 20:00:00.000 UTC,3.21,3.17,3.19,3.19
2022-02-20 19:00:00.000 UTC,3.26,3.19,3.26,3.19
2022-02-20 18:00:00.000 UTC,3.23,3.2,3.23,3.22
2022-02-20 17:00:00.000 UTC,3.24,3.21,3.22,3.24
2022-02-20 16:00:00.000 UTC,3.26,3.22,3.22,3.22
2022-02-20 15:00:00.000 UTC,3.23,3.2,3.2,3.22
2022-02-20 14:00:00.000 UTC,3.24,3.19,3.24,3.19
2022-02-20 13:00:00.000 UTC,3.28,3.24,3.27,3.24
2022-02-20 12:00:00.000 UTC,3.3,3.27,3.28,3.28
2022-02-20 11:00:00.000 UTC,3.29,3.26,3.29,3.28
2022-02-20 10:00:00.000 UTC,3.3,3.26,3.26,3.29
2022-02-20 09:00:00.000 UTC,3.28,3.24,3.24,3.26
2022-02-20 08:00:00.000 UTC,3.32,3.24,3.3,3.25
2022-02-20 07:00:00.000 UTC,3.3,3.27,3.28,3.3
2022-02-20 06:00:00.000 UTC,3.29,3.27,3.29,3.29
2022-02-20 05:00:00.000 UTC,3.36,3.3,3.34,3.3
2022-02-20 04:00:00.000 UTC,3.4,3.35,3.38,3.35
2022-02-20 03:00:00.000 UTC,3.45,3.38,3.45,3.38
2022-02-20 02:00:00.000 UTC,3.48,3.43,3.46,3.46
2022-02-20 01:00:00.000 UTC,3.47,3.44,3.45,3.46
2022-02-20 00:00:00.000 UTC,3.51,3.48,3.51,3.48
2022-02-19 23:00:00.000 UTC,3.52,3.47,3.48,3.51
2022-02-19 22:00:00.000 UTC,3.48,3.44,3.45,3.48
2022-02-19 21:00:00.000 UTC,3.46,3.44,3.46,3.45
2022-02-19 20:00:00.000 UTC,3.47,3.45,3.47,3.46
2022-02-19 19:00:00.000 UTC,3.51,3.47,3.51,3.47
2022-02-19 18:00:00.000 UTC,3.51,3.49,3.51,3.49
2022-02-19 17:00:00.000 UTC,3.52,3.49,3.5,3.5
2022-02-19 16:00:00.000 UTC,3.57,3.49,3.5,3.51
2022-02-19 15:00:00.000 UTC,3.5,3.49,3.5,3.5
2022-02-19 14:00:00.000 UTC,3.51,3.48,3.5,3.49
2022-02-19 13:00:00.000 UTC,3.5,3.44,3.47,3.5
2022-02-19 12:00:00.000 UTC,3.5,3.45,3.46,3.46
2022-02-19 11:00:00.000 UTC,3.53,3.46,3.53,3.46
2022-02-19 10:00:00.000 UTC,3.55,3.5,3.55,3.52
2022-02-19 09:00:00.000 UTC,3.6,3.54,3.59,3.55
2022-02-19 08:00:00.000 UTC,3.67,3.62,3.62,3.62
2022-02-19 07:00:00.000 UTC,3.63,3.62,3.63,3.62
2022-02-19 06:00:00.000 UTC,3.65,3.6,3.6,3.63
2022-02-19 05:00:00.000 UTC,3.62,3.59,3.59,3.59
2022-02-19 04:00:00.000 UTC,3.6,3.58,3.6,3.59
2022-02-19 03:00:00.000 UTC,3.62,3.58,3.61,3.58
2022-02-19 02:00:00.000 UTC,3.63,3.6,3.63,3.61
2022-02-19 01:00:00.000 UTC,3.65,3.62,3.63,3.64
2022-02-19 00:00:00.000 UTC,3.64,3.6,3.6,3.64
2022-02-18 23:00:00.000 UTC,3.62,3.6,3.6,3.61
2022-02-18 22:00:00.000 UTC,3.62,3.58,3.62,3.6
2022-02-18 21:00:00.000 UTC,3.64,3.59,3.59,3.63
2022-02-18 20:00:00.000 UTC,3.66,3.59,3.63,3.59
2022-02-18 19:00:00.000 UTC,3.67,3.63,3.65,3.63
2022-02-18 18:00:00.000 UTC,3.67,3.63,3.65,3.65
2022-02-18 17:00:00.000 UTC,3.66,3.64,3.64,3.65
2022-02-18 16:00:00.000 UTC,3.68,3.62,3.62,3.66
2022-02-18 15:00:00.000 UTC,3.7,3.62,3.66,3.63
2022-02-18 14:00:00.000 UTC,3.73,3.6,3.68,3.67
2022-02-18 13:00:00.000 UTC,3.74,3.68,3.71,3.68
2022-02-18 12:00:00.000 UTC,3.75,3.69,3.71,3.71
2022-02-18 11:00:00.000 UTC,3.81,3.69,3.79,3.71
2022-02-18 10:00:00.000 UTC,3.83,3.78,3.82,3.79
2022-02-18 09:00:00.000 UTC,3.84,3.81,3.83,3.82
2022-02-18 08:00:00.000 UTC,3.83,3.81,3.81,3.82
2022-02-18 07:00:00.000 UTC,3.86,3.81,3.83,3.81
2022-02-18 06:00:00.000 UTC,3.85,3.8,3.83,3.85
2022-02-18 05:00:00.000 UTC,3.83,3.79,3.8,3.8
2022-02-18 04:00:00.000 UTC,3.81,3.79,3.8,3.81
2022-02-18 03:00:00.000 UTC,3.82,3.79,3.82,3.8
2022-02-18 02:00:00.000 UTC,3.83,3.81,3.81,3.81
2022-02-18 01:00:00.000 UTC,3.81,3.75,3.77,3.81
2022-02-18 00:00:00.000 UTC,3.79,3.74,3.77,3.76
2022-02-17 23:00:00.000 UTC,3.82,3.76,3.79,3.76
2022-02-17 22:00:00.000 UTC,3.82,3.77,3.8,3.79
2022-02-17 21:00:00.000 UTC,3.85,3.74,3.83,3.85
2022-02-17 20:00:00.000 UTC,3.84,3.8,3.84,3.82
2022-02-17 19:00:00.000 UTC,3.86,3.82,3.85,3.83
2022-02-17 18:00:00.000 UTC,3.92,3.8,3.91,3.86
2022-02-17 17:00:00.000 UTC,3.98,3.91,3.97,3.91
2022-02-17 16:00:00.000 UTC,4.01,3.97,3.99,3.99
2022-02-17 15:00:00.000 UTC,4,3.94,3.94,3.94
2022-02-17 14:00:00.000 UTC,4.03,3.97,3.97,3.97
2022-02-17 13:00:00.000 UTC,4.06,3.99,4.06,3.99
2022-02-17 12:00:00.000 UTC,4.08,4.03,4.03,4.06
2022-02-17 11:00:00.000 UTC,4.08,4.03,4.05,4.03
2022-02-17 10:00:00.000 UTC,4.09,4.04,4.04,4.04
2022-02-17 09:00:00.000 UTC,4.08,4.04,4.05,4.04
2022-02-17 08:00:00.000 UTC,4.14,4.05,4.14,4.05
2022-02-17 07:00:00.000 UTC,4.14,4.11,4.13,4.14
2022-02-17 06:00:00.000 UTC,4.14,4.1,4.1,4.14
2022-02-17 05:00:00.000 UTC,4.12,4.09,4.12,4.09
2022-02-17 04:00:00.000 UTC,4.14,4.03,4.11,4.12
2022-02-17 03:00:00.000 UTC,4.21,4.15,4.21,4.15
2022-02-17 02:00:00.000 UTC,4.21,4.19,4.19,4.2
2022-02-17 01:00:00.000 UTC,4.26,4.2,4.26,4.2
2022-02-17 00:00:00.000 UTC,4.25,4.19,4.21,4.23
2022-02-16 23:00:00.000 UTC,4.25,4.2,4.25,4.2
2022-02-16 22:00:00.000 UTC,4.26,4.22,4.24,4.23
2022-02-16 21:00:00.000 UTC,4.26,4.22,4.24,4.23
2022-02-16 20:00:00.000 UTC,4.31,4.26,4.28,4.26
2022-02-16 19:00:00.000 UTC,4.26,4.13,4.13,4.25
2022-02-16 18:00:00.000 UTC,4.15,4.09,4.09,4.15
2022-02-16 17:00:00.000 UTC,4.14,4.1,4.14,4.1
2022-02-16 16:00:00.000 UTC,4.15,4.09,4.15,4.1
2022-02-16 15:00:00.000 UTC,4.14,4.11,4.11,4.12
2022-02-16 14:00:00.000 UTC,4.17,4.11,4.13,4.11
2022-02-16 13:00:00.000 UTC,4.22,4.14,4.22,4.14
2022-02-16 12:00:00.000 UTC,4.3,4.25,4.3,4.27
2022-02-16 11:00:00.000 UTC,4.31,4.27,4.3,4.27
2022-02-16 10:00:00.000 UTC,4.31,4.25,4.29,4.31
2022-02-16 09:00:00.000 UTC,4.32,4.29,4.32,4.31
2022-02-16 08:00:00.000 UTC,4.36,4.33,4.34,4.33
2022-02-16 07:00:00.000 UTC,4.37,4.32,4.33,4.36
2022-02-16 06:00:00.000 UTC,4.34,4.29,4.32,4.34
2022-02-16 05:00:00.000 UTC,4.33,4.31,4.31,4.32
2022-02-16 04:00:00.000 UTC,4.34,4.28,4.34,4.3
2022-02-16 03:00:00.000 UTC,4.37,4.34,4.35,4.34
2022-02-16 02:00:00.000 UTC,4.37,4.34,4.34,4.34
2022-02-16 01:00:00.000 UTC,4.4,4.34,4.4,4.34
2022-02-16 00:00:00.000 UTC,4.46,4.38,4.43,4.38
2022-02-15 23:00:00.000 UTC,4.42,4.32,4.32,4.41
2022-02-15 22:00:00.000 UTC,4.33,4.26,4.26,4.32
2022-02-15 21:00:00.000 UTC,4.29,4.26,4.26,4.26
2022-02-15 20:00:00.000 UTC,4.29,4.25,4.28,4.26
2022-02-15 19:00:00.000 UTC,4.29,4.27,4.29,4.27
2022-02-15 18:00:00.000 UTC,4.29,4.23,4.25,4.29
2022-02-15 17:00:00.000 UTC,4.33,4.24,4.24,4.26
2022-02-15 16:00:00.000 UTC,4.26,4.2,4.23,4.24
2022-02-15 15:00:00.000 UTC,4.24,4.21,4.24,4.23
2022-02-15 14:00:00.000 UTC,4.26,4.23,4.23,4.25
2022-02-15 13:00:00.000 UTC,4.26,4.21,4.24,4.23
2022-02-15 12:00:00.000 UTC,4.27,4.23,4.26,4.25
2022-02-15 11:00:00.000 UTC,4.29,4.24,4.29,4.27
2022-02-15 10:00:00.000 UTC,4.29,4.25,4.28,4.28
2022-02-15 09:00:00.000 UTC,4.28,4.25,4.27,4.28
2022-02-15 08:00:00.000 UTC,4.31,4.2,4.2,4.26
2022-02-15 07:00:00.000 UTC,4.19,4.15,4.16,4.19
2022-02-15 06:00:00.000 UTC,4.16,4.14,4.14,4.16
2022-02-15 05:00:00.000 UTC,4.15,4.12,4.12,4.13
2022-02-15 04:00:00.000 UTC,4.16,4.12,4.15,4.12
2022-02-15 03:00:00.000 UTC,4.18,4.15,4.18,4.16
2022-02-15 02:00:00.000 UTC,4.2,4.15,4.18,4.17
2022-02-15 01:00:00.000 UTC,4.17,4.04,4.06,4.17
2022-02-15 00:00:00.000 UTC,4.08,4.03,4.06,4.05
2022-02-14 23:00:00.000 UTC,4.07,4,4.03,4.07
2022-02-14 22:00:00.000 UTC,4.03,3.94,3.97,4.01
2022-02-14 21:00:00.000 UTC,3.97,3.95,3.97,3.97
2022-02-14 20:00:00.000 UTC,3.99,3.94,3.95,3.98
2022-02-14 19:00:00.000 UTC,4.04,3.94,4.04,3.96
2022-02-14 18:00:00.000 UTC,4.08,4.05,4.06,4.05
2022-02-14 17:00:00.000 UTC,4.1,4.05,4.07,4.05
2022-02-14 16:00:00.000 UTC,4.1,4.03,4.05,4.08
2022-02-14 15:00:00.000 UTC,4.07,4.03,4.07,4.04
2022-02-14 14:00:00.000 UTC,4.08,4,4,4.05
2022-02-14 13:00:00.000 UTC,4.05,3.98,4.01,4
2022-02-14 12:00:00.000 UTC,3.98,3.92,3.93,3.96
2022-02-14 11:00:00.000 UTC,3.98,3.93,3.98,3.96
2022-02-14 10:00:00.000 UTC,3.99,3.92,3.96,3.98
2022-02-14 09:00:00.000 UTC,3.98,3.93,3.98,3.96
2022-02-14 08:00:00.000 UTC,4.03,3.99,4.02,3.99
2022-02-14 07:00:00.000 UTC,4.01,3.95,3.96,4.01
2022-02-14 06:00:00.000 UTC,3.98,3.92,3.93,3.98
2022-02-14 05:00:00.000 UTC,4,3.93,3.98,3.93
2022-02-14 04:00:00.000 UTC,3.99,3.94,3.99,3.97
2022-02-14 03:00:00.000 UTC,3.99,3.93,3.94,3.99
2022-02-14 02:00:00.000 UTC,3.98,3.94,3.95,3.94
2022-02-14 01:00:00.000 UTC,4.07,3.95,4.07,3.96
2022-02-14 00:00:00.000 UTC,4.13,4.05,4.1,4.05
2022-02-13 23:00:00.000 UTC,4.14,4.08,4.11,4.09
2022-02-13 22:00:00.000 UTC,4.15,4.08,4.11,4.15
2022-02-13 21:00:00.000 UTC,4.13,4.07,4.07,4.1
2022-02-13 20:00:00.000 UTC,4.08,4,4.01,4.06
2022-02-13 19:00:00.000 UTC,4.04,3.99,4.01,4.01
2022-02-13 18:00:00.000 UTC,4.13,4.01,4.11,4.01
2022-02-13 17:00:00.000 UTC,4.15,4.1,4.15,4.13
2022-02-13 16:00:00.000 UTC,4.21,4.14,4.21,4.15
2022-02-13 15:00:00.000 UTC,4.24,4.2,4.23,4.23
2022-02-13 14:00:00.000 UTC,4.24,4.21,4.22,4.21
2022-02-13 13:00:00.000 UTC,4.23,4.21,4.22,4.22
2022-02-13 12:00:00.000 UTC,4.24,4.22,4.22,4.23
2022-02-13 11:00:00.000 UTC,4.24,4.22,4.24,4.22
2022-02-13 10:00:00.000 UTC,4.24,4.2,4.2,4.23
2022-02-13 09:00:00.000 UTC,4.23,4.19,4.23,4.19
2022-02-13 08:00:00.000 UTC,4.25,4.23,4.23,4.24
2022-02-13 07:00:00.000 UTC,4.24,4.22,4.24,4.23
2022-02-13 06:00:00.000 UTC,4.24,4.21,4.22,4.24
2022-02-13 05:00:00.000 UTC,4.24,4.2,4.21,4.22
2022-02-13 04:00:00.000 UTC,4.27,4.2,4.27,4.24
2022-02-13 03:00:00.000 UTC,4.29,4.24,4.26,4.28
2022-02-13 02:00:00.000 UTC,4.31,4.26,4.28,4.3
2022-02-13 01:00:00.000 UTC,4.33,4.28,4.32,4.28
2022-02-13 00:00:00.000 UTC,4.34,4.21,4.22,4.32
2022-02-12 23:00:00.000 UTC,4.26,4.22,4.24,4.22
2022-02-12 22:00:00.000 UTC,4.25,4.22,4.23,4.24
2022-02-12 21:00:00.000 UTC,4.38,4.23,4.38,4.23
2022-02-12 20:00:00.000 UTC,4.41,4.34,4.34,4.38
2022-02-12 19:00:00.000 UTC,4.38,4.33,4.38,4.35
2022-02-12 18:00:00.000 UTC,4.38,4.29,4.29,4.38
2022-02-12 17:00:00.000 UTC,4.32,4.27,4.27,4.3
2022-02-12 16:00:00.000 UTC,4.27,4.17,4.17,4.27
2022-02-12 15:00:00.000 UTC,4.21,4.16,4.2,4.21
2022-02-12 14:00:00.000 UTC,4.24,4.16,4.23,4.18
2022-02-12 13:00:00.000 UTC,4.26,4.23,4.26,4.24
2022-02-12 12:00:00.000 UTC,4.29,4.24,4.27,4.25
2022-02-12 11:00:00.000 UTC,4.29,4.23,4.28,4.29
2022-02-12 10:00:00.000 UTC,4.31,4.26,4.29,4.26
2022-02-12 09:00:00.000 UTC,4.31,4.27,4.31,4.29
2022-02-12 08:00:00.000 UTC,4.34,4.28,4.3,4.32
2022-02-12 07:00:00.000 UTC,4.34,4.26,4.27,4.26
2022-02-12 06:00:00.000 UTC,4.31,4.18,4.31,4.26
2022-02-12 05:00:00.000 UTC,4.34,4.31,4.32,4.31
2022-02-12 04:00:00.000 UTC,4.36,4.31,4.31,4.32
2022-02-12 03:00:00.000 UTC,4.36,4.27,4.34,4.29
2022-02-12 02:00:00.000 UTC,4.37,4.34,4.35,4.35
2022-02-12 01:00:00.000 UTC,4.35,4.29,4.29,4.34
2022-02-12 00:00:00.000 UTC,4.33,4.19,4.2,4.28
2022-02-11 23:00:00.000 UTC,4.22,4.1,4.12,4.22
2022-02-11 22:00:00.000 UTC,4.18,4.11,4.18,4.11
2022-02-11 21:00:00.000 UTC,4.19,4.14,4.14,4.18
2022-02-11 20:00:00.000 UTC,4.26,4.14,4.26,4.16
2022-02-11 19:00:00.000 UTC,4.33,4.25,4.33,4.26
2022-02-11 18:00:00.000 UTC,4.45,4.3,4.45,4.3
2022-02-11 17:00:00.000 UTC,4.5,4.43,4.46,4.45
2022-02-11 16:00:00.000 UTC,4.5,4.44,4.48,4.46
2022-02-11 15:00:00.000 UTC,4.53,4.48,4.52,4.48
2022-02-11 14:00:00.000 UTC,4.57,4.51,4.54,4.53
2022-02-11 13:00:00.000 UTC,4.56,4.49,4.5,4.56
2022-02-11 12:00:00.000 UTC,4.52,4.46,4.46,4.49
2022-02-11 11:00:00.000 UTC,4.51,4.47,4.48,4.5
2022-02-11 10:00:00.000 UTC,4.53,4.47,4.53,4.49
2022-02-11 09:00:00.000 UTC,4.51,4.47,4.49,4.51
2022-02-11 08:00:00.000 UTC,4.52,4.48,4.48,4.51
2022-02-11 07:00:00.000 UTC,4.51,4.47,4.48,4.5
2022-02-11 06:00:00.000 UTC,4.51,4.47,4.48,4.48
2022-02-11 05:00:00.000 UTC,4.51,4.48,4.5,4.49
2022-02-11 04:00:00.000 UTC,4.53,4.5,4.5,4.5
2022-02-11 03:00:00.000 UTC,4.53,4.49,4.53,4.5
2022-02-11 02:00:00.000 UTC,4.51,4.47,4.47,4.5
2022-02-11 01:00:00.000 UTC,4.54,4.47,4.48,4.48
2022-02-11 00:00:00.000 UTC,4.49,4.38,4.41,4.45
2022-02-10 23:00:00.000 UTC,4.53,4.4,4.53,4.4
2022-02-10 22:00:00.000 UTC,4.54,4.49,4.5,4.49
2022-02-10 21:00:00.000 UTC,4.55,4.47,4.49,4.51
2022-02-10 20:00:00.000 UTC,4.55,4.46,4.53,4.46
2022-02-10 19:00:00.000 UTC,4.63,4.52,4.63,4.53
2022-02-10 18:00:00.000 UTC,4.72,4.61,4.72,4.61
2022-02-10 17:00:00.000 UTC,4.72,4.68,4.69,4.69
2022-02-10 16:00:00.000 UTC,4.68,4.63,4.64,4.68
2022-02-10 15:00:00.000 UTC,4.68,4.55,4.55,4.63
2022-02-10 14:00:00.000 UTC,4.54,4.44,4.51,4.53
2022-02-10 13:00:00.000 UTC,4.75,4.52,4.75,4.52
2022-02-10 12:00:00.000 UTC,4.76,4.73,4.74,4.74
2022-02-10 11:00:00.000 UTC,4.78,4.72,4.73,4.74
2022-02-10 10:00:00.000 UTC,4.77,4.69,4.69,4.71
2022-02-10 09:00:00.000 UTC,4.7,4.67,4.69,4.68
2022-02-10 08:00:00.000 UTC,4.68,4.65,4.67,4.67
2022-02-10 07:00:00.000 UTC,4.63,4.6,4.6,4.63
2022-02-10 06:00:00.000 UTC,4.63,4.58,4.63,4.61
2022-02-10 05:00:00.000 UTC,4.64,4.61,4.64,4.63
2022-02-10 04:00:00.000 UTC,4.65,4.63,4.63,4.63
2022-02-10 03:00:00.000 UTC,4.66,4.6,4.64,4.65
2022-02-10 02:00:00.000 UTC,4.72,4.67,4.67,4.67
2022-02-10 01:00:00.000 UTC,4.69,4.64,4.64,4.66
2022-02-10 00:00:00.000 UTC,4.74,4.63,4.74,4.63
2022-02-09 23:00:00.000 UTC,4.8,4.73,4.8,4.73
2022-02-09 22:00:00.000 UTC,4.81,4.75,4.77,4.8
2022-02-09 21:00:00.000 UTC,4.79,4.73,4.77,4.77
2022-02-09 20:00:00.000 UTC,4.79,4.75,4.77,4.78
2022-02-09 19:00:00.000 UTC,4.8,4.69,4.69,4.78
2022-02-09 18:00:00.000 UTC,4.73,4.7,4.71,4.71
2022-02-09 17:00:00.000 UTC,4.76,4.73,4.76,4.73
2022-02-09 16:00:00.000 UTC,4.77,4.72,4.75,4.75
2022-02-09 15:00:00.000 UTC,4.78,4.73,4.78,4.75
2022-02-09 14:00:00.000 UTC,4.8,4.73,4.74,4.77
2022-02-09 13:00:00.000 UTC,4.83,4.74,4.74,4.77
2022-02-09 12:00:00.000 UTC,4.76,4.71,4.73,4.75
2022-02-09 11:00:00.000 UTC,4.75,4.63,4.63,4.72
2022-02-09 10:00:00.000 UTC,4.66,4.6,4.6,4.66
2022-02-09 09:00:00.000 UTC,4.64,4.6,4.61,4.6
2022-02-09 08:00:00.000 UTC,4.66,4.59,4.66,4.61
2022-02-09 07:00:00.000 UTC,4.65,4.6,4.62,4.64
2022-02-09 06:00:00.000 UTC,4.67,4.61,4.61,4.63
2022-02-09 05:00:00.000 UTC,4.64,4.58,4.62,4.6
2022-02-09 04:00:00.000 UTC,4.65,4.61,4.64,4.63
2022-02-09 03:00:00.000 UTC,4.7,4.61,4.69,4.61
2022-02-09 02:00:00.000 UTC,4.71,4.63,4.71,4.66
2022-02-09 01:00:00.000 UTC,4.79,4.72,4.79,4.72
2022-02-09 00:00:00.000 UTC,4.89,4.78,4.84,4.81
2022-02-08 23:00:00.000 UTC,4.84,4.77,4.77,4.83
2022-02-08 22:00:00.000 UTC,4.78,4.57,4.57,4.78
2022-02-08 21:00:00.000 UTC,4.57,4.52,4.55,4.56
2022-02-08 20:00:00.000 UTC,4.54,4.42,4.42,4.54
2022-02-08 19:00:00.000 UTC,4.45,4.37,4.42,4.45
2022-02-08 18:00:00.000 UTC,4.47,4.39,4.39,4.41
2022-02-08 17:00:00.000 UTC,4.43,4.33,4.35,4.43
2022-02-08 16:00:00.000 UTC,4.5,4.34,4.4,4.34
2022-02-08 15:00:00.000 UTC,4.46,4.36,4.46,4.41
2022-02-08 14:00:00.000 UTC,4.5,4.46,4.49,4.48
2022-02-08 13:00:00.000 UTC,4.53,4.47,4.49,4.48
2022-02-08 12:00:00.000 UTC,4.51,4.45,4.51,4.48
2022-02-08 11:00:00.000 UTC,4.5,4.46,4.46,4.5
2022-02-08 10:00:00.000 UTC,4.47,4.43,4.45,4.45
2022-02-08 09:00:00.000 UTC,4.47,4.39,4.46,4.46
2022-02-08 08:00:00.000 UTC,4.58,4.46,4.58,4.46
2022-02-08 07:00:00.000 UTC,4.65,4.58,4.65,4.58
2022-02-08 06:00:00.000 UTC,4.75,4.58,4.69,4.63
2022-02-08 05:00:00.000 UTC,4.69,4.64,4.64,4.69
2022-02-08 04:00:00.000 UTC,4.7,4.62,4.7,4.62
2022-02-08 03:00:00.000 UTC,4.66,4.62,4.62,4.64
2022-02-08 02:00:00.000 UTC,4.67,4.64,4.66,4.64
2022-02-08 01:00:00.000 UTC,4.68,4.64,4.68,4.66
2022-02-08 00:00:00.000 UTC,4.73,4.64,4.72,4.65
2022-02-07 23:00:00.000 UTC,4.75,4.66,4.73,4.69
2022-02-07 22:00:00.000 UTC,4.8,4.74,4.75,4.79
2022-02-07 21:00:00.000 UTC,4.8,4.72,4.74,4.74
2022-02-07 20:00:00.000 UTC,4.82,4.75,4.81,4.75
2022-02-07 19:00:00.000 UTC,4.85,4.74,4.74,4.81
2022-02-07 18:00:00.000 UTC,4.81,4.75,4.8,4.76
2022-02-07 17:00:00.000 UTC,4.8,4.72,4.76,4.8
2022-02-07 16:00:00.000 UTC,4.88,4.73,4.74,4.75
2022-02-07 15:00:00.000 UTC,4.72,4.62,4.65,4.72
2022-02-07 14:00:00.000 UTC,4.69,4.58,4.59,4.65
2022-02-07 13:00:00.000 UTC,4.6,4.58,4.58,4.58
2022-02-07 12:00:00.000 UTC,4.62,4.56,4.6,4.58
2022-02-07 11:00:00.000 UTC,4.62,4.58,4.58,4.59
2022-02-07 10:00:00.000 UTC,4.63,4.57,4.57,4.62
2022-02-07 09:00:00.000 UTC,4.68,4.54,4.68,4.57
2022-02-07 08:00:00.000 UTC,4.74,4.63,4.73,4.69
2022-02-07 07:00:00.000 UTC,4.76,4.67,4.71,4.71
2022-02-07 06:00:00.000 UTC,4.68,4.64,4.65,4.67
2022-02-07 05:00:00.000 UTC,4.7,4.66,4.66,4.66
2022-02-07 04:00:00.000 UTC,4.71,4.65,4.68,4.65
2022-02-07 03:00:00.000 UTC,4.71,4.61,4.64,4.68
2022-02-07 02:00:00.000 UTC,4.68,4.62,4.68,4.66
2022-02-07 01:00:00.000 UTC,4.69,4.6,4.63,4.64
2022-02-07 00:00:00.000 UTC,4.74,4.63,4.64,4.63
2022-02-06 23:00:00.000 UTC,4.71,4.5,4.5,4.68
2022-02-06 22:00:00.000 UTC,4.53,4.48,4.48,4.52
2022-02-06 21:00:00.000 UTC,4.55,4.46,4.49,4.49
2022-02-06 20:00:00.000 UTC,4.56,4.46,4.56,4.46
2022-02-06 19:00:00.000 UTC,4.59,4.55,4.56,4.59
2022-02-06 18:00:00.000 UTC,4.62,4.54,4.58,4.56
2022-02-06 17:00:00.000 UTC,4.63,4.55,4.62,4.55
2022-02-06 16:00:00.000 UTC,4.71,4.51,4.58,4.66
2022-02-06 15:00:00.000 UTC,4.6,4.46,4.51,4.52
2022-02-06 14:00:00.000 UTC,4.65,4.52,4.57,4.53
2022-02-06 13:00:00.000 UTC,4.63,4.58,4.59,4.58
2022-02-06 12:00:00.000 UTC,4.59,4.54,4.54,4.57
2022-02-06 11:00:00.000 UTC,4.59,4.54,4.59,4.54
2022-02-06 10:00:00.000 UTC,4.68,4.59,4.6,4.59
2022-02-06 09:00:00.000 UTC,4.64,4.57,4.57,4.59
2022-02-06 08:00:00.000 UTC,4.58,4.54,4.56,4.56
2022-02-06 07:00:00.000 UTC,4.61,4.52,4.53,4.56
2022-02-06 06:00:00.000 UTC,4.59,4.54,4.57,4.58
2022-02-06 05:00:00.000 UTC,4.61,4.55,4.56,4.61
2022-02-06 04:00:00.000 UTC,4.63,4.5,4.58,4.63
2022-02-06 03:00:00.000 UTC,4.6,4.56,4.59,4.6
2022-02-06 02:00:00.000 UTC,4.69,4.57,4.69,4.57
2022-02-06 01:00:00.000 UTC,4.68,4.55,4.55,4.65
2022-02-06 00:00:00.000 UTC,4.57,4.35,4.35,4.57
2022-02-05 23:00:00.000 UTC,4.47,4.35,4.36,4.4
2022-02-05 22:00:00.000 UTC,4.4,4.27,4.29,4.34
2022-02-05 21:00:00.000 UTC,4.31,4.28,4.31,4.29
2022-02-05 20:00:00.000 UTC,4.35,4.27,4.31,4.31
2022-02-05 19:00:00.000 UTC,4.37,4.31,4.34,4.32
2022-02-05 18:00:00.000 UTC,4.41,4.33,4.41,4.33
2022-02-05 17:00:00.000 UTC,4.44,4.25,4.32,4.38
2022-02-05 16:00:00.000 UTC,4.43,4.34,4.4,4.34
2022-02-05 15:00:00.000 UTC,4.44,4.37,4.42,4.44
2022-02-05 14:00:00.000 UTC,4.44,4.35,4.42,4.38
2022-02-05 13:00:00.000 UTC,4.43,4.4,4.4,4.41
2022-02-05 12:00:00.000 UTC,4.5,4.41,4.41,4.45
2022-02-05 11:00:00.000 UTC,4.51,4.41,4.44,4.41
2022-02-05 10:00:00.000 UTC,4.48,4.4,4.46,4.43
2022-02-05 09:00:00.000 UTC,4.48,4.38,4.38,4.42
2022-02-05 08:00:00.000 UTC,4.42,4.35,4.39,4.37
2022-02-05 07:00:00.000 UTC,4.45,4.38,4.44,4.39
2022-02-05 06:00:00.000 UTC,4.51,4.39,4.39,4.45
2022-02-05 05:00:00.000 UTC,4.4,4.32,4.32,4.36
2022-02-05 04:00:00.000 UTC,4.32,4.19,4.19,4.3
2022-02-05 03:00:00.000 UTC,4.23,4.18,4.18,4.19
2022-02-05 02:00:00.000 UTC,4.22,4.12,4.12,4.16
2022-02-05 01:00:00.000 UTC,4.2,4.11,4.15,4.11
2022-02-05 00:00:00.000 UTC,4.23,4,4,4.16
2022-02-04 23:00:00.000 UTC,4.04,3.94,3.94,4.04
2022-02-04 22:00:00.000 UTC,3.96,3.92,3.94,3.94
2022-02-04 21:00:00.000 UTC,3.98,3.89,3.89,3.93
2022-02-04 20:00:00.000 UTC,3.93,3.89,3.9,3.93
2022-02-04 19:00:00.000 UTC,3.9,3.87,3.87,3.89
2022-02-04 18:00:00.000 UTC,3.91,3.87,3.89,3.87
2022-02-04 17:00:00.000 UTC,3.94,3.88,3.94,3.89
2022-02-04 16:00:00.000 UTC,3.93,3.82,3.83,3.91
2022-02-04 15:00:00.000 UTC,3.86,3.7,3.7,3.83
2022-02-04 14:00:00.000 UTC,3.69,3.65,3.68,3.68
2022-02-04 13:00:00.000 UTC,3.73,3.67,3.72,3.67
2022-02-04 12:00:00.000 UTC,3.74,3.71,3.72,3.72
2022-02-04 11:00:00.000 UTC,3.74,3.72,3.74,3.72
2022-02-04 10:00:00.000 UTC,3.77,3.73,3.76,3.74
2022-02-04 09:00:00.000 UTC,3.78,3.73,3.73,3.77
2022-02-04 08:00:00.000 UTC,3.73,3.7,3.7,3.73
2022-02-04 07:00:00.000 UTC,3.74,3.71,3.71,3.71
2022-02-04 06:00:00.000 UTC,3.76,3.71,3.71,3.71
2022-02-04 05:00:00.000 UTC,3.72,3.65,3.65,3.71
2022-02-04 04:00:00.000 UTC,3.65,3.64,3.65,3.65
2022-02-04 03:00:00.000 UTC,3.67,3.65,3.65,3.65
2022-02-04 02:00:00.000 UTC,3.66,3.64,3.64,3.65
2022-02-04 01:00:00.000 UTC,3.67,3.64,3.67,3.64
2022-02-04 00:00:00.000 UTC,3.71,3.65,3.71,3.66
2022-02-03 23:00:00.000 UTC,3.65,3.62,3.64,3.65
2022-02-03 22:00:00.000 UTC,3.66,3.62,3.65,3.63
2022-02-03 21:00:00.000 UTC,3.67,3.52,3.52,3.64
2022-02-03 20:00:00.000 UTC,3.55,3.51,3.52,3.51
2022-02-03 19:00:00.000 UTC,3.62,3.52,3.61,3.52
2022-02-03 18:00:00.000 UTC,3.61,3.58,3.61,3.6
2022-02-03 17:00:00.000 UTC,3.62,3.58,3.62,3.61
2022-02-03 16:00:00.000 UTC,3.65,3.6,3.64,3.63
2022-02-03 15:00:00.000 UTC,3.65,3.6,3.6,3.64
2022-02-03 14:00:00.000 UTC,3.62,3.58,3.59,3.6
2022-02-03 13:00:00.000 UTC,3.68,3.6,3.68,3.6
2022-02-03 12:00:00.000 UTC,3.69,3.61,3.69,3.63
2022-02-03 11:00:00.000 UTC,3.67,3.55,3.56,3.63
2022-02-03 10:00:00.000 UTC,3.63,3.55,3.63,3.56
2022-02-03 09:00:00.000 UTC,3.68,3.64,3.68,3.64
2022-02-03 08:00:00.000 UTC,3.71,3.66,3.66,3.67
2022-02-03 07:00:00.000 UTC,3.68,3.63,3.63,3.66
2022-02-03 06:00:00.000 UTC,3.64,3.61,3.64,3.63
2022-02-03 05:00:00.000 UTC,3.66,3.6,3.61,3.64
2022-02-03 04:00:00.000 UTC,3.61,3.57,3.57,3.61
2022-02-03 03:00:00.000 UTC,3.6,3.57,3.6,3.57
2022-02-03 02:00:00.000 UTC,3.62,3.55,3.59,3.59
2022-02-03 01:00:00.000 UTC,3.67,3.6,3.66,3.62
2022-02-03 00:00:00.000 UTC,3.69,3.62,3.67,3.64
2022-02-02 23:00:00.000 UTC,3.73,3.66,3.72,3.66
2022-02-02 22:00:00.000 UTC,3.77,3.71,3.72,3.72
2022-02-02 21:00:00.000 UTC,3.85,3.7,3.85,3.7
2022-02-02 20:00:00.000 UTC,3.87,3.83,3.87,3.84
2022-02-02 19:00:00.000 UTC,3.87,3.82,3.82,3.87
2022-02-02 18:00:00.000 UTC,3.82,3.8,3.8,3.82
2022-02-02 17:00:00.000 UTC,3.82,3.79,3.79,3.8
2022-02-02 16:00:00.000 UTC,3.8,3.75,3.8,3.79
2022-02-02 15:00:00.000 UTC,3.86,3.81,3.82,3.83
2022-02-02 14:00:00.000 UTC,3.98,3.85,3.98,3.86
2022-02-02 13:00:00.000 UTC,3.99,3.95,3.99,3.95
2022-02-02 12:00:00.000 UTC,3.99,3.96,3.96,3.99
2022-02-02 11:00:00.000 UTC,3.99,3.95,3.99,3.96
2022-02-02 10:00:00.000 UTC,4.02,3.98,3.98,3.99
2022-02-02 09:00:00.000 UTC,4.02,3.98,3.99,3.99
2022-02-02 08:00:00.000 UTC,4.05,3.99,3.99,3.99
2022-02-02 07:00:00.000 UTC,3.99,3.94,3.94,3.97
2022-02-02 06:00:00.000 UTC,4.03,3.93,4.02,3.93
2022-02-02 05:00:00.000 UTC,4,3.94,3.94,3.97
2022-02-02 04:00:00.000 UTC,3.95,3.91,3.94,3.95
2022-02-02 03:00:00.000 UTC,3.99,3.94,3.94,3.94
2022-02-02 02:00:00.000 UTC,3.94,3.89,3.9,3.94
2022-02-02 01:00:00.000 UTC,3.98,3.89,3.93,3.89
2022-02-02 00:00:00.000 UTC,4.01,3.93,3.98,3.93
2022-02-01 23:00:00.000 UTC,4.03,3.95,3.96,3.99
2022-02-01 22:00:00.000 UTC,3.98,3.95,3.96,3.96
2022-02-01 21:00:00.000 UTC,3.97,3.94,3.97,3.96
2022-02-01 20:00:00.000 UTC,3.95,3.9,3.9,3.95
2022-02-01 19:00:00.000 UTC,3.97,3.89,3.97,3.9
2022-02-01 18:00:00.000 UTC,3.99,3.96,3.97,3.98
2022-02-01 17:00:00.000 UTC,4.05,3.96,4.05,3.97
2022-02-01 16:00:00.000 UTC,4,3.95,3.96,3.99
2022-02-01 15:00:00.000 UTC,3.96,3.94,3.96,3.96
2022-02-01 14:00:00.000 UTC,4.03,3.96,4.01,3.99
2022-02-01 13:00:00.000 UTC,4.04,3.99,4.02,4.01
2022-02-01 12:00:00.000 UTC,4.06,3.99,4,4.02
2022-02-01 11:00:00.000 UTC,4,3.98,3.98,4
2022-02-01 10:00:00.000 UTC,4.02,3.96,3.96,3.98
2022-02-01 09:00:00.000 UTC,4.11,3.97,4.05,3.97
2022-02-01 08:00:00.000 UTC,4.05,3.99,4,4.05
2022-02-01 07:00:00.000 UTC,4,3.97,3.98,3.99
2022-02-01 06:00:00.000 UTC,4.02,3.97,4.02,3.99
2022-02-01 05:00:00.000 UTC,4.03,4,4.02,4.02
2022-02-01 04:00:00.000 UTC,4.08,4,4.08,4.01
2022-02-01 03:00:00.000 UTC,4.11,4.05,4.07,4.08
2022-02-01 02:00:00.000 UTC,4.07,4.03,4.05,4.07
2022-02-01 01:00:00.000 UTC,4.14,4.04,4.04,4.06
2022-02-01 00:00:00.000 UTC,4.13,4.03,4.09,4.09
2022-01-31 23:00:00.000 UTC,4.13,4.07,4.07,4.12
2022-01-31 22:00:00.000 UTC,4.15,4.09,4.13,4.09
2022-01-31 21:00:00.000 UTC,4.17,4.12,4.14,4.15
2022-01-31 20:00:00.000 UTC,4.17,4.07,4.1,4.17
2022-01-31 19:00:00.000 UTC,4.17,4.05,4.05,4.1
2022-01-31 18:00:00.000 UTC,4.07,3.99,4.02,4.03
2022-01-31 17:00:00.000 UTC,4.06,3.98,3.99,4.02
2022-01-31 16:00:00.000 UTC,3.99,3.94,3.98,3.97
2022-01-31 15:00:00.000 UTC,4.02,3.93,3.93,4
2022-01-31 14:00:00.000 UTC,3.97,3.89,3.92,3.92
2022-01-31 13:00:00.000 UTC,3.89,3.8,3.83,3.89
2022-01-31 12:00:00.000 UTC,3.89,3.81,3.89,3.84
2022-01-31 11:00:00.000 UTC,3.93,3.81,3.89,3.81
2022-01-31 10:00:00.000 UTC,3.91,3.88,3.91,3.89
2022-01-31 09:00:00.000 UTC,3.9,3.86,3.88,3.9
2022-01-31 08:00:00.000 UTC,3.88,3.86,3.87,3.87
2022-01-31 07:00:00.000 UTC,3.89,3.84,3.85,3.86
2022-01-31 06:00:00.000 UTC,3.94,3.85,3.85,3.86
2022-01-31 05:00:00.000 UTC,3.89,3.83,3.89,3.85
2022-01-31 04:00:00.000 UTC,3.9,3.78,3.87,3.88
2022-01-31 03:00:00.000 UTC,3.88,3.81,3.82,3.83
2022-01-31 02:00:00.000 UTC,3.94,3.73,3.78,3.81
2022-01-31 01:00:00.000 UTC,3.77,3.69,3.69,3.77
2022-01-31 00:00:00.000 UTC,3.9,3.74,3.87,3.74
2022-01-30 23:00:00.000 UTC,3.99,3.9,3.9,3.93
2022-01-30 22:00:00.000 UTC,3.88,3.76,3.76,3.88
2022-01-30 21:00:00.000 UTC,3.77,3.72,3.74,3.75
2022-01-30 20:00:00.000 UTC,3.77,3.73,3.74,3.75
2022-01-30 19:00:00.000 UTC,3.83,3.73,3.83,3.73
2022-01-30 18:00:00.000 UTC,3.85,3.79,3.82,3.81
2022-01-30 17:00:00.000 UTC,3.83,3.77,3.79,3.82
2022-01-30 16:00:00.000 UTC,3.86,3.79,3.83,3.79
2022-01-30 15:00:00.000 UTC,3.89,3.8,3.8,3.83
2022-01-30 14:00:00.000 UTC,3.88,3.79,3.87,3.82
2022-01-30 13:00:00.000 UTC,3.89,3.81,3.88,3.83
2022-01-30 12:00:00.000 UTC,3.97,3.93,3.93,3.93
2022-01-30 11:00:00.000 UTC,4,3.93,3.99,3.93
2022-01-30 10:00:00.000 UTC,3.99,3.95,3.96,3.97
2022-01-30 09:00:00.000 UTC,4,3.96,3.97,3.96
2022-01-30 08:00:00.000 UTC,4.05,3.96,4.02,3.97
2022-01-30 07:00:00.000 UTC,4.06,4.02,4.02,4.02
2022-01-30 06:00:00.000 UTC,4.03,4.01,4.02,4.03
2022-01-30 05:00:00.000 UTC,4.06,4.01,4.02,4.01
2022-01-30 04:00:00.000 UTC,4.06,3.99,4.04,4.02
2022-01-30 03:00:00.000 UTC,4.11,4.02,4.04,4.02
2022-01-30 02:00:00.000 UTC,4.09,4,4.01,4.03
2022-01-30 01:00:00.000 UTC,4.07,3.99,4.07,4
2022-01-30 00:00:00.000 UTC,4.06,3.89,3.89,4.06
2022-01-29 23:00:00.000 UTC,3.92,3.81,3.81,3.87
2022-01-29 22:00:00.000 UTC,3.85,3.79,3.82,3.81
2022-01-29 21:00:00.000 UTC,3.87,3.8,3.8,3.87
2022-01-29 20:00:00.000 UTC,3.92,3.82,3.88,3.82
2022-01-29 19:00:00.000 UTC,3.9,3.83,3.83,3.88
2022-01-29 18:00:00.000 UTC,3.85,3.74,3.74,3.84
2022-01-29 17:00:00.000 UTC,3.81,3.71,3.71,3.76
2022-01-29 16:00:00.000 UTC,3.76,3.68,3.69,3.75
2022-01-29 15:00:00.000 UTC,3.76,3.69,3.73,3.72
2022-01-29 14:00:00.000 UTC,3.83,3.75,3.81,3.75
2022-01-29 13:00:00.000 UTC,3.86,3.77,3.83,3.8
2022-01-29 12:00:00.000 UTC,3.82,3.77,3.77,3.81
2022-01-29 11:00:00.000 UTC,3.81,3.75,3.77,3.76
2022-01-29 10:00:00.000 UTC,3.81,3.74,3.79,3.77
2022-01-29 09:00:00.000 UTC,3.82,3.74,3.8,3.77
2022-01-29 08:00:00.000 UTC,3.85,3.78,3.78,3.8
2022-01-29 07:00:00.000 UTC,3.87,3.78,3.78,3.79
2022-01-29 06:00:00.000 UTC,3.8,3.67,3.68,3.78
2022-01-29 05:00:00.000 UTC,3.73,3.67,3.67,3.69
2022-01-29 04:00:00.000 UTC,3.69,3.61,3.61,3.68
2022-01-29 03:00:00.000 UTC,3.61,3.57,3.58,3.6
2022-01-29 02:00:00.000 UTC,3.64,3.57,3.6,3.58
2022-01-29 01:00:00.000 UTC,3.66,3.57,3.59,3.59
2022-01-29 00:00:00.000 UTC,3.66,3.49,3.49,3.62
2022-01-28 23:00:00.000 UTC,3.53,3.45,3.48,3.53
2022-01-28 22:00:00.000 UTC,3.52,3.49,3.51,3.49
2022-01-28 21:00:00.000 UTC,3.53,3.48,3.48,3.52
2022-01-28 20:00:00.000 UTC,3.49,3.44,3.44,3.48
2022-01-28 19:00:00.000 UTC,3.46,3.43,3.45,3.46
2022-01-28 18:00:00.000 UTC,3.49,3.39,3.39,3.45
2022-01-28 17:00:00.000 UTC,3.46,3.39,3.44,3.39
2022-01-28 16:00:00.000 UTC,3.49,3.41,3.41,3.46
2022-01-28 15:00:00.000 UTC,3.45,3.35,3.35,3.41
2022-01-28 14:00:00.000 UTC,3.43,3.34,3.37,3.34
2022-01-28 13:00:00.000 UTC,3.38,3.28,3.29,3.36
2022-01-28 12:00:00.000 UTC,3.36,3.28,3.33,3.28
2022-01-28 11:00:00.000 UTC,3.42,3.32,3.42,3.32
2022-01-28 10:00:00.000 UTC,3.47,3.39,3.41,3.42
2022-01-28 09:00:00.000 UTC,3.46,3.4,3.43,3.42
2022-01-28 08:00:00.000 UTC,3.48,3.4,3.48,3.43
2022-01-28 07:00:00.000 UTC,3.51,3.45,3.5,3.45
2022-01-28 06:00:00.000 UTC,3.55,3.51,3.52,3.51
2022-01-28 05:00:00.000 UTC,3.56,3.46,3.52,3.56
2022-01-28 04:00:00.000 UTC,3.56,3.47,3.55,3.47
2022-01-28 03:00:00.000 UTC,3.57,3.41,3.41,3.48
2022-01-28 02:00:00.000 UTC,3.42,3.33,3.37,3.42
2022-01-28 01:00:00.000 UTC,3.52,3.36,3.44,3.36
2022-01-28 00:00:00.000 UTC,3.54,3.43,3.43,3.44
2022-01-27 23:00:00.000 UTC,3.43,3.36,3.39,3.42
2022-01-27 22:00:00.000 UTC,3.45,3.24,3.26,3.45
2022-01-27 21:00:00.000 UTC,3.3,3.21,3.29,3.27
2022-01-27 20:00:00.000 UTC,3.42,3.28,3.39,3.32
2022-01-27 19:00:00.000 UTC,3.48,3.36,3.48,3.38
2022-01-27 18:00:00.000 UTC,3.48,3.39,3.45,3.47
2022-01-27 17:00:00.000 UTC,3.44,3.37,3.43,3.41
2022-01-27 16:00:00.000 UTC,3.49,3.38,3.44,3.46
2022-01-27 15:00:00.000 UTC,3.48,3.43,3.48,3.43
2022-01-27 14:00:00.000 UTC,3.52,3.45,3.52,3.48
2022-01-27 13:00:00.000 UTC,3.56,3.47,3.51,3.5
2022-01-27 12:00:00.000 UTC,3.56,3.43,3.43,3.51
2022-01-27 11:00:00.000 UTC,3.41,3.3,3.3,3.38
2022-01-27 10:00:00.000 UTC,3.38,3.33,3.35,3.33
2022-01-27 09:00:00.000 UTC,3.35,3.18,3.18,3.32
2022-01-27 08:00:00.000 UTC,3.11,3.07,3.1,3.11
2022-01-27 07:00:00.000 UTC,3.13,3.03,3.05,3.08
2022-01-27 06:00:00.000 UTC,3.04,3,3.04,3.04
2022-01-27 05:00:00.000 UTC,3.05,3.01,3.02,3.01
2022-01-27 04:00:00.000 UTC,3.04,3,3.03,3.02
2022-01-27 03:00:00.000 UTC,3.08,3.01,3.08,3.03
2022-01-27 02:00:00.000 UTC,3.07,3.02,3.07,3.04
2022-01-27 01:00:00.000 UTC,3.16,3.07,3.16,3.07
2022-01-27 00:00:00.000 UTC,3.21,3.1,3.1,3.2
2022-01-26 23:00:00.000 UTC,3.12,3.07,3.09,3.1
2022-01-26 22:00:00.000 UTC,3.08,2.99,3.02,3.05
2022-01-26 21:00:00.000 UTC,3.18,3,3.14,3
2022-01-26 20:00:00.000 UTC,3.32,3.13,3.32,3.18
2022-01-26 19:00:00.000 UTC,3.43,3.22,3.22,3.35
2022-01-26 18:00:00.000 UTC,3.25,3.14,3.22,3.25
2022-01-26 17:00:00.000 UTC,3.26,3.22,3.22,3.22
2022-01-26 16:00:00.000 UTC,3.24,3.22,3.24,3.24
2022-01-26 15:00:00.000 UTC,3.31,3.23,3.26,3.23
2022-01-26 14:00:00.000 UTC,3.32,3.25,3.25,3.29
2022-01-26 13:00:00.000 UTC,3.28,3.21,3.24,3.27
2022-01-26 12:00:00.000 UTC,3.29,3.22,3.29,3.22
2022-01-26 11:00:00.000 UTC,3.28,3.26,3.26,3.28
2022-01-26 10:00:00.000 UTC,3.27,3.23,3.26,3.25
2022-01-26 09:00:00.000 UTC,3.3,3.25,3.28,3.27
2022-01-26 08:00:00.000 UTC,3.24,3.19,3.2,3.23
2022-01-26 07:00:00.000 UTC,3.21,3.17,3.18,3.19
2022-01-26 06:00:00.000 UTC,3.23,3.18,3.22,3.18
2022-01-26 05:00:00.000 UTC,3.25,3.19,3.25,3.23
2022-01-26 04:00:00.000 UTC,3.24,3.17,3.21,3.24
2022-01-26 03:00:00.000 UTC,3.22,3.15,3.15,3.22
2022-01-26 02:00:00.000 UTC,3.25,3.16,3.2,3.16
2022-01-26 01:00:00.000 UTC,3.24,3.16,3.16,3.2
2022-01-26 00:00:00.000 UTC,3.19,3.03,3.06,3.15
2022-01-25 23:00:00.000 UTC,3.08,3.03,3.03,3.06
2022-01-25 22:00:00.000 UTC,3.05,3.02,3.05,3.03
2022-01-25 21:00:00.000 UTC,3.04,3,3.04,3.04
2022-01-25 20:00:00.000 UTC,3.08,3.04,3.08,3.04
2022-01-25 19:00:00.000 UTC,3.11,3.05,3.11,3.09
2022-01-25 18:00:00.000 UTC,3.1,3.08,3.09,3.09
2022-01-25 17:00:00.000 UTC,3.11,3.05,3.05,3.1
2022-01-25 16:00:00.000 UTC,3.07,2.99,2.99,3.07
2022-01-25 15:00:00.000 UTC,3.01,2.94,2.97,3
2022-01-25 14:00:00.000 UTC,3.05,2.97,3,2.97
2022-01-25 13:00:00.000 UTC,3.03,2.98,3.03,2.98
2022-01-25 12:00:00.000 UTC,3.06,3,3.01,3.03
2022-01-25 11:00:00.000 UTC,3.05,3,3.04,3
2022-01-25 10:00:00.000 UTC,3.08,2.99,2.99,3.05
2022-01-25 09:00:00.000 UTC,3,2.93,2.94,3
2022-01-25 08:00:00.000 UTC,3.01,2.93,2.93,2.96
2022-01-25 07:00:00.000 UTC,2.96,2.9,2.92,2.96
2022-01-25 06:00:00.000 UTC,2.95,2.91,2.95,2.92
2022-01-25 05:00:00.000 UTC,2.96,2.9,2.91,2.93
2022-01-25 04:00:00.000 UTC,2.97,2.91,2.97,2.91
2022-01-25 03:00:00.000 UTC,2.99,2.94,2.98,2.94
2022-01-25 02:00:00.000 UTC,2.98,2.95,2.95,2.98
2022-01-25 01:00:00.000 UTC,2.96,2.94,2.95,2.96
2022-01-25 00:00:00.000 UTC,3.01,2.94,3,2.94
2022-01-24 23:00:00.000 UTC,3.04,2.98,2.98,3.03
2022-01-24 22:00:00.000 UTC,3.03,2.98,3.03,3
2022-01-24 21:00:00.000 UTC,3.05,3.02,3.05,3.04
2022-01-24 20:00:00.000 UTC,3.05,2.88,2.88,3.05
2022-01-24 19:00:00.000 UTC,2.92,2.88,2.92,2.89
2022-01-24 18:00:00.000 UTC,2.94,2.86,2.87,2.93
2022-01-24 17:00:00.000 UTC,2.89,2.74,2.74,2.89
2022-01-24 16:00:00.000 UTC,2.8,2.74,2.76,2.76
2022-01-24 15:00:00.000 UTC,2.79,2.67,2.7,2.75
2022-01-24 14:00:00.000 UTC,2.76,2.66,2.71,2.73
2022-01-24 13:00:00.000 UTC,2.71,2.67,2.69,2.69
2022-01-24 12:00:00.000 UTC,2.74,2.66,2.71,2.67
2022-01-24 11:00:00.000 UTC,2.78,2.68,2.7,2.72
2022-01-24 10:00:00.000 UTC,2.81,2.7,2.81,2.71
2022-01-24 09:00:00.000 UTC,2.87,2.78,2.87,2.78
2022-01-24 08:00:00.000 UTC,2.92,2.86,2.86,2.89
2022-01-24 07:00:00.000 UTC,2.94,2.88,2.91,2.92
2022-01-24 06:00:00.000 UTC,2.95,2.89,2.91,2.91
2022-01-24 05:00:00.000 UTC,2.92,2.87,2.9,2.9
2022-01-24 04:00:00.000 UTC,3,2.91,2.97,2.91
2022-01-24 03:00:00.000 UTC,2.99,2.97,2.98,2.97
2022-01-24 02:00:00.000 UTC,3.04,2.99,3.04,2.99
2022-01-24 01:00:00.000 UTC,3.11,3.04,3.06,3.04
2022-01-24 00:00:00.000 UTC,3.17,3.09,3.17,3.1
2022-01-23 23:00:00.000 UTC,3.16,3.03,3.03,3.16
2022-01-23 22:00:00.000 UTC,3,2.97,2.97,2.98
2022-01-23 21:00:00.000 UTC,3.01,2.95,2.97,3.01
2022-01-23 20:00:00.000 UTC,3,2.95,2.95,2.97
2022-01-23 19:00:00.000 UTC,2.98,2.94,2.96,2.95
2022-01-23 18:00:00.000 UTC,3.08,2.98,3.03,3
2022-01-23 17:00:00.000 UTC,3.07,3.03,3.03,3.04
2022-01-23 16:00:00.000 UTC,3.12,3.02,3.08,3.05
2022-01-23 15:00:00.000 UTC,3.06,3.02,3.03,3.02
2022-01-23 14:00:00.000 UTC,3.18,3,3.16,3
2022-01-23 13:00:00.000 UTC,3.14,3.12,3.14,3.14
2022-01-23 12:00:00.000 UTC,3.16,3.1,3.15,3.13
2022-01-23 11:00:00.000 UTC,3.17,3.13,3.16,3.15
2022-01-23 10:00:00.000 UTC,3.21,3.15,3.19,3.16
2022-01-23 09:00:00.000 UTC,3.25,3.14,3.14,3.22
2022-01-23 08:00:00.000 UTC,3.17,3.13,3.15,3.13
2022-01-23 07:00:00.000 UTC,3.17,3.08,3.08,3.15
2022-01-23 06:00:00.000 UTC,3.16,3.08,3.16,3.12
2022-01-23 05:00:00.000 UTC,3.14,3.05,3.06,3.09
2022-01-23 04:00:00.000 UTC,3.09,3.05,3.07,3.06
2022-01-23 03:00:00.000 UTC,3.13,3.01,3.05,3.13
2022-01-23 02:00:00.000 UTC,3.11,3.06,3.11,3.06
2022-01-23 01:00:00.000 UTC,3.18,3.11,3.14,3.11
2022-01-23 00:00:00.000 UTC,3.14,2.99,3.04,3.14
2022-01-22 23:00:00.000 UTC,2.98,2.93,2.95,2.98
2022-01-22 22:00:00.000 UTC,3.05,2.94,3.04,2.94
2022-01-22 21:00:00.000 UTC,3.05,3,3.01,3.02
2022-01-22 20:00:00.000 UTC,3.09,2.9,2.97,2.99
2022-01-22 19:00:00.000 UTC,2.97,2.89,2.94,2.95
2022-01-22 18:00:00.000 UTC,2.99,2.85,2.88,2.93
2022-01-22 17:00:00.000 UTC,2.99,2.9,2.96,2.92
2022-01-22 16:00:00.000 UTC,3.03,2.89,2.89,2.95
2022-01-22 15:00:00.000 UTC,2.96,2.88,2.96,2.88
2022-01-22 14:00:00.000 UTC,2.99,2.96,2.99,2.98
2022-01-22 13:00:00.000 UTC,3.11,2.99,3.03,2.99
2022-01-22 12:00:00.000 UTC,3.05,2.94,2.94,3.05
2022-01-22 11:00:00.000 UTC,3,2.86,2.89,2.95
2022-01-22 10:00:00.000 UTC,2.95,2.64,2.78,2.86
2022-01-22 09:00:00.000 UTC,2.96,2.8,2.96,2.8
2022-01-22 08:00:00.000 UTC,3,2.92,2.92,2.95
2022-01-22 07:00:00.000 UTC,3.04,2.91,3.03,2.93
2022-01-22 06:00:00.000 UTC,3.14,3,3.11,3.07
2022-01-22 05:00:00.000 UTC,3.3,3.12,3.3,3.13
2022-01-22 04:00:00.000 UTC,3.36,3.29,3.33,3.29
2022-01-22 03:00:00.000 UTC,3.43,3.31,3.38,3.32
2022-01-22 02:00:00.000 UTC,3.38,3.34,3.38,3.36
2022-01-22 01:00:00.000 UTC,3.39,3.34,3.38,3.39
2022-01-22 00:00:00.000 UTC,3.41,3.33,3.35,3.36
2022-01-21 23:00:00.000 UTC,3.41,3.32,3.33,3.33
2022-01-21 22:00:00.000 UTC,3.39,3.28,3.37,3.28
2022-01-21 21:00:00.000 UTC,3.61,3.3,3.55,3.3
2022-01-21 20:00:00.000 UTC,3.65,3.53,3.64,3.58
2022-01-21 19:00:00.000 UTC,3.66,3.62,3.64,3.65
2022-01-21 18:00:00.000 UTC,3.67,3.64,3.64,3.64
2022-01-21 17:00:00.000 UTC,3.67,3.63,3.66,3.64
2022-01-21 16:00:00.000 UTC,3.73,3.68,3.72,3.69
2022-01-21 15:00:00.000 UTC,3.72,3.61,3.64,3.7
2022-01-21 14:00:00.000 UTC,3.7,3.64,3.66,3.65
2022-01-21 13:00:00.000 UTC,3.68,3.63,3.63,3.67
2022-01-21 12:00:00.000 UTC,3.74,3.6,3.74,3.62
2022-01-21 11:00:00.000 UTC,3.76,3.72,3.75,3.73
2022-01-21 10:00:00.000 UTC,3.78,3.75,3.76,3.78
2022-01-21 09:00:00.000 UTC,3.79,3.76,3.79,3.78
2022-01-21 08:00:00.000 UTC,3.84,3.77,3.78,3.78
2022-01-21 07:00:00.000 UTC,3.81,3.71,3.74,3.77
2022-01-21 06:00:00.000 UTC,3.75,3.72,3.74,3.73
2022-01-21 05:00:00.000 UTC,3.76,3.72,3.74,3.75
2022-01-21 04:00:00.000 UTC,3.8,3.73,3.73,3.75
2022-01-21 03:00:00.000 UTC,3.85,3.7,3.85,3.7
2022-01-21 02:00:00.000 UTC,3.88,3.78,3.78,3.86
2022-01-21 01:00:00.000 UTC,4.02,3.81,4.01,3.81
2022-01-21 00:00:00.000 UTC,4.03,3.92,3.96,4
2022-01-20 23:00:00.000 UTC,4.1,3.95,4.1,3.95
2022-01-20 22:00:00.000 UTC,4.13,4.07,4.13,4.09
2022-01-20 21:00:00.000 UTC,4.34,4.17,4.34,4.17
2022-01-20 20:00:00.000 UTC,4.38,4.34,4.37,4.34
2022-01-20 19:00:00.000 UTC,4.4,4.36,4.39,4.37
2022-01-20 18:00:00.000 UTC,4.4,4.38,4.4,4.39
2022-01-20 17:00:00.000 UTC,4.44,4.39,4.42,4.4
2022-01-20 16:00:00.000 UTC,4.45,4.42,4.42,4.42
2022-01-20 15:00:00.000 UTC,4.46,4.41,4.45,4.42
2022-01-20 14:00:00.000 UTC,4.42,4.32,4.32,4.41
2022-01-20 13:00:00.000 UTC,4.33,4.26,4.28,4.32
2022-01-20 12:00:00.000 UTC,4.3,4.24,4.3,4.24
2022-01-20 11:00:00.000 UTC,4.34,4.29,4.29,4.3
2022-01-20 10:00:00.000 UTC,4.34,4.27,4.27,4.29
2022-01-20 09:00:00.000 UTC,4.34,4.25,4.31,4.27
2022-01-20 08:00:00.000 UTC,4.33,4.29,4.33,4.3
2022-01-20 07:00:00.000 UTC,4.33,4.27,4.28,4.33
2022-01-20 06:00:00.000 UTC,4.3,4.27,4.27,4.27
2022-01-20 05:00:00.000 UTC,4.27,4.24,4.25,4.27
2022-01-20 04:00:00.000 UTC,4.27,4.23,4.24,4.27
2022-01-20 03:00:00.000 UTC,4.26,4.23,4.25,4.24
2022-01-20 02:00:00.000 UTC,4.26,4.19,4.2,4.26
2022-01-20 01:00:00.000 UTC,4.24,4.18,4.23,4.18
2022-01-20 00:00:00.000 UTC,4.26,4.24,4.25,4.24
2022-01-19 23:00:00.000 UTC,4.31,4.25,4.31,4.25
2022-01-19 22:00:00.000 UTC,4.3,4.24,4.28,4.3
2022-01-19 21:00:00.000 UTC,4.3,4.27,4.29,4.28
2022-01-19 20:00:00.000 UTC,4.3,4.28,4.29,4.29
2022-01-19 19:00:00.000 UTC,4.31,4.28,4.29,4.29
2022-01-19 18:00:00.000 UTC,4.33,4.28,4.32,4.31
2022-01-19 17:00:00.000 UTC,4.33,4.26,4.26,4.32
2022-01-19 16:00:00.000 UTC,4.28,4.24,4.28,4.25
2022-01-19 15:00:00.000 UTC,4.37,4.26,4.34,4.26
2022-01-19 14:00:00.000 UTC,4.36,4.28,4.29,4.33
2022-01-19 13:00:00.000 UTC,4.31,4.27,4.28,4.29
2022-01-19 12:00:00.000 UTC,4.29,4.26,4.26,4.28
2022-01-19 11:00:00.000 UTC,4.3,4.19,4.19,4.26
2022-01-19 10:00:00.000 UTC,4.24,4.19,4.24,4.19
2022-01-19 09:00:00.000 UTC,4.21,4.17,4.17,4.21
2022-01-19 08:00:00.000 UTC,4.18,4.15,4.18,4.17
2022-01-19 07:00:00.000 UTC,4.3,4.18,4.3,4.18
2022-01-19 06:00:00.000 UTC,4.32,4.3,4.31,4.3
2022-01-19 05:00:00.000 UTC,4.36,4.3,4.35,4.32
2022-01-19 04:00:00.000 UTC,4.36,4.33,4.36,4.35
2022-01-19 03:00:00.000 UTC,4.47,4.35,4.47,4.35
2022-01-19 02:00:00.000 UTC,4.5,4.47,4.48,4.47
2022-01-19 01:00:00.000 UTC,4.49,4.45,4.46,4.49
2022-01-19 00:00:00.000 UTC,4.49,4.46,4.49,4.47
2022-01-18 23:00:00.000 UTC,4.51,4.48,4.51,4.48
2022-01-18 22:00:00.000 UTC,4.52,4.49,4.52,4.51
2022-01-18 21:00:00.000 UTC,4.51,4.42,4.42,4.51
2022-01-18 20:00:00.000 UTC,4.44,4.41,4.44,4.41
2022-01-18 19:00:00.000 UTC,4.47,4.41,4.41,4.47
2022-01-18 18:00:00.000 UTC,4.43,4.4,4.41,4.41
2022-01-18 17:00:00.000 UTC,4.44,4.41,4.43,4.44
2022-01-18 16:00:00.000 UTC,4.46,4.41,4.43,4.46
2022-01-18 15:00:00.000 UTC,4.44,4.39,4.41,4.43
2022-01-18 14:00:00.000 UTC,4.51,4.47,4.51,4.47
2022-01-18 13:00:00.000 UTC,4.51,4.44,4.47,4.51
2022-01-18 12:00:00.000 UTC,4.48,4.45,4.48,4.46
2022-01-18 11:00:00.000 UTC,4.49,4.46,4.49,4.47
2022-01-18 10:00:00.000 UTC,4.54,4.47,4.47,4.51
2022-01-18 09:00:00.000 UTC,4.51,4.46,4.49,4.5
2022-01-18 08:00:00.000 UTC,4.54,4.48,4.53,4.51
2022-01-18 07:00:00.000 UTC,4.56,4.51,4.54,4.52
2022-01-18 06:00:00.000 UTC,4.57,4.49,4.49,4.57
2022-01-18 05:00:00.000 UTC,4.51,4.47,4.5,4.48
2022-01-18 04:00:00.000 UTC,4.56,4.49,4.56,4.51
2022-01-18 03:00:00.000 UTC,4.61,4.54,4.59,4.56
2022-01-18 02:00:00.000 UTC,4.61,4.58,4.6,4.58
2022-01-18 01:00:00.000 UTC,4.63,4.61,4.63,4.62
2022-01-18 00:00:00.000 UTC,4.64,4.61,4.62,4.64
2022-01-17 23:00:00.000 UTC,4.61,4.59,4.6,4.6
2022-01-17 22:00:00.000 UTC,4.64,4.54,4.55,4.59
2022-01-17 21:00:00.000 UTC,4.61,4.54,4.61,4.55
2022-01-17 20:00:00.000 UTC,4.62,4.6,4.61,4.6
2022-01-17 19:00:00.000 UTC,4.62,4.6,4.61,4.61
2022-01-17 18:00:00.000 UTC,4.61,4.58,4.59,4.61
2022-01-17 17:00:00.000 UTC,4.62,4.58,4.62,4.59
2022-01-17 16:00:00.000 UTC,4.66,4.59,4.63,4.61
2022-01-17 15:00:00.000 UTC,4.72,4.65,4.72,4.65
2022-01-17 14:00:00.000 UTC,4.73,4.71,4.73,4.71
2022-01-17 13:00:00.000 UTC,4.74,4.7,4.74,4.72
2022-01-17 12:00:00.000 UTC,4.77,4.71,4.75,4.72
2022-01-17 11:00:00.000 UTC,4.78,4.74,4.77,4.76
2022-01-17 10:00:00.000 UTC,4.85,4.76,4.8,4.76
2022-01-17 09:00:00.000 UTC,4.82,4.76,4.76,4.82
2022-01-17 08:00:00.000 UTC,4.77,4.75,4.77,4.76
2022-01-17 07:00:00.000 UTC,4.78,4.75,4.75,4.77
2022-01-17 06:00:00.000 UTC,4.77,4.75,4.77,4.75
2022-01-17 05:00:00.000 UTC,4.79,4.74,4.79,4.74
2022-01-17 04:00:00.000 UTC,4.84,4.78,4.79,4.79
2022-01-17 03:00:00.000 UTC,4.94,4.8,4.9,4.8
2022-01-17 02:00:00.000 UTC,4.97,4.9,4.92,4.93
2022-01-17 01:00:00.000 UTC,4.94,4.87,4.88,4.92
2022-01-17 00:00:00.000 UTC,4.96,4.89,4.91,4.9
2022-01-16 23:00:00.000 UTC,4.94,4.86,4.86,4.91
2022-01-16 22:00:00.000 UTC,4.87,4.84,4.84,4.86
2022-01-16 21:00:00.000 UTC,4.87,4.84,4.87,4.84
2022-01-16 20:00:00.000 UTC,4.88,4.86,4.87,4.87
2022-01-16 19:00:00.000 UTC,4.93,4.87,4.93,4.87
2022-01-16 18:00:00.000 UTC,4.99,4.91,4.97,4.93
2022-01-16 17:00:00.000 UTC,5.04,4.98,5.01,5
2022-01-16 16:00:00.000 UTC,5.07,4.81,4.81,4.99
2022-01-16 15:00:00.000 UTC,4.82,4.8,4.82,4.8
2022-01-16 14:00:00.000 UTC,4.81,4.78,4.79,4.81
2022-01-16 13:00:00.000 UTC,4.82,4.76,4.8,4.77
2022-01-16 12:00:00.000 UTC,4.84,4.8,4.8,4.81
2022-01-16 11:00:00.000 UTC,4.84,4.79,4.81,4.8
2022-01-16 10:00:00.000 UTC,4.84,4.82,4.83,4.82
2022-01-16 09:00:00.000 UTC,4.83,4.82,4.82,4.83
2022-01-16 08:00:00.000 UTC,4.84,4.81,4.83,4.82
2022-01-16 07:00:00.000 UTC,4.84,4.82,4.82,4.83
2022-01-16 06:00:00.000 UTC,4.83,4.81,4.83,4.81
2022-01-16 05:00:00.000 UTC,4.84,4.81,4.83,4.81
2022-01-16 04:00:00.000 UTC,4.84,4.79,4.8,4.8
2022-01-16 03:00:00.000 UTC,4.83,4.79,4.81,4.8
2022-01-16 02:00:00.000 UTC,4.87,4.8,4.83,4.8
2022-01-16 01:00:00.000 UTC,4.84,4.83,4.83,4.83
2022-01-16 00:00:00.000 UTC,4.86,4.83,4.85,4.86
2022-01-15 23:00:00.000 UTC,4.89,4.85,4.87,4.85
2022-01-15 22:00:00.000 UTC,4.88,4.86,4.88,4.87
2022-01-15 21:00:00.000 UTC,4.9,4.87,4.9,4.87
2022-01-15 20:00:00.000 UTC,4.94,4.9,4.9,4.91
2022-01-15 19:00:00.000 UTC,4.89,4.88,4.88,4.89
2022-01-15 18:00:00.000 UTC,4.89,4.88,4.89,4.89
2022-01-15 17:00:00.000 UTC,4.9,4.88,4.9,4.89
2022-01-15 16:00:00.000 UTC,4.91,4.89,4.89,4.91
2022-01-15 15:00:00.000 UTC,4.93,4.86,4.88,4.89
2022-01-15 14:00:00.000 UTC,4.93,4.86,4.86,4.93
2022-01-15 13:00:00.000 UTC,4.88,4.82,4.83,4.88
2022-01-15 12:00:00.000 UTC,4.93,4.82,4.88,4.82
2022-01-15 11:00:00.000 UTC,4.92,4.85,4.85,4.88
2022-01-15 10:00:00.000 UTC,4.87,4.84,4.84,4.87
2022-01-15 09:00:00.000 UTC,4.84,4.82,4.84,4.83
2022-01-15 08:00:00.000 UTC,4.88,4.83,4.83,4.84
2022-01-15 07:00:00.000 UTC,4.87,4.81,4.83,4.82
2022-01-15 06:00:00.000 UTC,4.86,4.8,4.81,4.82
2022-01-15 05:00:00.000 UTC,4.85,4.8,4.82,4.81
2022-01-15 04:00:00.000 UTC,4.88,4.81,4.88,4.82
2022-01-15 03:00:00.000 UTC,4.91,4.87,4.89,4.88
2022-01-15 02:00:00.000 UTC,4.89,4.87,4.87,4.87
2022-01-15 01:00:00.000 UTC,4.9,4.87,4.9,4.87
2022-01-15 00:00:00.000 UTC,4.91,4.88,4.91,4.89
2022-01-14 23:00:00.000 UTC,4.94,4.89,4.93,4.9
2022-01-14 22:00:00.000 UTC,4.96,4.92,4.95,4.93
2022-01-14 21:00:00.000 UTC,4.94,4.92,4.92,4.94
2022-01-14 20:00:00.000 UTC,4.96,4.92,4.93,4.92
2022-01-14 19:00:00.000 UTC,4.96,4.89,4.89,4.95
2022-01-14 18:00:00.000 UTC,4.91,4.86,4.91,4.88
2022-01-14 17:00:00.000 UTC,4.9,4.85,4.88,4.86
2022-01-14 16:00:00.000 UTC,4.88,4.85,4.87,4.88
2022-01-14 15:00:00.000 UTC,4.91,4.87,4.9,4.87
2022-01-14 14:00:00.000 UTC,4.89,4.8,4.81,4.89
2022-01-14 13:00:00.000 UTC,4.86,4.81,4.85,4.81
2022-01-14 12:00:00.000 UTC,4.92,4.71,4.73,4.92
2022-01-14 11:00:00.000 UTC,4.79,4.69,4.79,4.73
2022-01-14 10:00:00.000 UTC,4.86,4.79,4.86,4.83
2022-01-14 09:00:00.000 UTC,4.86,4.82,4.82,4.82
2022-01-14 08:00:00.000 UTC,4.88,4.79,4.88,4.81
2022-01-14 07:00:00.000 UTC,4.9,4.83,4.88,4.88
2022-01-14 06:00:00.000 UTC,4.9,4.88,4.9,4.88
2022-01-14 05:00:00.000 UTC,4.9,4.86,4.89,4.89
2022-01-14 04:00:00.000 UTC,4.96,4.86,4.86,4.91
2022-01-14 03:00:00.000 UTC,4.86,4.83,4.84,4.86
2022-01-14 02:00:00.000 UTC,4.87,4.83,4.85,4.84
2022-01-14 01:00:00.000 UTC,4.87,4.84,4.87,4.85
2022-01-14 00:00:00.000 UTC,4.92,4.82,4.91,4.87
2022-01-13 23:00:00.000 UTC,4.86,4.83,4.83,4.83
2022-01-13 22:00:00.000 UTC,4.91,4.83,4.91,4.83
2022-01-13 21:00:00.000 UTC,4.92,4.89,4.9,4.91
2022-01-13 20:00:00.000 UTC,4.91,4.85,4.91,4.88
2022-01-13 19:00:00.000 UTC,4.94,4.88,4.93,4.9
2022-01-13 18:00:00.000 UTC,4.95,4.92,4.93,4.92
2022-01-13 17:00:00.000 UTC,4.98,4.9,4.96,4.92
2022-01-13 16:00:00.000 UTC,5.02,4.94,4.96,4.98
2022-01-13 15:00:00.000 UTC,5.11,4.91,5.11,4.92
2022-01-13 14:00:00.000 UTC,5.15,5.09,5.11,5.09
2022-01-13 13:00:00.000 UTC,5.22,5.11,5.2,5.12
2022-01-13 12:00:00.000 UTC,5.2,5.02,5.02,5.2
2022-01-13 11:00:00.000 UTC,5.08,5.02,5.07,5.02
2022-01-13 10:00:00.000 UTC,5.1,5.07,5.08,5.07
2022-01-13 09:00:00.000 UTC,5.1,5.07,5.1,5.08
2022-01-13 08:00:00.000 UTC,5.11,5.07,5.07,5.09
2022-01-13 07:00:00.000 UTC,5.16,5.01,5.03,5.08
2022-01-13 06:00:00.000 UTC,5.04,5.02,5.02,5.02
2022-01-13 05:00:00.000 UTC,5.06,5,5.06,5.03
2022-01-13 04:00:00.000 UTC,5.07,5,5,5.07
2022-01-13 03:00:00.000 UTC,5.04,4.97,5.01,5
2022-01-13 02:00:00.000 UTC,5.03,4.99,5.02,5
2022-01-13 01:00:00.000 UTC,5.08,4.99,5.03,5
2022-01-13 00:00:00.000 UTC,5.17,5.05,5.13,5.05
2022-01-12 23:00:00.000 UTC,5.15,5.11,5.11,5.14
2022-01-12 22:00:00.000 UTC,5.19,5.09,5.19,5.1
2022-01-12 21:00:00.000 UTC,5.21,5.13,5.14,5.14
2022-01-12 20:00:00.000 UTC,5.19,5.1,5.12,5.13
2022-01-12 19:00:00.000 UTC,5.12,5.08,5.1,5.12
2022-01-12 18:00:00.000 UTC,5.18,5.1,5.13,5.18
2022-01-12 17:00:00.000 UTC,5.13,5.1,5.13,5.12
2022-01-12 16:00:00.000 UTC,5.14,5.07,5.1,5.13
2022-01-12 15:00:00.000 UTC,5.2,5.11,5.17,5.11
2022-01-12 14:00:00.000 UTC,5.19,5.14,5.19,5.17
2022-01-12 13:00:00.000 UTC,5.19,5.1,5.12,5.18
2022-01-12 12:00:00.000 UTC,5.19,4.95,4.95,5.17
2022-01-12 11:00:00.000 UTC,4.98,4.8,4.88,4.96
2022-01-12 10:00:00.000 UTC,4.86,4.83,4.85,4.83
2022-01-12 09:00:00.000 UTC,4.88,4.81,4.82,4.85
2022-01-12 08:00:00.000 UTC,4.83,4.81,4.81,4.82
2022-01-12 07:00:00.000 UTC,4.89,4.79,4.87,4.79
2022-01-12 06:00:00.000 UTC,4.88,4.81,4.81,4.86
2022-01-12 05:00:00.000 UTC,4.84,4.79,4.81,4.81
2022-01-12 04:00:00.000 UTC,4.89,4.78,4.79,4.82
2022-01-12 03:00:00.000 UTC,4.83,4.74,4.77,4.78
2022-01-12 02:00:00.000 UTC,4.8,4.75,4.77,4.75
2022-01-12 01:00:00.000 UTC,4.86,4.78,4.8,4.78
2022-01-12 00:00:00.000 UTC,4.83,4.72,4.72,4.79
2022-01-11 23:00:00.000 UTC,4.73,4.65,4.65,4.73
2022-01-11 22:00:00.000 UTC,4.64,4.62,4.63,4.63
2022-01-11 21:00:00.000 UTC,4.67,4.62,4.65,4.62
2022-01-11 20:00:00.000 UTC,4.65,4.63,4.64,4.64
2022-01-11 19:00:00.000 UTC,4.68,4.6,4.61,4.64
2022-01-11 18:00:00.000 UTC,4.66,4.59,4.61,4.62
2022-01-11 17:00:00.000 UTC,4.7,4.59,4.62,4.62
2022-01-11 16:00:00.000 UTC,4.64,4.51,4.51,4.62
2022-01-11 15:00:00.000 UTC,4.53,4.44,4.44,4.45
2022-01-11 14:00:00.000 UTC,4.48,4.42,4.47,4.43
2022-01-11 13:00:00.000 UTC,4.63,4.45,4.47,4.52
2022-01-11 12:00:00.000 UTC,4.49,4.42,4.42,4.48
2022-01-11 11:00:00.000 UTC,4.46,4.41,4.41,4.43
2022-01-11 10:00:00.000 UTC,4.47,4.4,4.47,4.43
2022-01-11 09:00:00.000 UTC,4.47,4.42,4.47,4.44
2022-01-11 08:00:00.000 UTC,4.53,4.47,4.5,4.47
2022-01-11 07:00:00.000 UTC,4.5,4.46,4.48,4.5
2022-01-11 06:00:00.000 UTC,4.54,4.46,4.49,4.46
2022-01-11 05:00:00.000 UTC,4.51,4.46,4.51,4.49
2022-01-11 04:00:00.000 UTC,4.55,4.49,4.55,4.5
2022-01-11 03:00:00.000 UTC,4.53,4.46,4.51,4.52
2022-01-11 02:00:00.000 UTC,4.52,4.42,4.43,4.49
2022-01-11 01:00:00.000 UTC,4.45,4.41,4.41,4.41
2022-01-11 00:00:00.000 UTC,4.47,4.41,4.46,4.44
2022-01-10 23:00:00.000 UTC,4.46,4.42,4.42,4.45
2022-01-10 22:00:00.000 UTC,4.43,4.41,4.42,4.41
2022-01-10 21:00:00.000 UTC,4.47,4.4,4.47,4.41
2022-01-10 20:00:00.000 UTC,4.44,4.33,4.38,4.41
2022-01-10 19:00:00.000 UTC,4.4,4.36,4.4,4.38
2022-01-10 18:00:00.000 UTC,4.39,4.34,4.35,4.39
2022-01-10 17:00:00.000 UTC,4.49,4.3,4.45,4.36
2022-01-10 16:00:00.000 UTC,4.49,4.34,4.35,4.45
2022-01-10 15:00:00.000 UTC,4.39,4.32,4.38,4.35
2022-01-10 14:00:00.000 UTC,4.47,4.27,4.47,4.38
2022-01-10 13:00:00.000 UTC,4.53,4.45,4.49,4.47
2022-01-10 12:00:00.000 UTC,4.63,4.55,4.61,4.55
2022-01-10 11:00:00.000 UTC,4.71,4.62,4.71,4.65
2022-01-10 10:00:00.000 UTC,4.72,4.68,4.69,4.72
2022-01-10 09:00:00.000 UTC,4.72,4.69,4.7,4.69
2022-01-10 08:00:00.000 UTC,4.77,4.68,4.73,4.7
2022-01-10 07:00:00.000 UTC,4.74,4.71,4.71,4.73
2022-01-10 06:00:00.000 UTC,4.76,4.72,4.74,4.76
2022-01-10 05:00:00.000 UTC,4.75,4.72,4.75,4.72
2022-01-10 04:00:00.000 UTC,4.75,4.7,4.71,4.75
2022-01-10 03:00:00.000 UTC,4.71,4.68,4.69,4.71
2022-01-10 02:00:00.000 UTC,4.72,4.67,4.68,4.69
2022-01-10 01:00:00.000 UTC,4.7,4.67,4.67,4.67
2022-01-10 00:00:00.000 UTC,4.82,4.68,4.72,4.68
2022-01-09 23:00:00.000 UTC,4.77,4.73,4.77,4.73
2022-01-09 22:00:00.000 UTC,4.83,4.78,4.8,4.83
2022-01-09 21:00:00.000 UTC,4.86,4.79,4.83,4.81
2022-01-09 20:00:00.000 UTC,4.89,4.81,4.85,4.82
2022-01-09 19:00:00.000 UTC,4.85,4.77,4.78,4.84
2022-01-09 18:00:00.000 UTC,4.84,4.77,4.77,4.79
2022-01-09 17:00:00.000 UTC,4.8,4.76,4.77,4.78
2022-01-09 16:00:00.000 UTC,4.77,4.66,4.67,4.75
2022-01-09 15:00:00.000 UTC,4.7,4.64,4.69,4.65
2022-01-09 14:00:00.000 UTC,4.71,4.66,4.66,4.7
2022-01-09 13:00:00.000 UTC,4.78,4.69,4.73,4.7
2022-01-09 12:00:00.000 UTC,4.81,4.72,4.77,4.73
2022-01-09 11:00:00.000 UTC,4.8,4.74,4.74,4.77
2022-01-09 10:00:00.000 UTC,4.85,4.71,4.82,4.76
2022-01-09 09:00:00.000 UTC,4.88,4.64,4.64,4.85
2022-01-09 08:00:00.000 UTC,4.68,4.63,4.65,4.63
2022-01-09 07:00:00.000 UTC,4.69,4.65,4.66,4.66
2022-01-09 06:00:00.000 UTC,4.67,4.64,4.65,4.66
2022-01-09 05:00:00.000 UTC,4.69,4.66,4.69,4.66
2022-01-09 04:00:00.000 UTC,4.69,4.64,4.64,4.69
2022-01-09 03:00:00.000 UTC,4.68,4.64,4.68,4.64
2022-01-09 02:00:00.000 UTC,4.68,4.65,4.65,4.67
2022-01-09 01:00:00.000 UTC,4.69,4.62,4.69,4.62
2022-01-09 00:00:00.000 UTC,4.69,4.6,4.62,4.69
2022-01-08 23:00:00.000 UTC,4.65,4.63,4.64,4.64
2022-01-08 22:00:00.000 UTC,4.68,4.61,4.61,4.65
2022-01-08 21:00:00.000 UTC,4.62,4.52,4.52,4.6
2022-01-08 20:00:00.000 UTC,4.55,4.51,4.52,4.51
2022-01-08 19:00:00.000 UTC,4.55,4.5,4.51,4.5
2022-01-08 18:00:00.000 UTC,4.61,4.54,4.57,4.6
2022-01-08 17:00:00.000 UTC,4.7,4.59,4.7,4.59
2022-01-08 16:00:00.000 UTC,4.82,4.71,4.79,4.72
2022-01-08 15:00:00.000 UTC,4.86,4.79,4.86,4.79
2022-01-08 14:00:00.000 UTC,4.92,4.87,4.91,4.88
2022-01-08 13:00:00.000 UTC,4.92,4.89,4.91,4.91
2022-01-08 12:00:00.000 UTC,4.96,4.92,4.95,4.95
2022-01-08 11:00:00.000 UTC,4.96,4.92,4.94,4.96
2022-01-08 10:00:00.000 UTC,5,4.93,5,4.93
2022-01-08 09:00:00.000 UTC,5.01,4.98,4.99,5
2022-01-08 08:00:00.000 UTC,5.03,4.96,4.96,5
2022-01-08 07:00:00.000 UTC,4.99,4.94,4.94,4.94
2022-01-08 06:00:00.000 UTC,4.93,4.88,4.91,4.93
2022-01-08 05:00:00.000 UTC,4.91,4.89,4.9,4.91
2022-01-08 04:00:00.000 UTC,4.91,4.89,4.89,4.91
2022-01-08 03:00:00.000 UTC,4.94,4.87,4.9,4.94
2022-01-08 02:00:00.000 UTC,4.96,4.87,4.9,4.9
2022-01-08 01:00:00.000 UTC,4.97,4.9,4.92,4.9
2022-01-08 00:00:00.000 UTC,4.91,4.84,4.85,4.91
2022-01-07 23:00:00.000 UTC,4.86,4.82,4.85,4.84
2022-01-07 22:00:00.000 UTC,4.91,4.85,4.91,4.89
2022-01-07 21:00:00.000 UTC,4.94,4.9,4.92,4.91
2022-01-07 20:00:00.000 UTC,4.94,4.88,4.9,4.94
2022-01-07 19:00:00.000 UTC,4.91,4.85,4.87,4.91
2022-01-07 18:00:00.000 UTC,4.92,4.85,4.92,4.86
2022-01-07 17:00:00.000 UTC,4.97,4.88,4.95,4.91
2022-01-07 16:00:00.000 UTC,4.93,4.81,4.84,4.93
2022-01-07 15:00:00.000 UTC,4.93,4.82,4.9,4.86
2022-01-07 14:00:00.000 UTC,4.92,4.86,4.86,4.91
2022-01-07 13:00:00.000 UTC,5.01,4.85,5.01,4.85
2022-01-07 12:00:00.000 UTC,5.01,4.92,4.92,5.01
2022-01-07 11:00:00.000 UTC,4.97,4.93,4.94,4.93
2022-01-07 10:00:00.000 UTC,5.02,4.97,5.01,5
2022-01-07 09:00:00.000 UTC,5.03,4.97,4.97,5.01
2022-01-07 08:00:00.000 UTC,5.06,4.93,4.93,4.99
2022-01-07 07:00:00.000 UTC,4.99,4.82,4.87,4.99
2022-01-07 06:00:00.000 UTC,4.93,4.85,4.93,4.86
2022-01-07 05:00:00.000 UTC,5,4.89,4.9,4.9
2022-01-07 04:00:00.000 UTC,4.94,4.79,4.87,4.94
2022-01-07 03:00:00.000 UTC,5.05,4.87,5.02,4.88
2022-01-07 02:00:00.000 UTC,5.16,5.06,5.16,5.06
2022-01-07 01:00:00.000 UTC,5.24,5.12,5.14,5.17
2022-01-07 00:00:00.000 UTC,5.24,5.09,5.23,5.19
2022-01-06 23:00:00.000 UTC,5.23,5.15,5.18,5.23
2022-01-06 22:00:00.000 UTC,5.2,5.11,5.12,5.19
2022-01-06 21:00:00.000 UTC,5.13,5.08,5.11,5.12
2022-01-06 20:00:00.000 UTC,5.18,5.07,5.14,5.13
2022-01-06 19:00:00.000 UTC,5.13,5.06,5.1,5.13
2022-01-06 18:00:00.000 UTC,5.09,5.05,5.05,5.09
2022-01-06 17:00:00.000 UTC,5.1,5.04,5.06,5.05
2022-01-06 16:00:00.000 UTC,5.17,5.04,5.13,5.06
2022-01-06 15:00:00.000 UTC,5.29,5.12,5.29,5.12
2022-01-06 14:00:00.000 UTC,5.44,5.18,5.2,5.31
2022-01-06 13:00:00.000 UTC,5.25,4.82,4.82,5.25
2022-01-06 12:00:00.000 UTC,4.8,4.75,4.8,4.8
2022-01-06 11:00:00.000 UTC,4.84,4.77,4.8,4.8
2022-01-06 10:00:00.000 UTC,4.8,4.76,4.79,4.8
2022-01-06 09:00:00.000 UTC,4.86,4.79,4.86,4.79
2022-01-06 08:00:00.000 UTC,4.92,4.84,4.92,4.85
2022-01-06 07:00:00.000 UTC,4.94,4.88,4.89,4.91
2022-01-06 06:00:00.000 UTC,4.94,4.86,4.89,4.87
2022-01-06 05:00:00.000 UTC,4.92,4.86,4.91,4.88
2022-01-06 04:00:00.000 UTC,4.88,4.81,4.85,4.88
2022-01-06 03:00:00.000 UTC,4.92,4.88,4.91,4.9
2022-01-06 02:00:00.000 UTC,4.99,4.91,4.94,4.97
2022-01-06 01:00:00.000 UTC,5.02,4.94,5.02,4.94
2022-01-06 00:00:00.000 UTC,5.04,5,5.01,5.02
2022-01-05 23:00:00.000 UTC,5.05,4.94,4.96,5.02
2022-01-05 22:00:00.000 UTC,4.97,4.83,4.96,4.96
2022-01-05 21:00:00.000 UTC,5.06,4.96,5.01,4.97
2022-01-05 20:00:00.000 UTC,5.11,5.03,5.11,5.08
2022-01-05 19:00:00.000 UTC,5.33,5.09,5.33,5.09
2022-01-05 18:00:00.000 UTC,5.38,5.3,5.38,5.33
2022-01-05 17:00:00.000 UTC,5.5,5.37,5.48,5.37
2022-01-05 16:00:00.000 UTC,5.51,5.49,5.51,5.49
2022-01-05 15:00:00.000 UTC,5.54,5.49,5.51,5.5
2022-01-05 14:00:00.000 UTC,5.53,5.48,5.5,5.5
2022-01-05 13:00:00.000 UTC,5.52,5.49,5.5,5.49
2022-01-05 12:00:00.000 UTC,5.53,5.47,5.52,5.5
2022-01-05 11:00:00.000 UTC,5.59,5.5,5.58,5.54
2022-01-05 10:00:00.000 UTC,5.67,5.57,5.57,5.58
2022-01-05 09:00:00.000 UTC,5.6,5.53,5.54,5.56
2022-01-05 08:00:00.000 UTC,5.57,5.51,5.54,5.57
2022-01-05 07:00:00.000 UTC,5.57,5.53,5.57,5.54
2022-01-05 06:00:00.000 UTC,5.56,5.5,5.51,5.56
2022-01-05 05:00:00.000 UTC,5.53,5.49,5.52,5.53
2022-01-05 04:00:00.000 UTC,5.53,5.51,5.52,5.52
2022-01-05 03:00:00.000 UTC,5.56,5.51,5.51,5.52
2022-01-05 02:00:00.000 UTC,5.55,5.47,5.47,5.51
2022-01-05 01:00:00.000 UTC,5.54,5.47,5.5,5.48
2022-01-05 00:00:00.000 UTC,5.51,5.46,5.48,5.5
2022-01-04 23:00:00.000 UTC,5.53,5.47,5.52,5.47
2022-01-04 22:00:00.000 UTC,5.56,5.52,5.55,5.52
2022-01-04 21:00:00.000 UTC,5.55,5.51,5.52,5.55
2022-01-04 20:00:00.000 UTC,5.55,5.5,5.5,5.54
2022-01-04 19:00:00.000 UTC,5.61,5.5,5.51,5.51
2022-01-04 18:00:00.000 UTC,5.62,5.52,5.62,5.52
2022-01-04 17:00:00.000 UTC,5.66,5.62,5.66,5.62
2022-01-04 16:00:00.000 UTC,5.68,5.64,5.66,5.66
2022-01-04 15:00:00.000 UTC,5.72,5.66,5.71,5.66
2022-01-04 14:00:00.000 UTC,5.71,5.65,5.68,5.71
2022-01-04 13:00:00.000 UTC,5.7,5.63,5.64,5.7
2022-01-04 12:00:00.000 UTC,5.68,5.64,5.67,5.66
2022-01-04 11:00:00.000 UTC,5.69,5.63,5.63,5.69
2022-01-04 10:00:00.000 UTC,5.66,5.57,5.57,5.63
2022-01-04 09:00:00.000 UTC,5.62,5.56,5.6,5.57
2022-01-04 08:00:00.000 UTC,5.64,5.58,5.6,5.58
2022-01-04 07:00:00.000 UTC,5.6,5.57,5.57,5.6
2022-01-04 06:00:00.000 UTC,5.57,5.54,5.54,5.56
2022-01-04 05:00:00.000 UTC,5.56,5.5,5.51,5.52
2022-01-04 04:00:00.000 UTC,5.56,5.53,5.54,5.54
2022-01-04 03:00:00.000 UTC,5.58,5.49,5.53,5.54
2022-01-04 02:00:00.000 UTC,5.56,5.46,5.53,5.52
2022-01-04 01:00:00.000 UTC,5.65,5.56,5.65,5.56
2022-01-04 00:00:00.000 UTC,5.73,5.64,5.7,5.65
2022-01-03 23:00:00.000 UTC,5.72,5.69,5.69,5.7
2022-01-03 22:00:00.000 UTC,5.71,5.68,5.68,5.68
2022-01-03 21:00:00.000 UTC,5.68,5.64,5.64,5.68
2022-01-03 20:00:00.000 UTC,5.73,5.61,5.73,5.64
2022-01-03 19:00:00.000 UTC,5.75,5.69,5.69,5.74
2022-01-03 18:00:00.000 UTC,5.74,5.69,5.69,5.69
2022-01-03 17:00:00.000 UTC,5.73,5.66,5.66,5.7
2022-01-03 16:00:00.000 UTC,5.76,5.66,5.76,5.66
2022-01-03 15:00:00.000 UTC,5.84,5.77,5.81,5.77
2022-01-03 14:00:00.000 UTC,5.84,5.81,5.84,5.81
2022-01-03 13:00:00.000 UTC,5.89,5.83,5.83,5.86
2022-01-03 12:00:00.000 UTC,5.9,5.83,5.85,5.83
2022-01-03 11:00:00.000 UTC,5.85,5.81,5.81,5.84
2022-01-03 10:00:00.000 UTC,5.82,5.8,5.8,5.81
2022-01-03 09:00:00.000 UTC,5.81,5.77,5.8,5.8
2022-01-03 08:00:00.000 UTC,5.81,5.8,5.8,5.8
2022-01-03 07:00:00.000 UTC,5.86,5.79,5.79,5.8
2022-01-03 06:00:00.000 UTC,5.81,5.79,5.81,5.79
2022-01-03 05:00:00.000 UTC,5.85,5.79,5.79,5.81
2022-01-03 04:00:00.000 UTC,5.83,5.8,5.8,5.8
2022-01-03 03:00:00.000 UTC,5.88,5.79,5.86,5.81
2022-01-03 02:00:00.000 UTC,5.94,5.86,5.94,5.86
2022-01-03 01:00:00.000 UTC,5.98,5.88,5.98,5.93
2022-01-03 00:00:00.000 UTC,6.01,5.88,5.92,5.96
2022-01-02 23:00:00.000 UTC,5.93,5.89,5.89,5.93
2022-01-02 22:00:00.000 UTC,5.89,5.87,5.87,5.88
2022-01-02 21:00:00.000 UTC,5.87,5.85,5.85,5.87
2022-01-02 20:00:00.000 UTC,5.87,5.85,5.87,5.85
2022-01-02 19:00:00.000 UTC,5.9,5.87,5.89,5.87
2022-01-02 18:00:00.000 UTC,5.95,5.89,5.95,5.89
2022-01-02 17:00:00.000 UTC,6,5.95,5.96,6
2022-01-02 16:00:00.000 UTC,5.95,5.88,5.89,5.94
2022-01-02 15:00:00.000 UTC,5.9,5.86,5.86,5.9
2022-01-02 14:00:00.000 UTC,5.87,5.85,5.86,5.86
2022-01-02 13:00:00.000 UTC,5.9,5.86,5.89,5.87
2022-01-02 12:00:00.000 UTC,5.9,5.88,5.9,5.9
2022-01-02 11:00:00.000 UTC,5.91,5.89,5.89,5.9
2022-01-02 10:00:00.000 UTC,5.92,5.89,5.9,5.9
2022-01-02 09:00:00.000 UTC,5.9,5.88,5.88,5.9
2022-01-02 08:00:00.000 UTC,5.88,5.85,5.88,5.87
2022-01-02 07:00:00.000 UTC,5.89,5.87,5.87,5.88
2022-01-02 06:00:00.000 UTC,5.88,5.87,5.88,5.87
2022-01-02 05:00:00.000 UTC,5.88,5.86,5.86,5.88
2022-01-02 04:00:00.000 UTC,5.92,5.85,5.92,5.85
2022-01-02 03:00:00.000 UTC,5.92,5.9,5.9,5.91
2022-01-02 02:00:00.000 UTC,5.94,5.9,5.92,5.9
2022-01-02 01:00:00.000 UTC,5.94,5.92,5.94,5.92
2022-01-02 00:00:00.000 UTC,5.97,5.93,5.97,5.93
2022-01-01 23:00:00.000 UTC,5.98,5.92,5.92,5.98
2022-01-01 22:00:00.000 UTC,5.94,5.91,5.91,5.92
2022-01-01 21:00:00.000 UTC,5.95,5.91,5.93,5.91
2022-01-01 20:00:00.000 UTC,5.94,5.92,5.93,5.93
2022-01-01 19:00:00.000 UTC,5.95,5.92,5.93,5.93
2022-01-01 18:00:00.000 UTC,5.95,5.92,5.95,5.93
2022-01-01 17:00:00.000 UTC,5.96,5.9,5.91,5.96
2022-01-01 16:00:00.000 UTC,5.93,5.91,5.91,5.91
2022-01-01 15:00:00.000 UTC,5.92,5.86,5.88,5.92
2022-01-01 14:00:00.000 UTC,5.9,5.87,5.9,5.89
2022-01-01 13:00:00.000 UTC,5.92,5.89,5.92,5.89
2022-01-01 12:00:00.000 UTC,5.92,5.87,5.92,5.91
2022-01-01 11:00:00.000 UTC,5.91,5.87,5.9,5.87
2022-01-01 10:00:00.000 UTC,5.93,5.87,5.91,5.9
2022-01-01 09:00:00.000 UTC,5.96,5.91,5.95,5.91
2022-01-01 08:00:00.000 UTC,5.98,5.95,5.97,5.96
2022-01-01 07:00:00.000 UTC,6.03,5.93,5.95,5.96
2022-01-01 06:00:00.000 UTC,5.99,5.95,5.97,5.95
2022-01-01 05:00:00.000 UTC,6.05,5.93,5.94,5.99
2022-01-01 04:00:00.000 UTC,5.98,5.93,5.95,5.95
2022-01-01 03:00:00.000 UTC,5.99,5.93,5.94,5.96
2022-01-01 02:00:00.000 UTC,6,5.95,5.97,5.95
2022-01-01 01:00:00.000 UTC,6.04,5.96,6.04,5.97
2022-01-01 00:00:00.000 UTC,6.05,5.85,5.85,6.05
2021-12-31 23:00:00.000 UTC,5.88,5.85,5.85,5.85
2021-12-31 22:00:00.000 UTC,5.88,5.82,5.85,5.86
2021-12-31 21:00:00.000 UTC,5.85,5.76,5.76,5.85
2021-12-31 20:00:00.000 UTC,5.83,5.77,5.78,5.77
2021-12-31 19:00:00.000 UTC,5.95,5.77,5.95,5.77
2021-12-31 18:00:00.000 UTC,5.96,5.93,5.95,5.94
2021-12-31 17:00:00.000 UTC,6.04,5.92,6.01,5.94
2021-12-31 16:00:00.000 UTC,6.2,6.09,6.16,6.1
2021-12-31 15:00:00.000 UTC,6.13,6.08,6.09,6.08
2021-12-31 14:00:00.000 UTC,6.08,6.05,6.07,6.08
2021-12-31 13:00:00.000 UTC,6.1,6.06,6.09,6.07
2021-12-31 12:00:00.000 UTC,6.09,6.06,6.07,6.08
2021-12-31 11:00:00.000 UTC,6.09,6.07,6.09,6.07
2021-12-31 10:00:00.000 UTC,6.19,6.09,6.11,6.12
2021-12-31 09:00:00.000 UTC,6.19,6.09,6.18,6.1
2021-12-31 08:00:00.000 UTC,6.18,5.96,5.96,6.15
2021-12-31 07:00:00.000 UTC,6.03,5.93,6.01,5.94
2021-12-31 06:00:00.000 UTC,6.03,5.96,5.98,6.03
2021-12-31 05:00:00.000 UTC,6.06,5.97,6.04,5.99
2021-12-31 04:00:00.000 UTC,6.05,5.97,5.97,6.05
2021-12-31 03:00:00.000 UTC,5.97,5.9,5.92,5.97
2021-12-31 02:00:00.000 UTC,5.95,5.9,5.92,5.92
2021-12-31 01:00:00.000 UTC,5.97,5.89,5.94,5.92
2021-12-31 00:00:00.000 UTC,5.99,5.86,5.9,5.95
2021-12-30 23:00:00.000 UTC,5.95,5.84,5.85,5.9
2021-12-30 22:00:00.000 UTC,5.9,5.83,5.87,5.83
2021-12-30 21:00:00.000 UTC,5.9,5.85,5.85,5.87
2021-12-30 20:00:00.000 UTC,6,5.86,5.92,5.86
2021-12-30 19:00:00.000 UTC,5.95,5.93,5.94,5.94
2021-12-30 18:00:00.000 UTC,6.01,5.9,5.93,6.01
2021-12-30 17:00:00.000 UTC,6,5.92,5.93,5.93
2021-12-30 16:00:00.000 UTC,5.93,5.83,5.83,5.93
2021-12-30 15:00:00.000 UTC,5.89,5.85,5.85,5.85
2021-12-30 14:00:00.000 UTC,5.91,5.83,5.9,5.84
2021-12-30 13:00:00.000 UTC,5.97,5.91,5.97,5.91
2021-12-30 12:00:00.000 UTC,6.02,5.87,5.9,5.99
2021-12-30 11:00:00.000 UTC,5.97,5.8,5.82,5.9
2021-12-30 10:00:00.000 UTC,5.82,5.78,5.79,5.82
2021-12-30 09:00:00.000 UTC,5.84,5.8,5.8,5.81
2021-12-30 08:00:00.000 UTC,5.91,5.81,5.91,5.81
2021-12-30 07:00:00.000 UTC,5.89,5.78,5.79,5.83
2021-12-30 06:00:00.000 UTC,5.79,5.71,5.73,5.77
2021-12-30 05:00:00.000 UTC,5.73,5.69,5.69,5.71
2021-12-30 04:00:00.000 UTC,5.74,5.66,5.66,5.7
2021-12-30 03:00:00.000 UTC,5.77,5.67,5.7,5.68
2021-12-30 02:00:00.000 UTC,5.79,5.66,5.73,5.72
2021-12-30 01:00:00.000 UTC,5.74,5.68,5.72,5.74
2021-12-30 00:00:00.000 UTC,5.86,5.72,5.81,5.73
2021-12-29 23:00:00.000 UTC,5.89,5.76,5.88,5.79
2021-12-29 22:00:00.000 UTC,5.91,5.83,5.86,5.86
2021-12-29 21:00:00.000 UTC,5.91,5.83,5.88,5.86
2021-12-29 20:00:00.000 UTC,5.94,5.87,5.94,5.89
2021-12-29 19:00:00.000 UTC,5.98,5.9,5.95,5.95
2021-12-29 18:00:00.000 UTC,5.97,5.89,5.89,5.92
2021-12-29 17:00:00.000 UTC,5.99,5.89,5.95,5.89
2021-12-29 16:00:00.000 UTC,6.05,5.94,6.04,5.96
2021-12-29 15:00:00.000 UTC,6.09,6.02,6.04,6.04
2021-12-29 14:00:00.000 UTC,6.08,5.9,5.9,6.03
2021-12-29 13:00:00.000 UTC,5.97,5.76,5.83,5.97
2021-12-29 12:00:00.000 UTC,5.97,5.8,5.97,5.82
2021-12-29 11:00:00.000 UTC,5.98,5.92,5.94,5.96
2021-12-29 10:00:00.000 UTC,6,5.92,5.98,5.92
2021-12-29 09:00:00.000 UTC,6.04,5.87,5.92,5.99
2021-12-29 08:00:00.000 UTC,5.94,5.85,5.85,5.94
2021-12-29 07:00:00.000 UTC,5.98,5.87,5.93,5.9
2021-12-29 06:00:00.000 UTC,6.01,5.92,5.93,5.93
2021-12-29 05:00:00.000 UTC,6.04,5.91,6.04,5.93
2021-12-29 04:00:00.000 UTC,6.14,6,6.07,6
2021-12-29 03:00:00.000 UTC,6.14,6.08,6.1,6.09
2021-12-29 02:00:00.000 UTC,6.11,6.03,6.03,6.11
2021-12-29 01:00:00.000 UTC,6.07,5.98,5.98,6.05
2021-12-29 00:00:00.000 UTC,6.03,5.9,5.93,6.03
2021-12-28 23:00:00.000 UTC,5.96,5.89,5.94,5.89
2021-12-28 22:00:00.000 UTC,5.96,5.85,5.92,5.93
2021-12-28 21:00:00.000 UTC,6.01,5.91,5.99,5.93
2021-12-28 20:00:00.000 UTC,6.05,5.89,5.89,6.01
2021-12-28 19:00:00.000 UTC,5.89,5.78,5.86,5.89
2021-12-28 18:00:00.000 UTC,5.92,5.83,5.92,5.84
2021-12-28 17:00:00.000 UTC,6.09,5.91,6.09,5.91
2021-12-28 16:00:00.000 UTC,6.19,6.03,6.15,6.09
2021-12-28 15:00:00.000 UTC,6.26,6.15,6.21,6.15
2021-12-28 14:00:00.000 UTC,6.32,6.17,6.32,6.2
2021-12-28 13:00:00.000 UTC,6.33,6.28,6.3,6.31
2021-12-28 12:00:00.000 UTC,6.41,6.33,6.41,6.33
2021-12-28 11:00:00.000 UTC,6.4,6.19,6.19,6.4
2021-12-28 10:00:00.000 UTC,6.19,6.14,6.17,6.18
2021-12-28 09:00:00.000 UTC,6.27,6.17,6.24,6.17
2021-12-28 08:00:00.000 UTC,6.3,6.18,6.21,6.22
2021-12-28 07:00:00.000 UTC,6.29,6.17,6.17,6.21
2021-12-28 06:00:00.000 UTC,6.27,6.15,6.16,6.22
2021-12-28 05:00:00.000 UTC,6.19,6.05,6.07,6.18
2021-12-28 04:00:00.000 UTC,6.19,6.03,6.16,6.08
2021-12-28 03:00:00.000 UTC,6.22,6.11,6.22,6.14
2021-12-28 02:00:00.000 UTC,6.29,6.2,6.29,6.2
2021-12-28 01:00:00.000 UTC,6.41,6.28,6.41,6.28
2021-12-28 00:00:00.000 UTC,6.46,6.31,6.43,6.39
2021-12-27 23:00:00.000 UTC,6.48,6.41,6.47,6.41
2021-12-27 22:00:00.000 UTC,6.57,6.44,6.54,6.46
2021-12-27 21:00:00.000 UTC,6.6,6.56,6.57,6.59
2021-12-27 20:00:00.000 UTC,6.63,6.54,6.57,6.57
2021-12-27 19:00:00.000 UTC,6.68,6.58,6.68,6.61
2021-12-27 18:00:00.000 UTC,6.71,6.65,6.71,6.67
2021-12-27 17:00:00.000 UTC,6.71,6.64,6.64,6.69
2021-12-27 16:00:00.000 UTC,6.69,6.62,6.68,6.66
2021-12-27 15:00:00.000 UTC,6.75,6.69,6.72,6.72
2021-12-27 14:00:00.000 UTC,6.79,6.72,6.74,6.72
2021-12-27 13:00:00.000 UTC,6.76,6.6,6.64,6.76
2021-12-27 12:00:00.000 UTC,6.65,6.54,6.56,6.65
2021-12-27 11:00:00.000 UTC,6.59,6.54,6.57,6.58
2021-12-27 10:00:00.000 UTC,6.61,6.55,6.58,6.56
2021-12-27 09:00:00.000 UTC,6.6,6.54,6.54,6.59
2021-12-27 08:00:00.000 UTC,6.68,6.57,6.62,6.57
2021-12-27 07:00:00.000 UTC,6.68,6.62,6.66,6.62
2021-12-27 06:00:00.000 UTC,6.67,6.64,6.66,6.66
2021-12-27 05:00:00.000 UTC,6.71,6.66,6.69,6.67
2021-12-27 04:00:00.000 UTC,6.7,6.67,6.7,6.68
2021-12-27 03:00:00.000 UTC,6.75,6.66,6.66,6.69
2021-12-27 02:00:00.000 UTC,6.77,6.64,6.77,6.66
2021-12-27 01:00:00.000 UTC,6.78,6.69,6.7,6.78
2021-12-27 00:00:00.000 UTC,6.76,6.69,6.73,6.69
2021-12-26 23:00:00.000 UTC,6.75,6.72,6.75,6.73
2021-12-26 22:00:00.000 UTC,6.74,6.72,6.72,6.74
2021-12-26 21:00:00.000 UTC,6.8,6.62,6.67,6.72
2021-12-26 20:00:00.000 UTC,6.68,6.65,6.65,6.68
2021-12-26 19:00:00.000 UTC,6.71,6.64,6.67,6.65
2021-12-26 18:00:00.000 UTC,6.75,6.65,6.73,6.65
2021-12-26 17:00:00.000 UTC,6.75,6.71,6.73,6.74
2021-12-26 16:00:00.000 UTC,6.74,6.67,6.67,6.74
2021-12-26 15:00:00.000 UTC,6.7,6.64,6.7,6.65
2021-12-26 14:00:00.000 UTC,6.76,6.64,6.7,6.76
2021-12-26 13:00:00.000 UTC,6.79,6.72,6.79,6.76
2021-12-26 12:00:00.000 UTC,6.77,6.72,6.74,6.77
2021-12-26 11:00:00.000 UTC,6.84,6.72,6.82,6.74
2021-12-26 10:00:00.000 UTC,6.85,6.81,6.85,6.82
2021-12-26 09:00:00.000 UTC,6.87,6.75,6.8,6.82
2021-12-26 08:00:00.000 UTC,6.93,6.79,6.93,6.8
2021-12-26 07:00:00.000 UTC,6.83,6.76,6.81,6.82
2021-12-26 06:00:00.000 UTC,6.91,6.71,6.71,6.79
2021-12-26 05:00:00.000 UTC,6.82,6.71,6.8,6.71
2021-12-26 04:00:00.000 UTC,6.96,6.69,6.69,6.82
2021-12-26 03:00:00.000 UTC,6.84,6.69,6.84,6.69
2021-12-26 02:00:00.000 UTC,6.96,6.81,6.84,6.88
2021-12-26 01:00:00.000 UTC,6.82,6.61,6.61,6.82
2021-12-26 00:00:00.000 UTC,6.82,6.6,6.71,6.61
2021-12-25 23:00:00.000 UTC,6.8,6.65,6.67,6.74
2021-12-25 22:00:00.000 UTC,6.74,6.61,6.61,6.74
2021-12-25 21:00:00.000 UTC,6.74,6.62,6.64,6.67
2021-12-25 20:00:00.000 UTC,6.67,6.62,6.65,6.65
2021-12-25 19:00:00.000 UTC,6.74,6.57,6.59,6.64
2021-12-25 18:00:00.000 UTC,6.65,6.59,6.65,6.6
2021-12-25 17:00:00.000 UTC,6.63,6.51,6.63,6.59
2021-12-25 16:00:00.000 UTC,6.69,6.61,6.67,6.62
2021-12-25 15:00:00.000 UTC,6.75,6.67,6.69,6.73
2021-12-25 14:00:00.000 UTC,6.78,6.67,6.74,6.67
2021-12-25 13:00:00.000 UTC,6.79,6.57,6.61,6.76
2021-12-25 12:00:00.000 UTC,6.66,6.55,6.59,6.62
2021-12-25 11:00:00.000 UTC,6.68,6.52,6.52,6.58
2021-12-25 10:00:00.000 UTC,6.62,6.51,6.62,6.51
2021-12-25 09:00:00.000 UTC,6.74,6.63,6.66,6.63
2021-12-25 08:00:00.000 UTC,6.69,6.35,6.35,6.69
2021-12-25 07:00:00.000 UTC,6.48,6.31,6.31,6.36
2021-12-25 06:00:00.000 UTC,6.26,6.07,6.12,6.26
2021-12-25 05:00:00.000 UTC,6.04,5.99,6,6.04
2021-12-25 04:00:00.000 UTC,6.02,5.94,5.94,6.01
2021-12-25 03:00:00.000 UTC,5.98,5.94,5.94,5.94
2021-12-25 02:00:00.000 UTC,5.99,5.94,5.95,5.94
2021-12-25 01:00:00.000 UTC,6,5.95,5.99,5.99
2021-12-25 00:00:00.000 UTC,6.03,5.8,5.84,5.98
2021-12-24 23:00:00.000 UTC,5.92,5.8,5.92,5.85
2021-12-24 22:00:00.000 UTC,6.07,5.93,6.05,5.93
2021-12-24 21:00:00.000 UTC,6.15,6.04,6.13,6.06
2021-12-24 20:00:00.000 UTC,6.2,6.04,6.04,6.12
2021-12-24 19:00:00.000 UTC,6.21,6.11,6.19,6.12
2021-12-24 18:00:00.000 UTC,6.24,6.08,6.09,6.19
2021-12-24 17:00:00.000 UTC,6.11,6.02,6.08,6.09
2021-12-24 16:00:00.000 UTC,6.2,6.03,6.13,6.05
2021-12-24 15:00:00.000 UTC,6.22,6.01,6.22,6.08
2021-12-24 14:00:00.000 UTC,6.28,6.16,6.16,6.2
2021-12-24 13:00:00.000 UTC,6.18,6.13,6.18,6.16
2021-12-24 12:00:00.000 UTC,6.18,6.13,6.15,6.17
2021-12-24 11:00:00.000 UTC,6.23,6.14,6.18,6.14
2021-12-24 10:00:00.000 UTC,6.29,6.16,6.26,6.16
2021-12-24 09:00:00.000 UTC,6.28,6.23,6.25,6.26
2021-12-24 08:00:00.000 UTC,6.32,6.2,6.23,6.26
2021-12-24 07:00:00.000 UTC,6.22,6.07,6.09,6.21
2021-12-24 06:00:00.000 UTC,6.13,6.08,6.13,6.08
2021-12-24 05:00:00.000 UTC,6.22,6.08,6.22,6.1
2021-12-24 04:00:00.000 UTC,6.29,6.22,6.25,6.29
2021-12-24 03:00:00.000 UTC,6.3,6.2,6.2,6.25
2021-12-24 02:00:00.000 UTC,6.33,6.2,6.33,6.21
2021-12-24 01:00:00.000 UTC,6.37,6.23,6.37,6.23
2021-12-24 00:00:00.000 UTC,6.42,6.21,6.3,6.28
2021-12-23 23:00:00.000 UTC,6.36,6.21,6.21,6.31
2021-12-23 22:00:00.000 UTC,6.34,6.14,6.14,6.27
2021-12-23 21:00:00.000 UTC,6.2,6.02,6.03,6.2
2021-12-23 20:00:00.000 UTC,6.13,5.99,6.13,6.02
2021-12-23 19:00:00.000 UTC,6.12,5.95,5.95,6.07
2021-12-23 18:00:00.000 UTC,6.01,5.89,5.94,5.95
2021-12-23 17:00:00.000 UTC,6,5.76,5.76,5.98
2021-12-23 16:00:00.000 UTC,5.81,5.35,5.35,5.81
2021-12-23 15:00:00.000 UTC,5.33,5.23,5.23,5.33
2021-12-23 14:00:00.000 UTC,5.38,5.16,5.17,5.22
2021-12-23 13:00:00.000 UTC,5.17,5.1,5.1,5.17
2021-12-23 12:00:00.000 UTC,5.11,5.07,5.07,5.11
2021-12-23 11:00:00.000 UTC,5.11,5.05,5.1,5.06
2021-12-23 10:00:00.000 UTC,5.1,5.08,5.09,5.09
2021-12-23 09:00:00.000 UTC,5.11,5.08,5.11,5.09
2021-12-23 08:00:00.000 UTC,5.11,5.08,5.08,5.1
2021-12-23 07:00:00.000 UTC,5.15,5.08,5.14,5.08
2021-12-23 06:00:00.000 UTC,5.14,5.07,5.08,5.14
2021-12-23 05:00:00.000 UTC,5.11,5.07,5.1,5.07
2021-12-23 04:00:00.000 UTC,5.14,5.11,5.13,5.11
2021-12-23 03:00:00.000 UTC,5.12,5.08,5.11,5.12
2021-12-23 02:00:00.000 UTC,5.15,5.11,5.12,5.12
2021-12-23 01:00:00.000 UTC,5.11,5.08,5.09,5.11
2021-12-23 00:00:00.000 UTC,5.13,5.06,5.12,5.1
2021-12-22 23:00:00.000 UTC,5.2,5.12,5.2,5.12
2021-12-22 22:00:00.000 UTC,5.2,5.17,5.19,5.19
2021-12-22 21:00:00.000 UTC,5.19,5.16,5.17,5.19
2021-12-22 20:00:00.000 UTC,5.18,5.16,5.17,5.18
2021-12-22 19:00:00.000 UTC,5.17,5.14,5.17,5.17
2021-12-22 18:00:00.000 UTC,5.21,5.16,5.16,5.17
2021-12-22 17:00:00.000 UTC,5.22,5.15,5.21,5.16
2021-12-22 16:00:00.000 UTC,5.23,5.17,5.19,5.2
2021-12-22 15:00:00.000 UTC,5.21,5.18,5.21,5.2
2021-12-22 14:00:00.000 UTC,5.2,5.15,5.15,5.2
2021-12-22 13:00:00.000 UTC,5.15,5.11,5.12,5.14
2021-12-22 12:00:00.000 UTC,5.27,5.12,5.23,5.12
2021-12-22 11:00:00.000 UTC,5.26,5.19,5.19,5.22
2021-12-22 10:00:00.000 UTC,5.23,5.19,5.19,5.19
2021-12-22 09:00:00.000 UTC,5.24,5.18,5.24,5.2
2021-12-22 08:00:00.000 UTC,5.3,5.22,5.23,5.25
2021-12-22 07:00:00.000 UTC,5.25,5.18,5.19,5.25
2021-12-22 06:00:00.000 UTC,5.2,5.15,5.2,5.19
2021-12-22 05:00:00.000 UTC,5.21,5.18,5.19,5.18
2021-12-22 04:00:00.000 UTC,5.2,5.18,5.2,5.2
2021-12-22 03:00:00.000 UTC,5.24,5.21,5.24,5.21
2021-12-22 02:00:00.000 UTC,5.26,5.13,5.13,5.26
2021-12-22 01:00:00.000 UTC,5.12,5.08,5.1,5.12
2021-12-22 00:00:00.000 UTC,5.19,5.15,5.16,5.17
2021-12-21 23:00:00.000 UTC,5.18,5.15,5.16,5.16
2021-12-21 22:00:00.000 UTC,5.16,5.12,5.13,5.15
2021-12-21 21:00:00.000 UTC,5.14,5.12,5.12,5.12
2021-12-21 20:00:00.000 UTC,5.15,5.09,5.11,5.12
2021-12-21 19:00:00.000 UTC,5.09,5.05,5.05,5.08
2021-12-21 18:00:00.000 UTC,5.11,5.07,5.1,5.07
2021-12-21 17:00:00.000 UTC,5.11,5.08,5.1,5.1
2021-12-21 16:00:00.000 UTC,5.08,5.05,5.05,5.08
2021-12-21 15:00:00.000 UTC,5.09,5.04,5.08,5.05
2021-12-21 14:00:00.000 UTC,5.13,5.09,5.11,5.1
2021-12-21 13:00:00.000 UTC,5.13,5.09,5.13,5.12
2021-12-21 12:00:00.000 UTC,5.19,5.09,5.09,5.14
2021-12-21 11:00:00.000 UTC,5.08,5.04,5.04,5.08
2021-12-21 10:00:00.000 UTC,5.08,5.05,5.07,5.05
2021-12-21 09:00:00.000 UTC,5.09,5.04,5.06,5.07
2021-12-21 08:00:00.000 UTC,5.09,5.04,5.04,5.07
2021-12-21 07:00:00.000 UTC,5.06,5.03,5.05,5.05
2021-12-21 06:00:00.000 UTC,5.05,5.01,5.01,5.04
2021-12-21 05:00:00.000 UTC,5.08,5.01,5.04,5.01
2021-12-21 04:00:00.000 UTC,5.14,5.02,5.02,5.03
2021-12-21 03:00:00.000 UTC,5.04,4.93,4.93,5.01
2021-12-21 02:00:00.000 UTC,4.95,4.91,4.93,4.92
2021-12-21 01:00:00.000 UTC,4.95,4.9,4.95,4.93
2021-12-21 00:00:00.000 UTC,5.03,4.95,4.97,4.95
2021-12-20 23:00:00.000 UTC,5.01,4.93,4.94,5.01
2021-12-20 22:00:00.000 UTC,4.98,4.92,4.96,4.94
2021-12-20 21:00:00.000 UTC,5.05,4.98,5.02,4.98
2021-12-20 20:00:00.000 UTC,5.1,4.95,4.95,5.03
2021-12-20 19:00:00.000 UTC,4.95,4.89,4.89,4.95
2021-12-20 18:00:00.000 UTC,4.89,4.86,4.87,4.89
2021-12-20 17:00:00.000 UTC,4.92,4.86,4.88,4.88
2021-12-20 16:00:00.000 UTC,4.88,4.78,4.78,4.88
2021-12-20 15:00:00.000 UTC,4.84,4.79,4.83,4.79
2021-12-20 14:00:00.000 UTC,4.82,4.74,4.76,4.8
2021-12-20 13:00:00.000 UTC,4.8,4.76,4.78,4.77
2021-12-20 12:00:00.000 UTC,4.83,4.79,4.83,4.79
2021-12-20 11:00:00.000 UTC,4.84,4.79,4.8,4.83
2021-12-20 10:00:00.000 UTC,4.84,4.78,4.78,4.81
2021-12-20 09:00:00.000 UTC,4.85,4.79,4.85,4.79
2021-12-20 08:00:00.000 UTC,4.88,4.85,4.88,4.85
2021-12-20 07:00:00.000 UTC,4.88,4.86,4.88,4.87
2021-12-20 06:00:00.000 UTC,4.89,4.85,4.88,4.88
2021-12-20 05:00:00.000 UTC,4.98,4.9,4.97,4.9
2021-12-20 04:00:00.000 UTC,4.96,4.93,4.93,4.96
2021-12-20 03:00:00.000 UTC,4.97,4.91,4.97,4.93
2021-12-20 02:00:00.000 UTC,5.01,4.97,5.01,4.97
2021-12-20 01:00:00.000 UTC,5.06,4.99,5.03,5.01
2021-12-20 00:00:00.000 UTC,5.02,4.96,5.02,5.01
2021-12-19 23:00:00.000 UTC,5.09,5.03,5.08,5.03
2021-12-19 22:00:00.000 UTC,5.07,5.02,5.02,5.07
2021-12-19 21:00:00.000 UTC,5.03,5.01,5.03,5.02
2021-12-19 20:00:00.000 UTC,5.04,5.01,5.01,5.04
2021-12-19 19:00:00.000 UTC,5.05,5.01,5.05,5.02
2021-12-19 18:00:00.000 UTC,5.07,5.02,5.07,5.05
2021-12-19 17:00:00.000 UTC,5.1,5.06,5.09,5.06
2021-12-19 16:00:00.000 UTC,5.11,5.09,5.09,5.09
2021-12-19 15:00:00.000 UTC,5.11,5.07,5.11,5.09
2021-12-19 14:00:00.000 UTC,5.15,5.08,5.09,5.12
2021-12-19 13:00:00.000 UTC,5.13,5.06,5.11,5.06
2021-12-19 12:00:00.000 UTC,5.11,5.08,5.11,5.11
2021-12-19 11:00:00.000 UTC,5.12,5.08,5.12,5.11
2021-12-19 10:00:00.000 UTC,5.14,5.09,5.14,5.12
2021-12-19 09:00:00.000 UTC,5.19,5.13,5.18,5.14
2021-12-19 08:00:00.000 UTC,5.24,5.18,5.22,5.18
2021-12-19 07:00:00.000 UTC,5.24,5.2,5.2,5.22
2021-12-19 06:00:00.000 UTC,5.22,5.19,5.19,5.19
2021-12-19 05:00:00.000 UTC,5.22,5.19,5.21,5.19
2021-12-19 04:00:00.000 UTC,5.24,5.2,5.21,5.22
2021-12-19 03:00:00.000 UTC,5.24,5.2,5.2,5.21
2021-12-19 02:00:00.000 UTC,5.21,5.13,5.13,5.21
2021-12-19 01:00:00.000 UTC,5.24,5.15,5.23,5.15
2021-12-19 00:00:00.000 UTC,5.26,5.16,5.16,5.26
2021-12-18 23:00:00.000 UTC,5.15,5.09,5.1,5.15
2021-12-18 22:00:00.000 UTC,5.13,5.09,5.1,5.09
2021-12-18 21:00:00.000 UTC,5.1,5.08,5.09,5.1
2021-12-18 20:00:00.000 UTC,5.11,5.08,5.11,5.09
2021-12-18 19:00:00.000 UTC,5.13,5.08,5.13,5.11
2021-12-18 18:00:00.000 UTC,5.14,5.12,5.12,5.14
2021-12-18 17:00:00.000 UTC,5.14,5.12,5.14,5.12
2021-12-18 16:00:00.000 UTC,5.16,5.11,5.13,5.16
2021-12-18 15:00:00.000 UTC,5.17,5.12,5.17,5.13
2021-12-18 14:00:00.000 UTC,5.16,5.12,5.12,5.16
2021-12-18 13:00:00.000 UTC,5.16,5.14,5.14,5.14
2021-12-18 12:00:00.000 UTC,5.18,5.14,5.15,5.14
2021-12-18 11:00:00.000 UTC,5.21,5.15,5.21,5.15
2021-12-18 10:00:00.000 UTC,5.26,5.21,5.26,5.22
2021-12-18 09:00:00.000 UTC,5.26,5.06,5.06,5.24
2021-12-18 08:00:00.000 UTC,5.06,4.97,4.97,5.04
2021-12-18 07:00:00.000 UTC,4.99,4.94,4.94,4.97
2021-12-18 06:00:00.000 UTC,4.99,4.94,4.99,4.94
2021-12-18 05:00:00.000 UTC,5.02,4.97,4.98,5.01
2021-12-18 04:00:00.000 UTC,4.98,4.92,4.96,4.98
2021-12-18 03:00:00.000 UTC,4.96,4.86,4.86,4.95
2021-12-18 02:00:00.000 UTC,4.91,4.85,4.87,4.86
2021-12-18 01:00:00.000 UTC,4.97,4.86,4.97,4.87
2021-12-18 00:00:00.000 UTC,4.95,4.86,4.92,4.95
2021-12-17 23:00:00.000 UTC,4.95,4.9,4.95,4.93
2021-12-17 22:00:00.000 UTC,4.96,4.85,4.95,4.92
2021-12-17 21:00:00.000 UTC,4.98,4.89,4.89,4.97
2021-12-17 20:00:00.000 UTC,4.94,4.88,4.93,4.89
2021-12-17 19:00:00.000 UTC,4.97,4.93,4.95,4.93
2021-12-17 18:00:00.000 UTC,4.93,4.89,4.91,4.93
2021-12-17 17:00:00.000 UTC,5.06,4.9,5.06,4.9
2021-12-17 16:00:00.000 UTC,5.01,4.88,4.89,4.95
2021-12-17 15:00:00.000 UTC,4.9,4.75,4.76,4.9
2021-12-17 14:00:00.000 UTC,4.85,4.73,4.85,4.74
2021-12-17 13:00:00.000 UTC,4.89,4.86,4.86,4.86
2021-12-17 12:00:00.000 UTC,4.9,4.86,4.87,4.86
2021-12-17 11:00:00.000 UTC,4.9,4.86,4.86,4.86
2021-12-17 10:00:00.000 UTC,4.95,4.86,4.95,4.86
2021-12-17 09:00:00.000 UTC,4.97,4.92,4.97,4.95
2021-12-17 08:00:00.000 UTC,4.97,4.93,4.94,4.97
2021-12-17 07:00:00.000 UTC,4.98,4.88,4.98,4.93
2021-12-17 06:00:00.000 UTC,5.02,4.98,5.02,4.99
2021-12-17 05:00:00.000 UTC,5.04,5.01,5.02,5.03
2021-12-17 04:00:00.000 UTC,5.05,4.99,5,5.03
2021-12-17 03:00:00.000 UTC,5,4.97,4.98,5
2021-12-17 02:00:00.000 UTC,4.99,4.94,4.99,4.99
2021-12-17 01:00:00.000 UTC,5.04,4.97,4.99,4.98
2021-12-17 00:00:00.000 UTC,4.99,4.92,4.94,4.99
2021-12-16 23:00:00.000 UTC,5.01,4.92,5.01,4.95
2021-12-16 22:00:00.000 UTC,5.1,5,5.08,5.02
2021-12-16 21:00:00.000 UTC,5.08,5.07,5.07,5.07
2021-12-16 20:00:00.000 UTC,5.09,4.99,4.99,5.08
2021-12-16 19:00:00.000 UTC,5.08,4.98,5.08,4.99
2021-12-16 18:00:00.000 UTC,5.13,5.06,5.09,5.07
2021-12-16 17:00:00.000 UTC,5.15,5.08,5.15,5.08
2021-12-16 16:00:00.000 UTC,5.18,5.14,5.18,5.16
2021-12-16 15:00:00.000 UTC,5.2,5.16,5.2,5.19
2021-12-16 14:00:00.000 UTC,5.23,5.19,5.23,5.2
2021-12-16 13:00:00.000 UTC,5.21,5.15,5.2,5.21
2021-12-16 12:00:00.000 UTC,5.27,5.21,5.27,5.21
2021-12-16 11:00:00.000 UTC,5.28,5.2,5.25,5.28
2021-12-16 10:00:00.000 UTC,5.28,5.24,5.26,5.24
2021-12-16 09:00:00.000 UTC,5.25,5.2,5.2,5.25
2021-12-16 08:00:00.000 UTC,5.24,5.11,5.11,5.21
2021-12-16 07:00:00.000 UTC,5.18,5.11,5.16,5.11
2021-12-16 06:00:00.000 UTC,5.21,5.09,5.09,5.16
2021-12-16 05:00:00.000 UTC,5.16,5.12,5.15,5.12
2021-12-16 04:00:00.000 UTC,5.23,5.16,5.23,5.17
2021-12-16 03:00:00.000 UTC,5.29,5.19,5.29,5.21
2021-12-16 02:00:00.000 UTC,5.28,5.24,5.28,5.26
2021-12-16 01:00:00.000 UTC,5.3,5.24,5.3,5.25
2021-12-16 00:00:00.000 UTC,5.32,5.1,5.14,5.3
2021-12-15 23:00:00.000 UTC,5.1,5.05,5.05,5.1
2021-12-15 22:00:00.000 UTC,5.18,5.05,5.14,5.05
2021-12-15 21:00:00.000 UTC,5.19,5.1,5.17,5.15
2021-12-15 20:00:00.000 UTC,5.19,4.94,4.94,5.19
2021-12-15 19:00:00.000 UTC,5,4.69,4.69,4.92
2021-12-15 18:00:00.000 UTC,4.74,4.53,4.54,4.67
2021-12-15 17:00:00.000 UTC,4.54,4.47,4.47,4.54
2021-12-15 16:00:00.000 UTC,4.57,4.46,4.54,4.46
2021-12-15 15:00:00.000 UTC,4.62,4.47,4.62,4.47
2021-12-15 14:00:00.000 UTC,4.71,4.6,4.71,4.61
2021-12-15 13:00:00.000 UTC,4.72,4.68,4.69,4.72
2021-12-15 12:00:00.000 UTC,4.81,4.69,4.76,4.69
2021-12-15 11:00:00.000 UTC,4.8,4.77,4.79,4.77
2021-12-15 10:00:00.000 UTC,4.91,4.78,4.86,4.79
2021-12-15 09:00:00.000 UTC,4.88,4.84,4.88,4.87
2021-12-15 08:00:00.000 UTC,4.96,4.79,4.8,4.89
2021-12-15 07:00:00.000 UTC,4.83,4.75,4.78,4.81
2021-12-15 06:00:00.000 UTC,4.83,4.76,4.76,4.77
2021-12-15 05:00:00.000 UTC,4.84,4.74,4.8,4.74
2021-12-15 04:00:00.000 UTC,4.83,4.73,4.76,4.81
2021-12-15 03:00:00.000 UTC,4.77,4.71,4.71,4.77
2021-12-15 02:00:00.000 UTC,4.77,4.67,4.72,4.69
2021-12-15 01:00:00.000 UTC,4.78,4.71,4.78,4.71
2021-12-15 00:00:00.000 UTC,4.83,4.78,4.78,4.8
2021-12-14 23:00:00.000 UTC,4.77,4.73,4.74,4.77
2021-12-14 22:00:00.000 UTC,4.77,4.71,4.77,4.74
2021-12-14 21:00:00.000 UTC,4.8,4.69,4.69,4.8
2021-12-14 20:00:00.000 UTC,4.72,4.62,4.62,4.69
2021-12-14 19:00:00.000 UTC,4.66,4.61,4.61,4.63
2021-12-14 18:00:00.000 UTC,4.63,4.58,4.6,4.6
2021-12-14 17:00:00.000 UTC,4.71,4.65,4.68,4.65
2021-12-14 16:00:00.000 UTC,4.71,4.65,4.65,4.68
2021-12-14 15:00:00.000 UTC,4.75,4.68,4.71,4.68
2021-12-14 14:00:00.000 UTC,4.72,4.66,4.71,4.69
2021-12-14 13:00:00.000 UTC,4.78,4.69,4.76,4.71
2021-12-14 12:00:00.000 UTC,4.85,4.76,4.77,4.77
2021-12-14 11:00:00.000 UTC,4.78,4.67,4.78,4.72
2021-12-14 10:00:00.000 UTC,4.77,4.72,4.72,4.76
2021-12-14 09:00:00.000 UTC,4.84,4.74,4.84,4.74
2021-12-14 08:00:00.000 UTC,4.83,4.69,4.69,4.82
2021-12-14 07:00:00.000 UTC,4.7,4.63,4.64,4.7
2021-12-14 06:00:00.000 UTC,4.73,4.58,4.73,4.63
2021-12-14 05:00:00.000 UTC,4.83,4.75,4.79,4.75
2021-12-14 04:00:00.000 UTC,4.83,4.78,4.8,4.78
2021-12-14 03:00:00.000 UTC,4.84,4.79,4.83,4.79
2021-12-14 02:00:00.000 UTC,4.85,4.78,4.84,4.82
2021-12-14 01:00:00.000 UTC,4.87,4.8,4.87,4.83
2021-12-14 00:00:00.000 UTC,4.9,4.79,4.81,4.88
2021-12-13 23:00:00.000 UTC,4.89,4.82,4.89,4.82
2021-12-13 22:00:00.000 UTC,4.91,4.82,4.85,4.91
2021-12-13 21:00:00.000 UTC,4.83,4.78,4.8,4.83
2021-12-13 20:00:00.000 UTC,4.85,4.76,4.83,4.8
2021-12-13 19:00:00.000 UTC,4.92,4.74,4.92,4.8
2021-12-13 18:00:00.000 UTC,4.98,4.93,4.96,4.94
2021-12-13 17:00:00.000 UTC,5.03,4.96,4.99,4.98
2021-12-13 16:00:00.000 UTC,5,4.95,4.96,5
2021-12-13 15:00:00.000 UTC,5.03,4.94,5.03,4.95
2021-12-13 14:00:00.000 UTC,5.14,5.01,5.14,5.01
2021-12-13 13:00:00.000 UTC,5.15,5.09,5.15,5.13
2021-12-13 12:00:00.000 UTC,5.2,5.15,5.17,5.16
2021-12-13 11:00:00.000 UTC,5.18,5.16,5.17,5.16
2021-12-13 10:00:00.000 UTC,5.21,5.15,5.19,5.16
2021-12-13 09:00:00.000 UTC,5.23,5.17,5.23,5.19
2021-12-13 08:00:00.000 UTC,5.24,5.15,5.16,5.24
2021-12-13 07:00:00.000 UTC,5.22,5.15,5.22,5.15
2021-12-13 06:00:00.000 UTC,5.32,5.25,5.32,5.25
2021-12-13 05:00:00.000 UTC,5.32,5.27,5.31,5.32
2021-12-13 04:00:00.000 UTC,5.36,5.29,5.35,5.29
2021-12-13 03:00:00.000 UTC,5.38,5.31,5.32,5.38
2021-12-13 02:00:00.000 UTC,5.3,5.26,5.29,5.3
2021-12-13 01:00:00.000 UTC,5.44,5.3,5.44,5.3
2021-12-13 00:00:00.000 UTC,5.59,5.45,5.46,5.45
2021-12-12 23:00:00.000 UTC,5.5,5.45,5.45,5.48
2021-12-12 22:00:00.000 UTC,5.45,5.39,5.39,5.44
2021-12-12 21:00:00.000 UTC,5.47,5.38,5.43,5.38
2021-12-12 20:00:00.000 UTC,5.43,5.39,5.39,5.42
2021-12-12 19:00:00.000 UTC,5.38,5.34,5.36,5.38
2021-12-12 18:00:00.000 UTC,5.39,5.33,5.33,5.36
2021-12-12 17:00:00.000 UTC,5.35,5.28,5.28,5.33
2021-12-12 16:00:00.000 UTC,5.29,5.23,5.29,5.26
2021-12-12 15:00:00.000 UTC,5.36,5.29,5.36,5.29
2021-12-12 14:00:00.000 UTC,5.37,5.32,5.35,5.35
2021-12-12 13:00:00.000 UTC,5.37,5.31,5.32,5.33
2021-12-12 12:00:00.000 UTC,5.36,5.3,5.32,5.33
2021-12-12 11:00:00.000 UTC,5.32,5.26,5.26,5.32
2021-12-12 10:00:00.000 UTC,5.25,5.21,5.23,5.23
2021-12-12 09:00:00.000 UTC,5.35,5.22,5.35,5.23
2021-12-12 08:00:00.000 UTC,5.45,5.31,5.31,5.36
2021-12-12 07:00:00.000 UTC,5.33,5.22,5.24,5.33
2021-12-12 06:00:00.000 UTC,5.26,5.21,5.21,5.24
2021-12-12 05:00:00.000 UTC,5.28,5.23,5.28,5.23
2021-12-12 04:00:00.000 UTC,5.32,5.24,5.27,5.26
2021-12-12 03:00:00.000 UTC,5.3,5.18,5.18,5.3
2021-12-12 02:00:00.000 UTC,5.27,5.19,5.27,5.19
2021-12-12 01:00:00.000 UTC,5.35,5.25,5.25,5.28
2021-12-12 00:00:00.000 UTC,5.3,5.04,5.05,5.26
2021-12-11 23:00:00.000 UTC,5.05,5,5,5.05
2021-12-11 22:00:00.000 UTC,5.02,4.96,4.99,5.01
2021-12-11 21:00:00.000 UTC,5,4.96,5,4.99
2021-12-11 20:00:00.000 UTC,5,4.96,4.96,5
2021-12-11 19:00:00.000 UTC,5.05,4.96,5.05,4.97
2021-12-11 18:00:00.000 UTC,5.04,5.02,5.02,5.04
2021-12-11 17:00:00.000 UTC,5.08,5.03,5.06,5.03
2021-12-11 16:00:00.000 UTC,5.11,5.01,5.01,5.08
2021-12-11 15:00:00.000 UTC,5.03,5,5.01,5.02
2021-12-11 14:00:00.000 UTC,5,4.97,4.98,5
2021-12-11 13:00:00.000 UTC,5.02,4.98,5.02,4.98
2021-12-11 12:00:00.000 UTC,5.04,4.98,5,5.02
2021-12-11 11:00:00.000 UTC,5.04,4.99,5.03,5
2021-12-11 10:00:00.000 UTC,5.04,4.97,5,5.04
2021-12-11 09:00:00.000 UTC,5.01,4.93,4.97,4.98
2021-12-11 08:00:00.000 UTC,5,4.9,4.93,4.96
2021-12-11 07:00:00.000 UTC,4.94,4.9,4.92,4.93
2021-12-11 06:00:00.000 UTC,5.01,4.93,4.96,4.93
2021-12-11 05:00:00.000 UTC,5,4.94,4.98,4.95
2021-12-11 04:00:00.000 UTC,4.98,4.93,4.93,4.98
2021-12-11 03:00:00.000 UTC,4.96,4.92,4.92,4.94
2021-12-11 02:00:00.000 UTC,4.91,4.87,4.87,4.91
2021-12-11 01:00:00.000 UTC,4.89,4.81,4.81,4.87
2021-12-11 00:00:00.000 UTC,4.89,4.79,4.88,4.83
2021-12-10 23:00:00.000 UTC,5,4.89,4.99,4.89
2021-12-10 22:00:00.000 UTC,5.02,4.99,5.01,4.99
2021-12-10 21:00:00.000 UTC,5.06,5,5.06,5
2021-12-10 20:00:00.000 UTC,5.06,5,5,5.06
2021-12-10 19:00:00.000 UTC,5.02,4.97,4.99,4.99
2021-12-10 18:00:00.000 UTC,5.02,4.99,5.01,5.01
2021-12-10 17:00:00.000 UTC,5.03,4.98,5,4.99
2021-12-10 16:00:00.000 UTC,5.08,5.01,5.07,5.03
2021-12-10 15:00:00.000 UTC,5.23,5.08,5.21,5.08
2021-12-10 14:00:00.000 UTC,5.28,5.24,5.26,5.24
2021-12-10 13:00:00.000 UTC,5.3,5.14,5.21,5.3
2021-12-10 12:00:00.000 UTC,5.2,5.13,5.13,5.2
2021-12-10 11:00:00.000 UTC,5.14,5.07,5.08,5.14
2021-12-10 10:00:00.000 UTC,5.1,5.07,5.09,5.07
2021-12-10 09:00:00.000 UTC,5.08,5.03,5.05,5.08
2021-12-10 08:00:00.000 UTC,5.05,4.99,5,5.05
2021-12-10 07:00:00.000 UTC,5.1,4.99,5.1,4.99
2021-12-10 06:00:00.000 UTC,5.21,5.13,5.18,5.13
2021-12-10 05:00:00.000 UTC,5.23,5.16,5.21,5.16
2021-12-10 04:00:00.000 UTC,5.25,5.21,5.24,5.21
2021-12-10 03:00:00.000 UTC,5.32,5.23,5.32,5.24
2021-12-10 02:00:00.000 UTC,5.32,5.26,5.27,5.31
2021-12-10 01:00:00.000 UTC,5.32,5.24,5.26,5.29
2021-12-10 00:00:00.000 UTC,5.43,5.21,5.23,5.28
2021-12-09 23:00:00.000 UTC,5.34,5.26,5.3,5.26
2021-12-09 22:00:00.000 UTC,5.36,5.26,5.26,5.32
2021-12-09 21:00:00.000 UTC,5.3,5.16,5.16,5.3
2021-12-09 20:00:00.000 UTC,5.23,5.13,5.23,5.13
2021-12-09 19:00:00.000 UTC,5.26,5.21,5.24,5.24
2021-12-09 18:00:00.000 UTC,5.49,5.25,5.49,5.25
2021-12-09 17:00:00.000 UTC,5.6,5.48,5.48,5.54
2021-12-09 16:00:00.000 UTC,5.51,5.41,5.47,5.51
2021-12-09 15:00:00.000 UTC,5.48,5.37,5.37,5.48
2021-12-09 14:00:00.000 UTC,5.55,5.37,5.55,5.37
2021-12-09 13:00:00.000 UTC,5.66,5.58,5.64,5.58
2021-12-09 12:00:00.000 UTC,5.67,5.53,5.56,5.65
2021-12-09 11:00:00.000 UTC,5.63,5.56,5.57,5.56
2021-12-09 10:00:00.000 UTC,5.52,5.38,5.44,5.52
2021-12-09 09:00:00.000 UTC,5.56,5.44,5.45,5.47
2021-12-09 08:00:00.000 UTC,5.41,5.26,5.29,5.41
2021-12-09 07:00:00.000 UTC,5.3,5.17,5.22,5.28
2021-12-09 06:00:00.000 UTC,5.25,5.21,5.24,5.22
2021-12-09 05:00:00.000 UTC,5.27,5.22,5.27,5.24
2021-12-09 04:00:00.000 UTC,5.27,5.25,5.25,5.26
2021-12-09 03:00:00.000 UTC,5.3,5.21,5.29,5.23
2021-12-09 02:00:00.000 UTC,5.36,5.23,5.35,5.26
2021-12-09 01:00:00.000 UTC,5.48,5.34,5.36,5.39
2021-12-09 00:00:00.000 UTC,5.39,5.34,5.34,5.38
2021-12-08 23:00:00.000 UTC,5.35,5.25,5.35,5.32
2021-12-08 22:00:00.000 UTC,5.32,5.28,5.31,5.28
2021-12-08 21:00:00.000 UTC,5.34,5.29,5.34,5.29
2021-12-08 20:00:00.000 UTC,5.33,5.28,5.32,5.33
2021-12-08 19:00:00.000 UTC,5.31,5.27,5.27,5.3
2021-12-08 18:00:00.000 UTC,5.27,5.21,5.23,5.27
2021-12-08 17:00:00.000 UTC,5.23,5.19,5.19,5.23
2021-12-08 16:00:00.000 UTC,5.28,5.18,5.26,5.19
2021-12-08 15:00:00.000 UTC,5.41,5.26,5.35,5.27
2021-12-08 14:00:00.000 UTC,5.34,5.12,5.12,5.34
2021-12-08 13:00:00.000 UTC,5.15,5.11,5.11,5.12
2021-12-08 12:00:00.000 UTC,5.13,5.1,5.11,5.1
2021-12-08 11:00:00.000 UTC,5.15,5.07,5.13,5.1
2021-12-08 10:00:00.000 UTC,5.31,5.14,5.27,5.14
2021-12-08 09:00:00.000 UTC,5.36,5.29,5.33,5.29
2021-12-08 08:00:00.000 UTC,5.37,5.32,5.34,5.33
2021-12-08 07:00:00.000 UTC,5.37,5.32,5.33,5.33
2021-12-08 06:00:00.000 UTC,5.35,5.27,5.27,5.34
2021-12-08 05:00:00.000 UTC,5.32,5.27,5.29,5.27
2021-12-08 04:00:00.000 UTC,5.3,5.25,5.26,5.27
2021-12-08 03:00:00.000 UTC,5.46,5.26,5.26,5.29
2021-12-08 02:00:00.000 UTC,5.32,5.28,5.29,5.29
2021-12-08 01:00:00.000 UTC,5.34,5.29,5.29,5.3
2021-12-08 00:00:00.000 UTC,5.34,5.26,5.32,5.3
2021-12-07 23:00:00.000 UTC,5.33,5.28,5.28,5.31
2021-12-07 22:00:00.000 UTC,5.33,5.25,5.32,5.25
2021-12-07 21:00:00.000 UTC,5.37,5.31,5.31,5.33
2021-12-07 20:00:00.000 UTC,5.42,5.29,5.42,5.31
2021-12-07 19:00:00.000 UTC,5.45,5.39,5.45,5.41
2021-12-07 18:00:00.000 UTC,5.47,5.43,5.45,5.46
2021-12-07 17:00:00.000 UTC,5.51,5.42,5.49,5.45
2021-12-07 16:00:00.000 UTC,5.58,5.46,5.58,5.49
2021-12-07 15:00:00.000 UTC,5.6,5.53,5.55,5.6
2021-12-07 14:00:00.000 UTC,5.54,5.45,5.48,5.53
2021-12-07 13:00:00.000 UTC,5.5,5.45,5.45,5.47
2021-12-07 12:00:00.000 UTC,5.67,5.43,5.64,5.45
2021-12-07 11:00:00.000 UTC,5.7,5.62,5.64,5.65
2021-12-07 10:00:00.000 UTC,5.66,5.59,5.62,5.63
2021-12-07 09:00:00.000 UTC,5.67,5.6,5.66,5.64
2021-12-07 08:00:00.000 UTC,5.69,5.41,5.41,5.66
2021-12-07 07:00:00.000 UTC,5.47,5.42,5.44,5.42
2021-12-07 06:00:00.000 UTC,5.5,5.41,5.43,5.44
2021-12-07 05:00:00.000 UTC,5.47,5.4,5.4,5.42
2021-12-07 04:00:00.000 UTC,5.43,5.35,5.36,5.4
2021-12-07 03:00:00.000 UTC,5.38,5.31,5.33,5.37
2021-12-07 02:00:00.000 UTC,5.44,5.33,5.44,5.34
2021-12-07 01:00:00.000 UTC,5.59,5.43,5.56,5.44
2021-12-07 00:00:00.000 UTC,5.6,5.51,5.51,5.53
2021-12-06 23:00:00.000 UTC,5.6,5.49,5.58,5.5
2021-12-06 22:00:00.000 UTC,5.65,5.41,5.41,5.61
2021-12-06 21:00:00.000 UTC,5.41,5.21,5.21,5.41
2021-12-06 20:00:00.000 UTC,5.3,5.24,5.29,5.25
2021-12-06 19:00:00.000 UTC,5.32,5.21,5.21,5.29
2021-12-06 18:00:00.000 UTC,5.2,5.15,5.2,5.2
2021-12-06 17:00:00.000 UTC,5.28,5.21,5.28,5.21
2021-12-06 16:00:00.000 UTC,5.32,5.2,5.23,5.27
2021-12-06 15:00:00.000 UTC,5.2,4.99,5.01,5.19
2021-12-06 14:00:00.000 UTC,5.18,5.02,5.17,5.02
2021-12-06 13:00:00.000 UTC,5.1,4.98,4.98,5.1
2021-12-06 12:00:00.000 UTC,5.05,4.93,5.01,4.98
2021-12-06 11:00:00.000 UTC,5.01,4.81,4.9,5.01
2021-12-06 10:00:00.000 UTC,4.98,4.89,4.91,4.91
2021-12-06 09:00:00.000 UTC,5.1,4.93,5.09,4.94
2021-12-06 08:00:00.000 UTC,5.19,5.05,5.06,5.1
2021-12-06 07:00:00.000 UTC,5.06,4.95,5.04,5.06
2021-12-06 06:00:00.000 UTC,5.19,5.04,5.15,5.04
2021-12-06 05:00:00.000 UTC,5.31,5.15,5.28,5.15
2021-12-06 04:00:00.000 UTC,5.35,5.21,5.21,5.28
2021-12-06 03:00:00.000 UTC,5.22,5.16,5.16,5.22
2021-12-06 02:00:00.000 UTC,5.18,5.13,5.13,5.18
2021-12-06 01:00:00.000 UTC,5.18,5.06,5.13,5.11
2021-12-06 00:00:00.000 UTC,5.43,5.09,5.43,5.11
2021-12-05 23:00:00.000 UTC,5.46,5.35,5.37,5.43
2021-12-05 22:00:00.000 UTC,5.38,5.32,5.38,5.36
2021-12-05 21:00:00.000 UTC,5.35,5.27,5.35,5.34
2021-12-05 20:00:00.000 UTC,5.36,5.29,5.32,5.35
2021-12-05 19:00:00.000 UTC,5.44,5.26,5.37,5.3
2021-12-05 18:00:00.000 UTC,5.44,5.39,5.44,5.39
2021-12-05 17:00:00.000 UTC,5.49,5.39,5.43,5.46
2021-12-05 16:00:00.000 UTC,5.46,5.33,5.33,5.43
2021-12-05 15:00:00.000 UTC,5.43,5.27,5.42,5.33
2021-12-05 14:00:00.000 UTC,5.65,5.47,5.65,5.48
2021-12-05 13:00:00.000 UTC,5.69,5.63,5.69,5.67
2021-12-05 12:00:00.000 UTC,5.72,5.66,5.66,5.71
2021-12-05 11:00:00.000 UTC,5.7,5.63,5.67,5.65
2021-12-05 10:00:00.000 UTC,5.73,5.61,5.61,5.67
2021-12-05 09:00:00.000 UTC,5.77,5.63,5.77,5.64
2021-12-05 08:00:00.000 UTC,5.78,5.74,5.77,5.78
2021-12-05 07:00:00.000 UTC,5.85,5.79,5.85,5.79
2021-12-05 06:00:00.000 UTC,5.9,5.83,5.9,5.84
2021-12-05 05:00:00.000 UTC,5.89,5.8,5.82,5.89
2021-12-05 04:00:00.000 UTC,5.83,5.76,5.81,5.81
2021-12-05 03:00:00.000 UTC,5.85,5.73,5.74,5.82
2021-12-05 02:00:00.000 UTC,5.9,5.75,5.9,5.75
2021-12-05 01:00:00.000 UTC,5.89,5.78,5.86,5.89
2021-12-05 00:00:00.000 UTC,6.11,5.73,6.07,5.84
2021-12-04 23:00:00.000 UTC,6.15,5.99,6.15,6.03
2021-12-04 22:00:00.000 UTC,6.15,5.93,5.96,6.13
2021-12-04 21:00:00.000 UTC,6.16,5.89,6.16,5.89
2021-12-04 20:00:00.000 UTC,6.16,5.79,5.87,6.14
2021-12-04 19:00:00.000 UTC,5.86,5.81,5.81,5.86
2021-12-04 18:00:00.000 UTC,5.86,5.76,5.79,5.85
2021-12-04 17:00:00.000 UTC,5.8,5.73,5.74,5.8
2021-12-04 16:00:00.000 UTC,6.01,5.77,5.82,5.82
2021-12-04 15:00:00.000 UTC,5.9,5.57,5.57,5.82
2021-12-04 14:00:00.000 UTC,5.58,5.24,5.26,5.58
2021-12-04 13:00:00.000 UTC,5.23,5.14,5.15,5.21
2021-12-04 12:00:00.000 UTC,5.26,5.03,5.03,5.15
2021-12-04 11:00:00.000 UTC,5.22,4.95,5.22,5.02
2021-12-04 10:00:00.000 UTC,5.32,5.13,5.25,5.18
2021-12-04 09:00:00.000 UTC,5.34,5.21,5.28,5.24
2021-12-04 08:00:00.000 UTC,5.37,5.05,5.05,5.32
2021-12-04 07:00:00.000 UTC,5.14,4.94,5.08,5.01
2021-12-04 06:00:00.000 UTC,5.2,4.95,5.02,5.2
2021-12-04 05:00:00.000 UTC,5.37,4.69,5.37,5.02
2021-12-04 04:00:00.000 UTC,5.78,5.47,5.68,5.47
2021-12-04 03:00:00.000 UTC,5.9,5.74,5.9,5.74
2021-12-04 02:00:00.000 UTC,5.91,5.8,5.8,5.89
2021-12-04 01:00:00.000 UTC,5.8,5.69,5.79,5.77
2021-12-04 00:00:00.000 UTC,6.04,5.74,6.04,5.75
2021-12-03 23:00:00.000 UTC,6.08,5.97,5.97,6.07
2021-12-03 22:00:00.000 UTC,6.1,5.98,6.1,5.98
2021-12-03 21:00:00.000 UTC,6.16,6.05,6.05,6.11
2021-12-03 20:00:00.000 UTC,6.05,5.87,6.05,5.99
2021-12-03 19:00:00.000 UTC,6.14,6.02,6.14,6.05
2021-12-03 18:00:00.000 UTC,6.2,6.13,6.19,6.15
2021-12-03 17:00:00.000 UTC,6.22,6.11,6.11,6.19
2021-12-03 16:00:00.000 UTC,6.23,6.09,6.23,6.13
2021-12-03 15:00:00.000 UTC,6.33,6.22,6.33,6.22
2021-12-03 14:00:00.000 UTC,6.42,6.33,6.4,6.33
2021-12-03 13:00:00.000 UTC,6.48,6.4,6.48,6.4
2021-12-03 12:00:00.000 UTC,6.48,6.44,6.46,6.47
2021-12-03 11:00:00.000 UTC,6.52,6.46,6.51,6.46
2021-12-03 10:00:00.000 UTC,6.55,6.48,6.52,6.5
2021-12-03 09:00:00.000 UTC,6.54,6.46,6.54,6.51
2021-12-03 08:00:00.000 UTC,6.57,6.5,6.57,6.5
2021-12-03 07:00:00.000 UTC,6.6,6.52,6.6,6.54
2021-12-03 06:00:00.000 UTC,6.65,6.55,6.55,6.59
2021-12-03 05:00:00.000 UTC,6.56,6.43,6.49,6.55
2021-12-03 04:00:00.000 UTC,6.87,6.47,6.53,6.54
2021-12-03 03:00:00.000 UTC,6.52,6.35,6.39,6.52
2021-12-03 02:00:00.000 UTC,6.52,6.37,6.52,6.37
2021-12-03 01:00:00.000 UTC,6.68,6.51,6.68,6.51
2021-12-03 00:00:00.000 UTC,6.74,6.52,6.71,6.63
2021-12-02 23:00:00.000 UTC,6.68,6.53,6.53,6.67
2021-12-02 22:00:00.000 UTC,6.67,6.52,6.64,6.52
2021-12-02 21:00:00.000 UTC,6.6,6.47,6.48,6.6
2021-12-02 20:00:00.000 UTC,6.47,6.31,6.34,6.47
2021-12-02 19:00:00.000 UTC,6.39,6.3,6.39,6.35
2021-12-02 18:00:00.000 UTC,6.53,6.41,6.5,6.41
2021-12-02 17:00:00.000 UTC,6.71,6.46,6.69,6.51
2021-12-02 16:00:00.000 UTC,6.83,6.42,6.42,6.72
2021-12-02 15:00:00.000 UTC,6.36,6.24,6.33,6.29
2021-12-02 14:00:00.000 UTC,6.32,6.23,6.27,6.32
2021-12-02 13:00:00.000 UTC,6.35,6.23,6.23,6.24
2021-12-02 12:00:00.000 UTC,6.23,6.16,6.22,6.22
2021-12-02 11:00:00.000 UTC,6.21,6.14,6.21,6.2
2021-12-02 10:00:00.000 UTC,6.25,6.18,6.23,6.2
2021-12-02 09:00:00.000 UTC,6.32,6.2,6.26,6.2
2021-12-02 08:00:00.000 UTC,6.34,6.28,6.31,6.28
2021-12-02 07:00:00.000 UTC,6.36,6.3,6.32,6.3
2021-12-02 06:00:00.000 UTC,6.39,6.27,6.3,6.28
2021-12-02 05:00:00.000 UTC,6.31,6.17,6.17,6.3
2021-12-02 04:00:00.000 UTC,6.15,6.13,6.14,6.14
2021-12-02 03:00:00.000 UTC,6.23,6.09,6.23,6.15
2021-12-02 02:00:00.000 UTC,6.35,6.23,6.35,6.23
2021-12-02 01:00:00.000 UTC,6.36,6.28,6.31,6.32
2021-12-02 00:00:00.000 UTC,6.58,6.29,6.58,6.3
2021-12-01 23:00:00.000 UTC,6.58,6.51,6.52,6.56
2021-12-01 22:00:00.000 UTC,6.62,6.46,6.46,6.52
2021-12-01 21:00:00.000 UTC,6.43,6.36,6.43,6.42
2021-12-01 20:00:00.000 UTC,6.55,6.45,6.55,6.45
2021-12-01 19:00:00.000 UTC,6.65,6.56,6.62,6.57
2021-12-01 18:00:00.000 UTC,6.75,6.58,6.75,6.59
2021-12-01 17:00:00.000 UTC,6.72,6.5,6.5,6.72
2021-12-01 16:00:00.000 UTC,6.55,6.48,6.48,6.52
2021-12-01 15:00:00.000 UTC,6.53,6.46,6.52,6.47
2021-12-01 14:00:00.000 UTC,6.55,6.45,6.46,6.52
2021-12-01 13:00:00.000 UTC,6.5,6.44,6.44,6.47
2021-12-01 12:00:00.000 UTC,6.51,6.45,6.47,6.46
2021-12-01 11:00:00.000 UTC,6.49,6.44,6.47,6.47
2021-12-01 10:00:00.000 UTC,6.63,6.45,6.63,6.47
2021-12-01 09:00:00.000 UTC,6.67,6.63,6.63,6.66
2021-12-01 08:00:00.000 UTC,6.71,6.64,6.69,6.64
2021-12-01 07:00:00.000 UTC,6.73,6.66,6.67,6.73
2021-12-01 06:00:00.000 UTC,6.71,6.63,6.66,6.68
2021-12-01 05:00:00.000 UTC,6.69,6.62,6.69,6.64
2021-12-01 04:00:00.000 UTC,6.76,6.65,6.71,6.7
2021-12-01 03:00:00.000 UTC,6.73,6.63,6.63,6.7
2021-12-01 02:00:00.000 UTC,6.76,6.61,6.75,6.61
2021-12-01 01:00:00.000 UTC,6.88,6.7,6.88,6.74
2021-12-01 00:00:00.000 UTC,6.96,6.77,6.78,6.84
2021-11-30 23:00:00.000 UTC,6.78,6.7,6.78,6.76
2021-11-30 22:00:00.000 UTC,6.79,6.72,6.74,6.74
2021-11-30 21:00:00.000 UTC,6.81,6.7,6.79,6.73
2021-11-30 20:00:00.000 UTC,6.81,6.71,6.78,6.77
2021-11-30 19:00:00.000 UTC,6.84,6.75,6.84,6.78
2021-11-30 18:00:00.000 UTC,6.84,6.75,6.75,6.82
2021-11-30 17:00:00.000 UTC,6.8,6.67,6.71,6.74
2021-11-30 16:00:00.000 UTC,6.82,6.73,6.82,6.73
2021-11-30 15:00:00.000 UTC,6.98,6.73,6.89,6.82
2021-11-30 14:00:00.000 UTC,6.96,6.86,6.96,6.89
2021-11-30 13:00:00.000 UTC,6.99,6.89,6.99,6.93
2021-11-30 12:00:00.000 UTC,7.13,6.96,6.96,7.01
2021-11-30 11:00:00.000 UTC,7.04,6.85,6.85,7
2021-11-30 10:00:00.000 UTC,6.85,6.76,6.79,6.82
2021-11-30 09:00:00.000 UTC,6.81,6.75,6.75,6.79
2021-11-30 08:00:00.000 UTC,6.81,6.69,6.75,6.76
2021-11-30 07:00:00.000 UTC,6.9,6.72,6.89,6.72
2021-11-30 06:00:00.000 UTC,6.93,6.82,6.91,6.91
2021-11-30 05:00:00.000 UTC,6.98,6.88,6.9,6.92
2021-11-30 04:00:00.000 UTC,6.96,6.83,6.84,6.89
2021-11-30 03:00:00.000 UTC,7.01,6.7,7.01,6.86
2021-11-30 02:00:00.000 UTC,7.17,7.02,7.08,7.02
2021-11-30 01:00:00.000 UTC,7.13,7.04,7.13,7.08
2021-11-30 00:00:00.000 UTC,7.13,6.93,6.97,7.11
2021-11-29 23:00:00.000 UTC,7.11,6.95,7.11,6.97
2021-11-29 22:00:00.000 UTC,7.2,7.08,7.19,7.11
2021-11-29 21:00:00.000 UTC,7.24,7.17,7.24,7.18
2021-11-29 20:00:00.000 UTC,7.23,7.08,7.1,7.21
2021-11-29 19:00:00.000 UTC,7.17,7.08,7.17,7.16
2021-11-29 18:00:00.000 UTC,7.2,7.14,7.17,7.16
2021-11-29 17:00:00.000 UTC,7.2,7.08,7.18,7.16
2021-11-29 16:00:00.000 UTC,7.19,7.06,7.07,7.19
2021-11-29 15:00:00.000 UTC,7.14,7,7.13,7.06
2021-11-29 14:00:00.000 UTC,7.16,7.05,7.05,7.1
2021-11-29 13:00:00.000 UTC,7.49,7.05,7.4,7.13
2021-11-29 12:00:00.000 UTC,7.54,7.24,7.31,7.4
2021-11-29 11:00:00.000 UTC,7.41,7.33,7.38,7.36
2021-11-29 10:00:00.000 UTC,7.42,7.21,7.21,7.38
2021-11-29 09:00:00.000 UTC,7.45,7.19,7.43,7.19
2021-11-29 08:00:00.000 UTC,7.6,7.4,7.6,7.47
2021-11-29 07:00:00.000 UTC,7.69,7.52,7.61,7.65
2021-11-29 06:00:00.000 UTC,7.66,7.51,7.55,7.61
2021-11-29 05:00:00.000 UTC,7.72,7.5,7.7,7.52
2021-11-29 04:00:00.000 UTC,7.82,7.64,7.68,7.76
2021-11-29 03:00:00.000 UTC,7.88,7.72,7.85,7.73
2021-11-29 02:00:00.000 UTC,7.89,7.38,7.42,7.83
2021-11-29 01:00:00.000 UTC,7.53,7.36,7.44,7.39
2021-11-29 00:00:00.000 UTC,7.76,7.45,7.51,7.47
2021-11-28 23:00:00.000 UTC,7.53,7.31,7.31,7.53
2021-11-28 22:00:00.000 UTC,7.45,7,7,7.34
2021-11-28 21:00:00.000 UTC,7.08,6.97,6.97,7.03
2021-11-28 20:00:00.000 UTC,7.01,6.88,6.99,6.95
2021-11-28 19:00:00.000 UTC,7.06,6.87,6.87,7.06
2021-11-28 18:00:00.000 UTC,6.86,6.68,6.72,6.86
2021-11-28 17:00:00.000 UTC,6.95,6.67,6.93,6.72
2021-11-28 16:00:00.000 UTC,7.13,6.86,7.13,6.89
2021-11-28 15:00:00.000 UTC,7.15,6.98,6.98,7.13
2021-11-28 14:00:00.000 UTC,7.11,6.9,7.11,6.99
2021-11-28 13:00:00.000 UTC,7.21,6.97,7.05,7.07
2021-11-28 12:00:00.000 UTC,7.15,6.74,6.74,7.13
2021-11-28 11:00:00.000 UTC,6.73,6.35,6.43,6.73
2021-11-28 10:00:00.000 UTC,6.49,6.22,6.22,6.49
2021-11-28 09:00:00.000 UTC,6.25,6.11,6.19,6.24
2021-11-28 08:00:00.000 UTC,6.37,6.16,6.37,6.16
2021-11-28 07:00:00.000 UTC,6.45,6.07,6.1,6.39
2021-11-28 06:00:00.000 UTC,6.11,5.99,6.04,6.1
2021-11-28 05:00:00.000 UTC,6.04,5.83,5.83,6.04
2021-11-28 04:00:00.000 UTC,5.95,5.83,5.92,5.83
2021-11-28 03:00:00.000 UTC,5.96,5.86,5.95,5.91
2021-11-28 02:00:00.000 UTC,6.11,5.87,6.06,5.91
2021-11-28 01:00:00.000 UTC,6.31,6.05,6.28,6.05
2021-11-28 00:00:00.000 UTC,6.56,6.26,6.56,6.3
2021-11-27 23:00:00.000 UTC,6.54,6.45,6.54,6.49
2021-11-27 22:00:00.000 UTC,6.55,6.45,6.46,6.55
2021-11-27 21:00:00.000 UTC,6.45,6.38,6.44,6.45
2021-11-27 20:00:00.000 UTC,6.63,6.44,6.59,6.44
2021-11-27 19:00:00.000 UTC,6.66,6.48,6.48,6.66
2021-11-27 18:00:00.000 UTC,6.51,6.43,6.46,6.51
2021-11-27 17:00:00.000 UTC,6.52,6.43,6.49,6.45
2021-11-27 16:00:00.000 UTC,6.68,6.54,6.68,6.54
2021-11-27 15:00:00.000 UTC,6.69,6.5,6.54,6.68
2021-11-27 14:00:00.000 UTC,6.59,6.48,6.52,6.52
2021-11-27 13:00:00.000 UTC,6.64,6.4,6.4,6.55
2021-11-27 12:00:00.000 UTC,6.48,6.36,6.46,6.44
2021-11-27 11:00:00.000 UTC,6.57,6.42,6.53,6.44
2021-11-27 10:00:00.000 UTC,6.58,6.46,6.54,6.56
2021-11-27 09:00:00.000 UTC,6.69,6.53,6.69,6.55
2021-11-27 08:00:00.000 UTC,6.79,6.35,6.35,6.68
2021-11-27 07:00:00.000 UTC,6.42,6.22,6.32,6.32
2021-11-27 06:00:00.000 UTC,6.51,6.29,6.48,6.29
2021-11-27 05:00:00.000 UTC,6.71,6.47,6.69,6.47
2021-11-27 04:00:00.000 UTC,6.73,6.59,6.73,6.67
2021-11-27 03:00:00.000 UTC,6.85,6.74,6.8,6.74
2021-11-27 02:00:00.000 UTC,6.84,6.74,6.83,6.8
2021-11-27 01:00:00.000 UTC,6.96,6.77,6.91,6.88
2021-11-27 00:00:00.000 UTC,7.07,6.87,6.96,6.97
2021-11-26 23:00:00.000 UTC,7.06,6.88,7.01,6.88
2021-11-26 22:00:00.000 UTC,7.12,6.99,7.09,6.99
2021-11-26 21:00:00.000 UTC,7.34,7.14,7.29,7.14
2021-11-26 20:00:00.000 UTC,7.28,7.15,7.24,7.25
2021-11-26 19:00:00.000 UTC,7.27,7.14,7.15,7.24
2021-11-26 18:00:00.000 UTC,7.37,7.16,7.34,7.17
2021-11-26 17:00:00.000 UTC,7.42,7.15,7.15,7.37
2021-11-26 16:00:00.000 UTC,7.16,6.84,6.89,7.15
2021-11-26 15:00:00.000 UTC,7.14,6.89,7.03,6.92
2021-11-26 14:00:00.000 UTC,7.16,6.99,7.16,7.05
2021-11-26 13:00:00.000 UTC,7.14,6.98,7.09,7.07
2021-11-26 12:00:00.000 UTC,6.89,6.63,6.72,6.89
2021-11-26 11:00:00.000 UTC,6.96,6.72,6.96,6.72
2021-11-26 10:00:00.000 UTC,7.13,6.92,7.13,7.06
2021-11-26 09:00:00.000 UTC,7.27,6.86,6.86,7.12
2021-11-26 08:00:00.000 UTC,6.88,6.57,6.88,6.62
2021-11-26 07:00:00.000 UTC,7.16,6.94,7.03,6.94
2021-11-26 06:00:00.000 UTC,7.15,6.89,7.15,6.98
2021-11-26 05:00:00.000 UTC,7.33,7.1,7.33,7.11
2021-11-26 04:00:00.000 UTC,7.34,7.09,7.14,7.23
2021-11-26 03:00:00.000 UTC,7.2,7.05,7.2,7.17
2021-11-26 02:00:00.000 UTC,7.33,7.17,7.33,7.17
2021-11-26 01:00:00.000 UTC,7.73,7.35,7.72,7.39
2021-11-26 00:00:00.000 UTC,7.71,7.13,7.13,7.71
2021-11-25 23:00:00.000 UTC,7.31,7.08,7.08,7.29
2021-11-25 22:00:00.000 UTC,7.34,7.15,7.34,7.23
2021-11-25 21:00:00.000 UTC,7.37,7.01,7.16,7.32
2021-11-25 20:00:00.000 UTC,7.19,7.02,7.03,7.14
2021-11-25 19:00:00.000 UTC,7.13,6.93,6.99,7.1
2021-11-25 18:00:00.000 UTC,7.01,6.84,6.92,7
2021-11-25 17:00:00.000 UTC,6.93,6.7,6.93,6.88
2021-11-25 16:00:00.000 UTC,7.27,6.94,7.27,6.96
2021-11-25 15:00:00.000 UTC,7.42,7.17,7.2,7.3
2021-11-25 14:00:00.000 UTC,7.42,7.24,7.38,7.24
2021-11-25 13:00:00.000 UTC,7.41,7.11,7.29,7.41
2021-11-25 12:00:00.000 UTC,7.74,7.29,7.74,7.29
2021-11-25 11:00:00.000 UTC,7.78,7.59,7.59,7.74
2021-11-25 10:00:00.000 UTC,8.08,7.47,8.08,7.69
2021-11-25 09:00:00.000 UTC,8.3,8.08,8.27,8.08
2021-11-25 08:00:00.000 UTC,8.26,8.11,8.25,8.23
2021-11-25 07:00:00.000 UTC,8.6,8.11,8.6,8.27
2021-11-25 06:00:00.000 UTC,8.43,8.16,8.43,8.28
2021-11-25 05:00:00.000 UTC,8.13,7.5,7.65,8.05
2021-11-25 04:00:00.000 UTC,7.63,7.21,7.21,7.58
2021-11-25 03:00:00.000 UTC,7.27,7.07,7.18,7.27
2021-11-25 02:00:00.000 UTC,7.42,7.18,7.39,7.18
2021-11-25 01:00:00.000 UTC,7.45,6.9,6.9,7.45
2021-11-25 00:00:00.000 UTC,7.46,7,7.46,7
2021-11-24 23:00:00.000 UTC,7.86,7.35,7.86,7.44
2021-11-24 22:00:00.000 UTC,7.88,7.55,7.55,7.83
2021-11-24 21:00:00.000 UTC,7.77,7.37,7.51,7.59
2021-11-24 20:00:00.000 UTC,7.56,7.28,7.43,7.51
2021-11-24 19:00:00.000 UTC,8.03,7.43,8.03,7.43
2021-11-24 18:00:00.000 UTC,8.08,7.55,7.56,8.03
2021-11-24 17:00:00.000 UTC,7.82,7.53,7.66,7.53
2021-11-24 16:00:00.000 UTC,7.72,6.99,6.99,7.57
2021-11-24 15:00:00.000 UTC,7.14,6.97,6.99,7
2021-11-24 14:00:00.000 UTC,6.91,6.62,6.62,6.91
2021-11-24 13:00:00.000 UTC,6.86,6.61,6.75,6.61
2021-11-24 12:00:00.000 UTC,6.88,6.66,6.88,6.75
2021-11-24 11:00:00.000 UTC,7.06,6.79,6.84,6.9
2021-11-24 10:00:00.000 UTC,7.16,6.83,7.16,6.87
2021-11-24 09:00:00.000 UTC,7.33,6.89,6.89,7.33
2021-11-24 08:00:00.000 UTC,7.01,6.71,6.87,7.01
2021-11-24 07:00:00.000 UTC,6.9,6.67,6.73,6.9
2021-11-24 06:00:00.000 UTC,7.02,6.57,6.57,6.76
2021-11-24 05:00:00.000 UTC,6.57,6.33,6.33,6.56
2021-11-24 04:00:00.000 UTC,6.46,6.21,6.21,6.3
2021-11-24 03:00:00.000 UTC,6.33,6.13,6.33,6.21
2021-11-24 02:00:00.000 UTC,6.24,5.91,5.98,6.24
2021-11-24 01:00:00.000 UTC,5.96,5.53,5.53,5.96
2021-11-24 00:00:00.000 UTC,5.54,5.26,5.35,5.54
2021-11-23 23:00:00.000 UTC,5.42,5.32,5.35,5.35
2021-11-23 22:00:00.000 UTC,5.48,5.35,5.4,5.35
2021-11-23 21:00:00.000 UTC,5.44,5.36,5.42,5.41
2021-11-23 20:00:00.000 UTC,5.54,5.4,5.49,5.4
2021-11-23 19:00:00.000 UTC,5.59,5.43,5.5,5.55
2021-11-23 18:00:00.000 UTC,5.66,5.38,5.38,5.51
2021-11-23 17:00:00.000 UTC,5.35,5.19,5.21,5.35
2021-11-23 16:00:00.000 UTC,5.39,5.17,5.32,5.2
2021-11-23 15:00:00.000 UTC,5.39,5.24,5.34,5.28
2021-11-23 14:00:00.000 UTC,5.42,5.3,5.41,5.38
2021-11-23 13:00:00.000 UTC,5.46,5.29,5.41,5.46
2021-11-23 12:00:00.000 UTC,5.6,5.42,5.6,5.42
2021-11-23 11:00:00.000 UTC,5.64,5.5,5.6,5.59
2021-11-23 10:00:00.000 UTC,5.59,5.33,5.44,5.58
2021-11-23 09:00:00.000 UTC,5.47,5.29,5.3,5.38
2021-11-23 08:00:00.000 UTC,5.42,5.24,5.42,5.3
2021-11-23 07:00:00.000 UTC,5.42,5.28,5.31,5.4
2021-11-23 06:00:00.000 UTC,5.36,5.17,5.17,5.3
2021-11-23 05:00:00.000 UTC,5.23,5.08,5.08,5.17
2021-11-23 04:00:00.000 UTC,5.08,4.94,4.94,5.08
2021-11-23 03:00:00.000 UTC,4.97,4.87,4.97,4.93
2021-11-23 02:00:00.000 UTC,5.11,4.91,4.97,4.99
2021-11-23 01:00:00.000 UTC,5.02,4.88,4.92,4.95
2021-11-23 00:00:00.000 UTC,5.22,4.91,4.94,4.93
2021-11-22 23:00:00.000 UTC,4.95,4.69,4.69,4.94
2021-11-22 22:00:00.000 UTC,4.68,4.59,4.59,4.68
2021-11-22 21:00:00.000 UTC,4.75,4.58,4.7,4.58
2021-11-22 20:00:00.000 UTC,4.64,4.5,4.5,4.62
2021-11-22 19:00:00.000 UTC,4.61,4.32,4.32,4.53
2021-11-22 18:00:00.000 UTC,4.44,4.34,4.44,4.34
2021-11-22 17:00:00.000 UTC,4.5,4.4,4.47,4.41
2021-11-22 16:00:00.000 UTC,4.5,4.29,4.3,4.5
2021-11-22 15:00:00.000 UTC,4.32,4.11,4.11,4.32
2021-11-22 14:00:00.000 UTC,4.09,4.02,4.08,4.09
2021-11-22 13:00:00.000 UTC,4.11,3.95,4.05,4.09
2021-11-22 12:00:00.000 UTC,4.14,3.97,3.98,4.03
2021-11-22 11:00:00.000 UTC,4.02,3.92,3.92,3.98
2021-11-22 10:00:00.000 UTC,3.94,3.9,3.9,3.93
2021-11-22 09:00:00.000 UTC,4,3.93,4,3.93
2021-11-22 08:00:00.000 UTC,4.02,3.96,3.97,4
2021-11-22 07:00:00.000 UTC,4.06,3.97,4.02,3.97
2021-11-22 06:00:00.000 UTC,4.03,3.87,3.89,4.03
2021-11-22 05:00:00.000 UTC,3.91,3.78,3.85,3.91
2021-11-22 04:00:00.000 UTC,3.91,3.86,3.88,3.86
2021-11-22 03:00:00.000 UTC,3.94,3.86,3.94,3.89
2021-11-22 02:00:00.000 UTC,4.06,3.93,4.05,3.93
2021-11-22 01:00:00.000 UTC,4.13,4.05,4.09,4.05
2021-11-22 00:00:00.000 UTC,4.2,3.92,4.02,4.14
2021-11-21 23:00:00.000 UTC,4.1,4.01,4.01,4.04
2021-11-21 22:00:00.000 UTC,4.06,3.98,4,4.03
2021-11-21 21:00:00.000 UTC,3.99,3.94,3.96,3.99
2021-11-21 20:00:00.000 UTC,3.97,3.92,3.92,3.97
2021-11-21 19:00:00.000 UTC,3.96,3.91,3.94,3.91
2021-11-21 18:00:00.000 UTC,3.97,3.93,3.94,3.94
2021-11-21 17:00:00.000 UTC,3.98,3.94,3.98,3.94
2021-11-21 16:00:00.000 UTC,3.97,3.91,3.97,3.96
2021-11-21 15:00:00.000 UTC,3.98,3.88,3.91,3.98
2021-11-21 14:00:00.000 UTC,4.01,3.95,4.01,3.95
2021-11-21 13:00:00.000 UTC,4.14,4.07,4.14,4.08
2021-11-21 12:00:00.000 UTC,4.16,4.07,4.09,4.16
2021-11-21 11:00:00.000 UTC,4.12,4.07,4.08,4.09
2021-11-21 10:00:00.000 UTC,4.16,4.08,4.15,4.08
2021-11-21 09:00:00.000 UTC,4.17,4.14,4.14,4.15
2021-11-21 08:00:00.000 UTC,4.18,4.13,4.17,4.13
2021-11-21 07:00:00.000 UTC,4.19,4.16,4.17,4.19
2021-11-21 06:00:00.000 UTC,4.23,4.18,4.22,4.18
2021-11-21 05:00:00.000 UTC,4.22,4.16,4.16,4.22
2021-11-21 04:00:00.000 UTC,4.26,4.16,4.25,4.16
2021-11-21 03:00:00.000 UTC,4.28,4.24,4.27,4.25
2021-11-21 02:00:00.000 UTC,4.34,4.23,4.33,4.26
2021-11-21 01:00:00.000 UTC,4.4,4.33,4.4,4.33
2021-11-21 00:00:00.000 UTC,4.44,4.22,4.22,4.43
2021-11-20 23:00:00.000 UTC,4.25,4.19,4.21,4.23
2021-11-20 22:00:00.000 UTC,4.29,4.2,4.25,4.22
2021-11-20 21:00:00.000 UTC,4.25,4.18,4.21,4.25
2021-11-20 20:00:00.000 UTC,4.22,4.19,4.22,4.19
2021-11-20 19:00:00.000 UTC,4.28,4.17,4.2,4.24
2021-11-20 18:00:00.000 UTC,4.2,4.09,4.1,4.2
2021-11-20 17:00:00.000 UTC,4.11,4.07,4.09,4.1
2021-11-20 16:00:00.000 UTC,4.14,4.04,4.14,4.1
2021-11-20 15:00:00.000 UTC,4.21,4.11,4.21,4.11
2021-11-20 14:00:00.000 UTC,4.26,4.19,4.2,4.22
2021-11-20 13:00:00.000 UTC,4.31,4.14,4.14,4.21
2021-11-20 12:00:00.000 UTC,4.16,4.1,4.13,4.15
2021-11-20 11:00:00.000 UTC,4.14,4.09,4.14,4.12
2021-11-20 10:00:00.000 UTC,4.16,4.1,4.1,4.13
2021-11-20 09:00:00.000 UTC,4.16,4.1,4.14,4.1
2021-11-20 08:00:00.000 UTC,4.17,4.08,4.13,4.14
2021-11-20 07:00:00.000 UTC,4.21,4.14,4.18,4.14
2021-11-20 06:00:00.000 UTC,4.18,4.08,4.1,4.17
2021-11-20 05:00:00.000 UTC,4.23,4.1,4.23,4.1
2021-11-20 04:00:00.000 UTC,4.27,4.21,4.21,4.26
2021-11-20 03:00:00.000 UTC,4.3,4.17,4.22,4.22
2021-11-20 02:00:00.000 UTC,4.28,4.21,4.25,4.26
2021-11-20 01:00:00.000 UTC,4.28,4.21,4.28,4.24
2021-11-20 00:00:00.000 UTC,4.41,4.29,4.41,4.29
2021-11-19 23:00:00.000 UTC,4.47,4.33,4.38,4.39
2021-11-19 22:00:00.000 UTC,4.4,4.28,4.28,4.38
2021-11-19 21:00:00.000 UTC,4.32,4.22,4.22,4.28
2021-11-19 20:00:00.000 UTC,4.33,4.2,4.28,4.21
2021-11-19 19:00:00.000 UTC,4.35,4.23,4.23,4.28
2021-11-19 18:00:00.000 UTC,4.29,4.21,4.24,4.21
2021-11-19 17:00:00.000 UTC,4.29,4.22,4.27,4.25
2021-11-19 16:00:00.000 UTC,4.29,4.15,4.19,4.24
2021-11-19 15:00:00.000 UTC,4.26,4.18,4.26,4.2
2021-11-19 14:00:00.000 UTC,4.37,4.27,4.3,4.27
2021-11-19 13:00:00.000 UTC,4.29,4.23,4.24,4.27
2021-11-19 12:00:00.000 UTC,4.37,4.23,4.32,4.24
2021-11-19 11:00:00.000 UTC,4.44,4.32,4.4,4.33
2021-11-19 10:00:00.000 UTC,4.44,4.37,4.39,4.4
2021-11-19 09:00:00.000 UTC,4.43,4.1,4.1,4.43
2021-11-19 08:00:00.000 UTC,4.17,4.07,4.09,4.08
2021-11-19 07:00:00.000 UTC,4.1,4.02,4.03,4.1
2021-11-19 06:00:00.000 UTC,4.16,3.98,4.16,3.98
2021-11-19 05:00:00.000 UTC,4.26,4.15,4.26,4.19
2021-11-19 04:00:00.000 UTC,4.33,4.21,4.33,4.23
2021-11-19 03:00:00.000 UTC,4.25,4.11,4.11,4.25
2021-11-19 02:00:00.000 UTC,4.29,4.13,4.18,4.13
2021-11-19 01:00:00.000 UTC,4.4,4.26,4.32,4.26
2021-11-19 00:00:00.000 UTC,4.49,4.28,4.3,4.31
2021-11-18 23:00:00.000 UTC,4.58,4.26,4.56,4.4
2021-11-18 22:00:00.000 UTC,4.66,4.49,4.65,4.52
2021-11-18 21:00:00.000 UTC,4.71,4.55,4.61,4.59
2021-11-18 20:00:00.000 UTC,4.63,4.28,4.29,4.63
2021-11-18 19:00:00.000 UTC,4.41,4.25,4.41,4.25
2021-11-18 18:00:00.000 UTC,4.42,4.33,4.38,4.39
2021-11-18 17:00:00.000 UTC,4.51,4.07,4.07,4.45
2021-11-18 16:00:00.000 UTC,4.19,4.01,4.19,4.1
2021-11-18 15:00:00.000 UTC,4.27,4.04,4.13,4.19
2021-11-18 14:00:00.000 UTC,4.13,3.98,4.01,4.12
2021-11-18 13:00:00.000 UTC,4.17,4.05,4.17,4.08
2021-11-18 12:00:00.000 UTC,4.3,4.18,4.23,4.24
2021-11-18 11:00:00.000 UTC,4.31,4.03,4.03,4.24
2021-11-18 10:00:00.000 UTC,4,3.94,3.98,3.98
2021-11-18 09:00:00.000 UTC,4.05,3.84,3.88,4.04
2021-11-18 08:00:00.000 UTC,3.93,3.86,3.93,3.87
2021-11-18 07:00:00.000 UTC,3.96,3.8,3.82,3.93
2021-11-18 06:00:00.000 UTC,3.83,3.74,3.8,3.8
2021-11-18 05:00:00.000 UTC,3.85,3.66,3.66,3.8
2021-11-18 04:00:00.000 UTC,3.83,3.7,3.73,3.7
2021-11-18 03:00:00.000 UTC,3.86,3.77,3.86,3.77
2021-11-18 02:00:00.000 UTC,3.84,3.6,3.66,3.84
2021-11-18 01:00:00.000 UTC,3.69,3.6,3.66,3.69
2021-11-18 00:00:00.000 UTC,3.79,3.64,3.76,3.64
2021-11-17 23:00:00.000 UTC,3.8,3.52,3.52,3.7
2021-11-17 22:00:00.000 UTC,3.56,3.43,3.56,3.5
2021-11-17 21:00:00.000 UTC,3.65,3.48,3.57,3.52
2021-11-17 20:00:00.000 UTC,3.64,3.3,3.3,3.59
2021-11-17 19:00:00.000 UTC,3.34,3.26,3.32,3.29
2021-11-17 18:00:00.000 UTC,3.35,3.3,3.35,3.32
2021-11-17 17:00:00.000 UTC,3.34,3.28,3.3,3.34
2021-11-17 16:00:00.000 UTC,3.32,3.21,3.26,3.29
2021-11-17 15:00:00.000 UTC,3.27,3.23,3.26,3.26
2021-11-17 14:00:00.000 UTC,3.38,3.27,3.36,3.27
2021-11-17 13:00:00.000 UTC,3.41,3.37,3.39,3.37
2021-11-17 12:00:00.000 UTC,3.51,3.4,3.51,3.4
2021-11-17 11:00:00.000 UTC,3.51,3.27,3.27,3.47
2021-11-17 10:00:00.000 UTC,3.29,3.17,3.26,3.29
2021-11-17 09:00:00.000 UTC,3.32,3.26,3.29,3.27
2021-11-17 08:00:00.000 UTC,3.35,3.28,3.34,3.34
2021-11-17 07:00:00.000 UTC,3.41,3.24,3.28,3.36
2021-11-17 06:00:00.000 UTC,3.3,3.2,3.29,3.23
2021-11-17 05:00:00.000 UTC,3.4,3.28,3.33,3.3
2021-11-17 04:00:00.000 UTC,3.32,3.25,3.32,3.32
2021-11-17 03:00:00.000 UTC,3.42,3.32,3.41,3.32
2021-11-17 02:00:00.000 UTC,3.56,3.37,3.47,3.37
2021-11-17 01:00:00.000 UTC,3.6,3.44,3.44,3.52
2021-11-17 00:00:00.000 UTC,3.55,3.23,3.24,3.38
2021-11-16 23:00:00.000 UTC,3.36,3.22,3.24,3.22
2021-11-16 22:00:00.000 UTC,3.32,3.23,3.3,3.24
2021-11-16 21:00:00.000 UTC,3.38,3.31,3.35,3.34
2021-11-16 20:00:00.000 UTC,3.29,3.18,3.19,3.26
2021-11-16 19:00:00.000 UTC,3.25,3.14,3.19,3.14
2021-11-16 18:00:00.000 UTC,3.32,3.12,3.12,3.19
2021-11-16 17:00:00.000 UTC,3.18,3.08,3.13,3.12
2021-11-16 16:00:00.000 UTC,3.1,3.01,3.03,3.07
2021-11-16 15:00:00.000 UTC,3.18,3.02,3.08,3.03
2021-11-16 14:00:00.000 UTC,3.16,2.89,2.89,3.08
2021-11-16 13:00:00.000 UTC,2.87,2.5,2.5,2.87
2021-11-16 12:00:00.000 UTC,2.56,2.52,2.56,2.52
2021-11-16 11:00:00.000 UTC,2.56,2.52,2.56,2.55
2021-11-16 10:00:00.000 UTC,2.57,2.41,2.57,2.49
2021-11-16 09:00:00.000 UTC,2.61,2.55,2.61,2.58
2021-11-16 08:00:00.000 UTC,2.6,2.58,2.59,2.6
2021-11-16 07:00:00.000 UTC,2.6,2.57,2.6,2.58
2021-11-16 06:00:00.000 UTC,2.61,2.57,2.61,2.6
2021-11-16 05:00:00.000 UTC,2.62,2.61,2.62,2.61
2021-11-16 04:00:00.000 UTC,2.62,2.55,2.58,2.62
2021-11-16 03:00:00.000 UTC,2.64,2.55,2.6,2.59
2021-11-16 02:00:00.000 UTC,2.66,2.61,2.64,2.61
2021-11-16 01:00:00.000 UTC,2.69,2.59,2.69,2.64
2021-11-16 00:00:00.000 UTC,2.8,2.69,2.8,2.69
2021-11-15 23:00:00.000 UTC,2.85,2.77,2.77,2.81
2021-11-15 22:00:00.000 UTC,2.77,2.74,2.76,2.77
2021-11-15 21:00:00.000 UTC,2.77,2.74,2.77,2.77
2021-11-15 20:00:00.000 UTC,2.8,2.76,2.8,2.77
2021-11-15 19:00:00.000 UTC,2.8,2.77,2.78,2.8
2021-11-15 18:00:00.000 UTC,2.8,2.77,2.8,2.77
2021-11-15 17:00:00.000 UTC,2.82,2.78,2.78,2.8
2021-11-15 16:00:00.000 UTC,2.81,2.77,2.8,2.77
2021-11-15 15:00:00.000 UTC,2.82,2.8,2.82,2.81
2021-11-15 14:00:00.000 UTC,2.86,2.83,2.86,2.84
2021-11-15 13:00:00.000 UTC,2.88,2.86,2.87,2.86
2021-11-15 12:00:00.000 UTC,2.94,2.87,2.94,2.87
2021-11-15 11:00:00.000 UTC,2.9,2.88,2.88,2.9
2021-11-15 10:00:00.000 UTC,2.91,2.87,2.88,2.88
2021-11-15 09:00:00.000 UTC,2.89,2.87,2.87,2.88
2021-11-15 08:00:00.000 UTC,2.89,2.86,2.88,2.87
2021-11-15 07:00:00.000 UTC,2.93,2.87,2.93,2.88
2021-11-15 06:00:00.000 UTC,2.96,2.92,2.96,2.92
2021-11-15 05:00:00.000 UTC,2.96,2.92,2.95,2.95
2021-11-15 04:00:00.000 UTC,2.95,2.93,2.94,2.94
2021-11-15 03:00:00.000 UTC,2.99,2.92,2.99,2.93
2021-11-15 02:00:00.000 UTC,2.99,2.94,2.97,2.98
2021-11-15 01:00:00.000 UTC,2.96,2.85,2.86,2.96
2021-11-15 00:00:00.000 UTC,2.91,2.81,2.84,2.85
2021-11-14 23:00:00.000 UTC,2.87,2.81,2.85,2.82
2021-11-14 22:00:00.000 UTC,2.88,2.83,2.83,2.86
2021-11-14 21:00:00.000 UTC,2.83,2.78,2.79,2.82
2021-11-14 20:00:00.000 UTC,2.8,2.79,2.8,2.79
2021-11-14 19:00:00.000 UTC,2.8,2.75,2.8,2.79
2021-11-14 18:00:00.000 UTC,2.82,2.78,2.81,2.79
2021-11-14 17:00:00.000 UTC,2.8,2.77,2.77,2.8
2021-11-14 16:00:00.000 UTC,2.82,2.76,2.77,2.79
2021-11-14 15:00:00.000 UTC,2.8,2.77,2.79,2.77
2021-11-14 14:00:00.000 UTC,2.88,2.79,2.88,2.79
2021-11-14 13:00:00.000 UTC,2.92,2.88,2.91,2.89
2021-11-14 12:00:00.000 UTC,2.92,2.9,2.9,2.9
2021-11-14 11:00:00.000 UTC,2.9,2.86,2.89,2.9
2021-11-14 10:00:00.000 UTC,2.9,2.86,2.86,2.9
2021-11-14 09:00:00.000 UTC,2.89,2.85,2.89,2.86
2021-11-14 08:00:00.000 UTC,2.89,2.82,2.82,2.88
2021-11-14 07:00:00.000 UTC,2.85,2.81,2.83,2.81
2021-11-14 06:00:00.000 UTC,2.9,2.86,2.9,2.88
2021-11-14 05:00:00.000 UTC,2.99,2.88,2.92,2.88
2021-11-14 04:00:00.000 UTC,2.92,2.84,2.84,2.91
2021-11-14 03:00:00.000 UTC,2.87,2.83,2.84,2.83
2021-11-14 02:00:00.000 UTC,2.85,2.83,2.84,2.83
2021-11-14 01:00:00.000 UTC,2.91,2.78,2.85,2.86
2021-11-14 00:00:00.000 UTC,2.91,2.82,2.83,2.84
2021-11-13 23:00:00.000 UTC,2.83,2.77,2.77,2.81
2021-11-13 22:00:00.000 UTC,2.81,2.76,2.79,2.77
2021-11-13 21:00:00.000 UTC,2.92,2.81,2.91,2.82
2021-11-13 20:00:00.000 UTC,2.99,2.93,2.93,2.93
2021-11-13 19:00:00.000 UTC,2.96,2.88,2.89,2.92
2021-11-13 18:00:00.000 UTC,3,2.88,2.98,2.89
2021-11-13 17:00:00.000 UTC,3.03,2.94,2.97,3
2021-11-13 16:00:00.000 UTC,3.07,2.89,2.89,2.98
2021-11-13 15:00:00.000 UTC,2.93,2.86,2.86,2.93
2021-11-13 14:00:00.000 UTC,2.93,2.85,2.92,2.86
2021-11-13 13:00:00.000 UTC,3.02,2.92,2.98,2.92
2021-11-13 12:00:00.000 UTC,3.19,2.98,3.18,2.98
2021-11-13 11:00:00.000 UTC,3.16,3.09,3.12,3.16
2021-11-13 10:00:00.000 UTC,3.16,3.04,3.08,3.13
2021-11-13 09:00:00.000 UTC,3.15,3.05,3.05,3.12
2021-11-13 08:00:00.000 UTC,3.07,2.91,2.96,3.07
2021-11-13 07:00:00.000 UTC,2.97,2.9,2.97,2.96
2021-11-13 06:00:00.000 UTC,2.97,2.88,2.88,2.97
2021-11-13 05:00:00.000 UTC,2.98,2.81,2.81,2.87
2021-11-13 04:00:00.000 UTC,2.88,2.77,2.77,2.82
2021-11-13 03:00:00.000 UTC,2.84,2.77,2.84,2.78
2021-11-13 02:00:00.000 UTC,2.88,2.81,2.81,2.85
2021-11-13 01:00:00.000 UTC,2.8,2.67,2.67,2.78
2021-11-13 00:00:00.000 UTC,2.67,2.59,2.63,2.66
2021-11-12 23:00:00.000 UTC,2.63,2.59,2.59,2.63
2021-11-12 22:00:00.000 UTC,2.63,2.58,2.6,2.61
2021-11-12 21:00:00.000 UTC,2.63,2.57,2.58,2.61
2021-11-12 20:00:00.000 UTC,2.62,2.53,2.55,2.6
2021-11-12 19:00:00.000 UTC,2.56,2.53,2.55,2.53
2021-11-12 18:00:00.000 UTC,2.64,2.54,2.64,2.54
2021-11-12 17:00:00.000 UTC,2.64,2.56,2.56,2.64
2021-11-12 16:00:00.000 UTC,2.62,2.54,2.61,2.56
2021-11-12 15:00:00.000 UTC,2.66,2.59,2.6,2.62
2021-11-12 14:00:00.000 UTC,2.67,2.59,2.67,2.6
2021-11-12 13:00:00.000 UTC,2.8,2.66,2.8,2.66
2021-11-12 12:00:00.000 UTC,2.85,2.67,2.67,2.78
2021-11-12 11:00:00.000 UTC,2.76,2.65,2.7,2.65
2021-11-12 10:00:00.000 UTC,2.72,2.54,2.54,2.7
2021-11-12 09:00:00.000 UTC,2.66,2.53,2.63,2.55
2021-11-12 08:00:00.000 UTC,2.64,2.56,2.56,2.63
2021-11-12 07:00:00.000 UTC,2.57,2.54,2.55,2.57
2021-11-12 06:00:00.000 UTC,2.68,2.59,2.62,2.59
2021-11-12 05:00:00.000 UTC,2.66,2.61,2.66,2.62
2021-11-12 04:00:00.000 UTC,2.69,2.6,2.66,2.66
2021-11-12 03:00:00.000 UTC,2.71,2.57,2.57,2.68
2021-11-12 02:00:00.000 UTC,2.61,2.49,2.49,2.61
2021-11-12 01:00:00.000 UTC,2.54,2.48,2.49,2.5
2021-11-12 00:00:00.000 UTC,2.5,2.4,2.42,2.46
2021-11-11 23:00:00.000 UTC,2.45,2.42,2.44,2.44
2021-11-11 22:00:00.000 UTC,2.45,2.43,2.45,2.44
2021-11-11 21:00:00.000 UTC,2.47,2.45,2.45,2.46
2021-11-11 20:00:00.000 UTC,2.53,2.46,2.49,2.46
2021-11-11 19:00:00.000 UTC,2.54,2.43,2.43,2.48
2021-11-11 18:00:00.000 UTC,2.42,2.35,2.36,2.42
2021-11-11 17:00:00.000 UTC,2.38,2.36,2.37,2.36
2021-11-11 16:00:00.000 UTC,2.37,2.34,2.34,2.37
2021-11-11 15:00:00.000 UTC,2.36,2.32,2.36,2.33
2021-11-11 14:00:00.000 UTC,2.37,2.3,2.32,2.36
2021-11-11 13:00:00.000 UTC,2.33,2.3,2.31,2.33
2021-11-11 12:00:00.000 UTC,2.33,2.29,2.32,2.3
2021-11-11 11:00:00.000 UTC,2.33,2.31,2.32,2.31
2021-11-11 10:00:00.000 UTC,2.35,2.32,2.35,2.32
2021-11-11 09:00:00.000 UTC,2.36,2.34,2.34,2.35
2021-11-11 08:00:00.000 UTC,2.36,2.32,2.36,2.34
2021-11-11 07:00:00.000 UTC,2.38,2.35,2.37,2.36
2021-11-11 06:00:00.000 UTC,2.39,2.36,2.39,2.37
2021-11-11 05:00:00.000 UTC,2.39,2.35,2.35,2.38
2021-11-11 04:00:00.000 UTC,2.35,2.33,2.34,2.34
2021-11-11 03:00:00.000 UTC,2.36,2.31,2.31,2.34
2021-11-11 02:00:00.000 UTC,2.32,2.27,2.3,2.32
2021-11-11 01:00:00.000 UTC,2.32,2.29,2.32,2.29
2021-11-11 00:00:00.000 UTC,2.35,2.26,2.29,2.32
2021-11-10 23:00:00.000 UTC,2.3,2.24,2.28,2.3
2021-11-10 22:00:00.000 UTC,2.25,2.16,2.16,2.25
2021-11-10 21:00:00.000 UTC,2.32,2.19,2.3,2.19
2021-11-10 20:00:00.000 UTC,2.41,2.32,2.4,2.32
2021-11-10 19:00:00.000 UTC,2.47,2.4,2.45,2.4
2021-11-10 18:00:00.000 UTC,2.47,2.45,2.47,2.45
2021-11-10 17:00:00.000 UTC,2.49,2.47,2.47,2.47
2021-11-10 16:00:00.000 UTC,2.53,2.48,2.52,2.48
2021-11-10 15:00:00.000 UTC,2.53,2.48,2.49,2.51
2021-11-10 14:00:00.000 UTC,2.51,2.48,2.48,2.49
2021-11-10 13:00:00.000 UTC,2.49,2.45,2.46,2.49
2021-11-10 12:00:00.000 UTC,2.64,2.47,2.64,2.48
2021-11-10 11:00:00.000 UTC,2.57,2.48,2.53,2.57
2021-11-10 10:00:00.000 UTC,2.53,2.49,2.52,2.51
2021-11-10 09:00:00.000 UTC,2.52,2.47,2.48,2.51
2021-11-10 08:00:00.000 UTC,2.52,2.48,2.51,2.49
2021-11-10 07:00:00.000 UTC,2.53,2.5,2.53,2.5
2021-11-10 06:00:00.000 UTC,2.58,2.53,2.56,2.54
2021-11-10 05:00:00.000 UTC,2.62,2.56,2.58,2.56
2021-11-10 04:00:00.000 UTC,2.63,2.53,2.53,2.59
2021-11-10 03:00:00.000 UTC,2.55,2.46,2.46,2.54
2021-11-10 02:00:00.000 UTC,2.49,2.45,2.47,2.47
2021-11-10 01:00:00.000 UTC,2.48,2.44,2.48,2.45
2021-11-10 00:00:00.000 UTC,2.53,2.38,2.38,2.5
2021-11-09 23:00:00.000 UTC,2.41,2.38,2.4,2.38
2021-11-09 22:00:00.000 UTC,2.42,2.39,2.42,2.4
2021-11-09 21:00:00.000 UTC,2.42,2.41,2.41,2.42
2021-11-09 20:00:00.000 UTC,2.42,2.39,2.4,2.41
2021-11-09 19:00:00.000 UTC,2.41,2.38,2.4,2.4
2021-11-09 18:00:00.000 UTC,2.43,2.4,2.41,2.4
2021-11-09 17:00:00.000 UTC,2.42,2.39,2.41,2.41
2021-11-09 16:00:00.000 UTC,2.41,2.39,2.41,2.4
2021-11-09 15:00:00.000 UTC,2.48,2.39,2.41,2.42
2021-11-09 14:00:00.000 UTC,2.44,2.42,2.44,2.42
2021-11-09 13:00:00.000 UTC,2.48,2.44,2.44,2.44
2021-11-09 12:00:00.000 UTC,2.45,2.43,2.44,2.44
2021-11-09 11:00:00.000 UTC,2.51,2.44,2.51,2.44
2021-11-09 10:00:00.000 UTC,2.52,2.51,2.52,2.52
2021-11-09 09:00:00.000 UTC,2.54,2.52,2.53,2.52
2021-11-09 08:00:00.000 UTC,2.53,2.5,2.51,2.53
2021-11-09 07:00:00.000 UTC,2.53,2.51,2.52,2.51
2021-11-09 06:00:00.000 UTC,2.52,2.51,2.51,2.52
2021-11-09 05:00:00.000 UTC,2.51,2.5,2.51,2.51
2021-11-09 04:00:00.000 UTC,2.52,2.5,2.5,2.51
2021-11-09 03:00:00.000 UTC,2.51,2.5,2.51,2.5
2021-11-09 02:00:00.000 UTC,2.52,2.5,2.52,2.51
2021-11-09 01:00:00.000 UTC,2.55,2.53,2.54,2.53
2021-11-09 00:00:00.000 UTC,2.57,2.53,2.57,2.55
2021-11-08 23:00:00.000 UTC,2.6,2.52,2.53,2.58
2021-11-08 22:00:00.000 UTC,2.53,2.52,2.53,2.53
2021-11-08 21:00:00.000 UTC,2.53,2.51,2.51,2.52
2021-11-08 20:00:00.000 UTC,2.54,2.5,2.54,2.51
2021-11-08 19:00:00.000 UTC,2.56,2.54,2.56,2.54
2021-11-08 18:00:00.000 UTC,2.57,2.53,2.54,2.56
2021-11-08 17:00:00.000 UTC,2.64,2.53,2.55,2.54
2021-11-08 16:00:00.000 UTC,2.57,2.53,2.53,2.56
2021-11-08 15:00:00.000 UTC,2.53,2.51,2.51,2.53
2021-11-08 14:00:00.000 UTC,2.54,2.52,2.52,2.52
2021-11-08 13:00:00.000 UTC,2.54,2.52,2.52,2.52
2021-11-08 12:00:00.000 UTC,2.55,2.51,2.54,2.53
2021-11-08 11:00:00.000 UTC,2.54,2.53,2.53,2.53
2021-11-08 10:00:00.000 UTC,2.54,2.53,2.53,2.54
2021-11-08 09:00:00.000 UTC,2.53,2.5,2.5,2.53
2021-11-08 08:00:00.000 UTC,2.54,2.51,2.52,2.51
2021-11-08 07:00:00.000 UTC,2.53,2.5,2.5,2.53
2021-11-08 06:00:00.000 UTC,2.52,2.5,2.52,2.5
2021-11-08 05:00:00.000 UTC,2.55,2.52,2.54,2.53
2021-11-08 04:00:00.000 UTC,2.56,2.55,2.56,2.55
2021-11-08 03:00:00.000 UTC,2.61,2.54,2.54,2.56
2021-11-08 02:00:00.000 UTC,2.6,2.53,2.54,2.53
2021-11-08 01:00:00.000 UTC,2.65,2.54,2.58,2.55
2021-11-08 00:00:00.000 UTC,2.69,2.55,2.67,2.57
2021-11-07 23:00:00.000 UTC,2.66,2.64,2.65,2.66
2021-11-07 22:00:00.000 UTC,2.66,2.64,2.64,2.65
2021-11-07 21:00:00.000 UTC,2.65,2.62,2.62,2.65
2021-11-07 20:00:00.000 UTC,2.64,2.61,2.64,2.61
2021-11-07 19:00:00.000 UTC,2.65,2.63,2.64,2.65
2021-11-07 18:00:00.000 UTC,2.64,2.63,2.64,2.64
2021-11-07 17:00:00.000 UTC,2.66,2.64,2.65,2.65
2021-11-07 16:00:00.000 UTC,2.68,2.64,2.66,2.66
2021-11-07 15:00:00.000 UTC,2.65,2.64,2.64,2.64
2021-11-07 14:00:00.000 UTC,2.65,2.64,2.65,2.64
2021-11-07 13:00:00.000 UTC,2.68,2.65,2.68,2.65
2021-11-07 12:00:00.000 UTC,2.7,2.66,2.66,2.69
2021-11-07 11:00:00.000 UTC,2.67,2.63,2.63,2.66
2021-11-07 10:00:00.000 UTC,2.66,2.63,2.64,2.63
2021-11-07 09:00:00.000 UTC,2.64,2.62,2.63,2.64
2021-11-07 08:00:00.000 UTC,2.65,2.63,2.65,2.63
2021-11-07 07:00:00.000 UTC,2.66,2.64,2.64,2.65
2021-11-07 06:00:00.000 UTC,2.65,2.64,2.65,2.64
2021-11-07 05:00:00.000 UTC,2.64,2.63,2.63,2.64
2021-11-07 04:00:00.000 UTC,2.68,2.63,2.67,2.63
2021-11-07 03:00:00.000 UTC,2.69,2.66,2.68,2.67
2021-11-07 02:00:00.000 UTC,2.68,2.66,2.68,2.68
2021-11-07 01:00:00.000 UTC,2.74,2.69,2.73,2.69
2021-11-07 00:00:00.000 UTC,2.75,2.69,2.7,2.73
2021-11-06 23:00:00.000 UTC,2.72,2.7,2.71,2.7
2021-11-06 22:00:00.000 UTC,2.73,2.68,2.68,2.71
2021-11-06 21:00:00.000 UTC,2.7,2.66,2.68,2.67
2021-11-06 20:00:00.000 UTC,2.68,2.62,2.62,2.68
2021-11-06 19:00:00.000 UTC,2.62,2.6,2.62,2.61
2021-11-06 18:00:00.000 UTC,2.64,2.61,2.62,2.61
2021-11-06 17:00:00.000 UTC,2.64,2.62,2.64,2.62
2021-11-06 16:00:00.000 UTC,2.68,2.64,2.68,2.64
2021-11-06 15:00:00.000 UTC,2.72,2.67,2.7,2.68
2021-11-06 14:00:00.000 UTC,2.71,2.65,2.67,2.7
2021-11-06 13:00:00.000 UTC,2.68,2.62,2.62,2.68
2021-11-06 12:00:00.000 UTC,2.64,2.61,2.62,2.61
2021-11-06 11:00:00.000 UTC,2.67,2.62,2.67,2.65
2021-11-06 10:00:00.000 UTC,2.72,2.65,2.72,2.65
2021-11-06 09:00:00.000 UTC,2.72,2.66,2.72,2.71
2021-11-06 08:00:00.000 UTC,2.75,2.68,2.72,2.7
2021-11-06 07:00:00.000 UTC,2.78,2.7,2.78,2.72
2021-11-06 06:00:00.000 UTC,2.86,2.78,2.78,2.78
2021-11-06 05:00:00.000 UTC,2.81,2.69,2.73,2.76
2021-11-06 04:00:00.000 UTC,2.75,2.67,2.7,2.71
2021-11-06 03:00:00.000 UTC,2.71,2.64,2.71,2.7
2021-11-06 02:00:00.000 UTC,2.75,2.64,2.73,2.67
2021-11-06 01:00:00.000 UTC,2.78,2.67,2.67,2.76
2021-11-06 00:00:00.000 UTC,2.68,2.56,2.56,2.64
2021-11-05 23:00:00.000 UTC,2.59,2.51,2.54,2.56
2021-11-05 22:00:00.000 UTC,2.54,2.51,2.52,2.53
2021-11-05 21:00:00.000 UTC,2.56,2.48,2.49,2.52
2021-11-05 20:00:00.000 UTC,2.54,2.47,2.54,2.47
2021-11-05 19:00:00.000 UTC,2.6,2.53,2.6,2.53
2021-11-05 18:00:00.000 UTC,2.66,2.58,2.58,2.6
2021-11-05 17:00:00.000 UTC,2.62,2.54,2.54,2.61
2021-11-05 16:00:00.000 UTC,2.59,2.54,2.54,2.56
2021-11-05 15:00:00.000 UTC,2.54,2.47,2.54,2.51
2021-11-05 14:00:00.000 UTC,2.61,2.54,2.61,2.54
2021-11-05 13:00:00.000 UTC,2.62,2.54,2.54,2.6
2021-11-05 12:00:00.000 UTC,2.59,2.53,2.59,2.53
2021-11-05 11:00:00.000 UTC,2.68,2.59,2.67,2.6
2021-11-05 10:00:00.000 UTC,2.71,2.66,2.68,2.66
2021-11-05 09:00:00.000 UTC,2.75,2.68,2.74,2.7
2021-11-05 08:00:00.000 UTC,2.73,2.7,2.7,2.71
2021-11-05 07:00:00.000 UTC,2.77,2.72,2.77,2.73
2021-11-05 06:00:00.000 UTC,2.77,2.72,2.74,2.75
2021-11-05 05:00:00.000 UTC,2.75,2.69,2.72,2.75
2021-11-05 04:00:00.000 UTC,2.73,2.69,2.69,2.71
2021-11-05 03:00:00.000 UTC,2.71,2.66,2.69,2.68
2021-11-05 02:00:00.000 UTC,2.75,2.71,2.72,2.71
2021-11-05 01:00:00.000 UTC,2.72,2.66,2.67,2.72
2021-11-05 00:00:00.000 UTC,2.79,2.7,2.7,2.71
2021-11-04 23:00:00.000 UTC,2.78,2.7,2.71,2.7
2021-11-04 22:00:00.000 UTC,2.74,2.64,2.7,2.74
2021-11-04 21:00:00.000 UTC,2.75,2.7,2.75,2.72
2021-11-04 20:00:00.000 UTC,2.76,2.7,2.7,2.73
2021-11-04 19:00:00.000 UTC,2.73,2.66,2.68,2.71
2021-11-04 18:00:00.000 UTC,2.78,2.68,2.7,2.69
2021-11-04 17:00:00.000 UTC,2.75,2.68,2.75,2.68
2021-11-04 16:00:00.000 UTC,2.82,2.71,2.8,2.76
2021-11-04 15:00:00.000 UTC,2.89,2.76,2.89,2.76
2021-11-04 14:00:00.000 UTC,2.96,2.88,2.94,2.88
2021-11-04 13:00:00.000 UTC,3.06,2.99,3,2.99
2021-11-04 12:00:00.000 UTC,3,2.95,2.96,3
2021-11-04 11:00:00.000 UTC,3.02,2.95,3,2.97
2021-11-04 10:00:00.000 UTC,3.05,3.01,3.05,3.01
2021-11-04 09:00:00.000 UTC,3.15,2.95,2.95,3.06
2021-11-04 08:00:00.000 UTC,3,2.95,2.97,2.96
2021-11-04 07:00:00.000 UTC,3.05,2.98,3.03,2.98
2021-11-04 06:00:00.000 UTC,3.02,2.97,2.99,3.01
2021-11-04 05:00:00.000 UTC,3.05,2.98,3.04,2.99
2021-11-04 04:00:00.000 UTC,3.04,3,3.04,3.04
2021-11-04 03:00:00.000 UTC,3.06,2.98,2.98,3.06
2021-11-04 02:00:00.000 UTC,3.02,2.95,2.97,2.97
2021-11-04 01:00:00.000 UTC,3.02,2.94,3,2.98
2021-11-04 00:00:00.000 UTC,3.21,2.95,3.21,3
2021-11-03 23:00:00.000 UTC,3.26,3.17,3.26,3.17
2021-11-03 22:00:00.000 UTC,3.31,3.13,3.15,3.31
2021-11-03 21:00:00.000 UTC,3.17,3.04,3.17,3.11
2021-11-03 20:00:00.000 UTC,3.18,3.09,3.09,3.15
2021-11-03 19:00:00.000 UTC,3.14,3.05,3.13,3.11
2021-11-03 18:00:00.000 UTC,3.24,3.12,3.18,3.13
2021-11-03 17:00:00.000 UTC,3.19,3.08,3.18,3.17
2021-11-03 16:00:00.000 UTC,3.26,3.11,3.26,3.11
2021-11-03 15:00:00.000 UTC,3.41,3.25,3.41,3.27
2021-11-03 14:00:00.000 UTC,3.39,3.02,3.02,3.35
2021-11-03 13:00:00.000 UTC,3.04,2.96,3,3
2021-11-03 12:00:00.000 UTC,3.17,2.93,3.08,2.98
2021-11-03 11:00:00.000 UTC,3.05,2.85,2.85,3.03
2021-11-03 10:00:00.000 UTC,2.86,2.79,2.8,2.86
2021-11-03 09:00:00.000 UTC,2.81,2.76,2.79,2.79
2021-11-03 08:00:00.000 UTC,2.82,2.74,2.77,2.8
2021-11-03 07:00:00.000 UTC,2.86,2.77,2.86,2.77
2021-11-03 06:00:00.000 UTC,2.88,2.82,2.82,2.88
2021-11-03 05:00:00.000 UTC,2.82,2.7,2.7,2.82
2021-11-03 04:00:00.000 UTC,2.87,2.76,2.85,2.76
2021-11-03 03:00:00.000 UTC,2.86,2.78,2.83,2.86
2021-11-03 02:00:00.000 UTC,2.9,2.78,2.85,2.81
2021-11-03 01:00:00.000 UTC,3.17,2.8,3.13,2.8
2021-11-03 00:00:00.000 UTC,3.32,3.05,3.05,3.14
2021-11-02 23:00:00.000 UTC,3.18,3,3.18,3.03
2021-11-02 22:00:00.000 UTC,3.25,3.09,3.18,3.15
2021-11-02 21:00:00.000 UTC,3.11,2.87,2.87,3.11
2021-11-02 20:00:00.000 UTC,2.98,2.84,2.92,2.91
2021-11-02 19:00:00.000 UTC,3.03,2.81,2.81,2.92
2021-11-02 18:00:00.000 UTC,2.87,2.73,2.79,2.81
2021-11-02 17:00:00.000 UTC,2.89,2.64,2.64,2.78
2021-11-02 16:00:00.000 UTC,2.66,2.55,2.59,2.63
2021-11-02 15:00:00.000 UTC,2.67,2.58,2.67,2.58
2021-11-02 14:00:00.000 UTC,2.67,2.59,2.61,2.65
2021-11-02 13:00:00.000 UTC,2.73,2.58,2.73,2.61
2021-11-02 12:00:00.000 UTC,2.77,2.72,2.72,2.74
2021-11-02 11:00:00.000 UTC,2.82,2.73,2.82,2.76
2021-11-02 10:00:00.000 UTC,2.77,2.71,2.72,2.77
2021-11-02 09:00:00.000 UTC,2.81,2.7,2.72,2.71
2021-11-02 08:00:00.000 UTC,2.83,2.71,2.83,2.71
2021-11-02 07:00:00.000 UTC,2.86,2.72,2.72,2.79
2021-11-02 06:00:00.000 UTC,2.7,2.6,2.63,2.66
2021-11-02 05:00:00.000 UTC,2.74,2.6,2.6,2.63
2021-11-02 04:00:00.000 UTC,2.74,2.54,2.73,2.59
2021-11-02 03:00:00.000 UTC,2.79,2.69,2.77,2.71
2021-11-02 02:00:00.000 UTC,2.97,2.69,2.97,2.75
2021-11-02 01:00:00.000 UTC,3.33,2.75,2.75,3.18
2021-11-02 00:00:00.000 UTC,2.79,2.11,2.12,2.79
2021-11-01 23:00:00.000 UTC,2.132826,2.08815,2.091304,2.10106
2021-11-01 22:00:00.000 UTC,2.215139,2.118526,2.125539,2.132746
2021-11-01 21:00:00.000 UTC,2.148504,1.989712,2.012493,2.148504
2021-11-01 20:00:00.000 UTC,2.10268,2.038326,2.08279,2.038326
2021-11-01 19:00:00.000 UTC,2.101109,2.041952,2.101109,2.074849
2021-11-01 18:00:00.000 UTC,2.116641,2.031701,2.031701,2.092537
2021-11-01 17:00:00.000 UTC,2.109305,1.993275,2.033321,2.030345
2021-11-01 16:00:00.000 UTC,2.080821,1.980054,2.010118,2.064822
2021-11-01 15:00:00.000 UTC,2.173657,2.000515,2.173657,2.001487
2021-11-01 14:00:00.000 UTC,2.231175,2.05499,2.092843,2.158822
2021-11-01 13:00:00.000 UTC,2.247217,2.074011,2.206082,2.074011
2021-11-01 12:00:00.000 UTC,2.377587,2.144168,2.144168,2.235755
2021-11-01 11:00:00.000 UTC,2.173111,1.973601,2.005221,2.173111
2021-11-01 10:00:00.000 UTC,1.945683,1.800496,1.800496,1.945683
2021-11-01 09:00:00.000 UTC,1.753512,1.663075,1.663075,1.753512
2021-11-01 08:00:00.000 UTC,1.689454,1.646467,1.674955,1.657584
2021-11-01 07:00:00.000 UTC,1.668153,1.58585,1.58585,1.663966
2021-11-01 06:00:00.000 UTC,1.65209,1.581073,1.643369,1.581073
2021-11-01 05:00:00.000 UTC,1.67286,1.638091,1.655583,1.660142
2021-11-01 04:00:00.000 UTC,1.672289,1.633179,1.633179,1.662978
2021-11-01 03:00:00.000 UTC,1.734231,1.627889,1.734231,1.627889
2021-11-01 02:00:00.000 UTC,1.732914,1.673193,1.701557,1.732914
2021-11-01 01:00:00.000 UTC,1.846953,1.660076,1.700277,1.750224
2021-11-01 00:00:00.000 UTC,1.751352,1.547251,1.586439,1.672749
2021-10-31 23:00:00.000 UTC,1.569919,1.514385,1.522372,1.569919
2021-10-31 22:00:00.000 UTC,1.535849,1.478223,1.506907,1.531734
2021-10-31 21:00:00.000 UTC,1.541535,1.478522,1.531029,1.495502
2021-10-31 20:00:00.000 UTC,1.577905,1.529764,1.549703,1.529764
2021-10-31 19:00:00.000 UTC,1.563594,1.496831,1.500777,1.563594
2021-10-31 18:00:00.000 UTC,1.511158,1.46039,1.500573,1.497903
2021-10-31 17:00:00.000 UTC,1.539109,1.48864,1.539109,1.5051
2021-10-31 16:00:00.000 UTC,1.609637,1.551941,1.583837,1.551941
2021-10-31 15:00:00.000 UTC,1.578418,1.517377,1.541352,1.578418
2021-10-31 14:00:00.000 UTC,1.58439,1.511901,1.58439,1.535453
2021-10-31 13:00:00.000 UTC,1.672306,1.559902,1.662283,1.603651
2021-10-31 12:00:00.000 UTC,1.770823,1.660155,1.770823,1.660155
2021-10-31 11:00:00.000 UTC,1.858392,1.750998,1.858392,1.793401
2021-10-31 10:00:00.000 UTC,1.845715,1.752064,1.806061,1.845715
2021-10-31 09:00:00.000 UTC,1.920545,1.837369,1.876891,1.837369
2021-10-31 08:00:00.000 UTC,1.974443,1.840899,1.956597,1.897257
2021-10-31 07:00:00.000 UTC,2.111165,1.942388,1.986506,1.942388
2021-10-31 06:00:00.000 UTC,2.007813,1.918789,1.923049,2.000083
2021-10-31 05:00:00.000 UTC,1.960325,1.880465,1.960325,1.906253
2021-10-31 04:00:00.000 UTC,2.133108,1.924775,2.133108,1.968967
2021-10-31 03:00:00.000 UTC,2.209693,2.041474,2.041474,2.119242
2021-10-31 02:00:00.000 UTC,2.236684,1.987767,2.1403,2.002913
2021-10-31 01:00:00.000 UTC,2.371911,2.040385,2.040385,2.148776
2021-10-31 00:00:00.000 UTC,2.061804,1.813179,1.813179,2.061804
2021-10-30 23:00:00.000 UTC,1.888113,1.684356,1.833085,1.771842
2021-10-30 22:00:00.000 UTC,2.15794,1.771324,1.771324,1.896339
2021-10-30 21:00:00.000 UTC,1.794573,1.673164,1.687385,1.758282
2021-10-30 20:00:00.000 UTC,1.714726,1.656687,1.714726,1.690388
2021-10-30 19:00:00.000 UTC,1.695806,1.598925,1.654156,1.685477
2021-10-30 18:00:00.000 UTC,1.763868,1.652828,1.681802,1.658947
2021-10-30 17:00:00.000 UTC,1.716776,1.516664,1.516664,1.654157
2021-10-30 16:00:00.000 UTC,1.525042,1.39952,1.39952,1.525042
2021-10-30 15:00:00.000 UTC,1.514771,1.401676,1.514771,1.401676
2021-10-30 14:00:00.000 UTC,1.562735,1.430294,1.437851,1.519883
2021-10-30 13:00:00.000 UTC,1.453802,1.335479,1.335479,1.391677
2021-10-30 12:00:00.000 UTC,1.345815,1.250475,1.250475,1.345815
2021-10-30 11:00:00.000 UTC,1.26059,1.181867,1.194398,1.256829
2021-10-30 10:00:00.000 UTC,1.202684,1.165841,1.169158,1.198779
2021-10-30 09:00:00.000 UTC,1.149456,1.112778,1.112987,1.149456
2021-10-30 08:00:00.000 UTC,1.142812,1.117436,1.125947,1.117436
2021-10-30 07:00:00.000 UTC,1.121714,1.083007,1.086272,1.121714
2021-10-30 06:00:00.000 UTC,1.117432,1.070662,1.093889,1.093046
2021-10-30 05:00:00.000 UTC,1.10419,1.083187,1.083765,1.095521
2021-10-30 04:00:00.000 UTC,1.093976,1.062185,1.080598,1.087284
2021-10-30 03:00:00.000 UTC,1.118393,1.080843,1.118393,1.082438
2021-10-30 02:00:00.000 UTC,1.136857,1.113977,1.119456,1.123121
2021-10-30 01:00:00.000 UTC,1.130649,1.113622,1.113622,1.122716
2021-10-30 00:00:00.000 UTC,1.186536,1.110173,1.172519,1.110173
2021-10-29 23:00:00.000 UTC,1.170921,1.11445,1.133404,1.161894
2021-10-29 22:00:00.000 UTC,1.139691,1.104903,1.106766,1.134337
2021-10-29 21:00:00.000 UTC,1.102555,1.075314,1.079737,1.102555
2021-10-29 20:00:00.000 UTC,1.081613,1.068069,1.073487,1.075069
2021-10-29 19:00:00.000 UTC,1.070216,1.063504,1.069449,1.070216
2021-10-29 18:00:00.000 UTC,1.076361,1.060929,1.069715,1.065133
2021-10-29 17:00:00.000 UTC,1.102475,1.077744,1.088904,1.077744
2021-10-29 16:00:00.000 UTC,1.101827,1.08135,1.09395,1.094584
2021-10-29 15:00:00.000 UTC,1.103531,1.07851,1.084397,1.09325
2021-10-29 14:00:00.000 UTC,1.132679,1.095318,1.106404,1.095318
2021-10-29 13:00:00.000 UTC,1.170377,1.098394,1.170377,1.116116
2021-10-29 12:00:00.000 UTC,1.163541,1.118768,1.118768,1.163541
2021-10-29 11:00:00.000 UTC,1.140081,1.073062,1.097338,1.133988
2021-10-29 10:00:00.000 UTC,1.085162,1.017195,1.023095,1.085162
2021-10-29 09:00:00.000 UTC,1.039437,1.006121,1.006121,1.025595
2021-10-29 08:00:00.000 UTC,1.023155,0.983254,0.996385,1.001515
2021-10-29 07:00:00.000 UTC,1.009328,0.977193,1.009328,0.992034
2021-10-29 06:00:00.000 UTC,1.040297,1.002811,1.021506,1.002811
2021-10-29 05:00:00.000 UTC,1.055414,1.018563,1.055414,1.02124
2021-10-29 04:00:00.000 UTC,1.064205,1.032482,1.064205,1.057876
2021-10-29 03:00:00.000 UTC,1.084945,0.997927,1.002026,1.058653
2021-10-29 02:00:00.000 UTC,1.001746,0.983996,0.99357,1.001746
2021-10-29 01:00:00.000 UTC,0.987591,0.962085,0.976591,0.980725
2021-10-29 00:00:00.000 UTC,0.984256,0.928208,0.938279,0.976023
2021-10-28 23:00:00.000 UTC,0.938562,0.91857,0.91857,0.93196
2021-10-28 22:00:00.000 UTC,0.938835,0.91408,0.920956,0.91408
2021-10-28 21:00:00.000 UTC,0.931447,0.917424,0.926261,0.917719
2021-10-28 20:00:00.000 UTC,0.957709,0.936798,0.936798,0.93887
2021-10-28 19:00:00.000 UTC,0.945268,0.911037,0.915291,0.933541
2021-10-28 18:00:00.000 UTC,0.918808,0.894257,0.902154,0.914958
2021-10-28 17:00:00.000 UTC,0.917701,0.89076,0.89076,0.907816
2021-10-28 16:00:00.000 UTC,0.915869,0.876401,0.876401,0.896754
2021-10-28 15:00:00.000 UTC,0.903103,0.873455,0.888373,0.873455
2021-10-28 14:00:00.000 UTC,0.904748,0.875005,0.875005,0.888851
2021-10-28 13:00:00.000 UTC,0.889427,0.853069,0.865506,0.887577
2021-10-28 12:00:00.000 UTC,0.862787,0.839591,0.85034,0.854392
2021-10-28 11:00:00.000 UTC,0.851396,0.845226,0.846887,0.850784
2021-10-28 10:00:00.000 UTC,0.872325,0.837796,0.837796,0.858509
2021-10-28 09:00:00.000 UTC,0.852421,0.823042,0.852421,0.837005
2021-10-28 08:00:00.000 UTC,0.862675,0.80349,0.80349,0.862675
2021-10-28 07:00:00.000 UTC,0.827579,0.803203,0.827579,0.806312
2021-10-28 06:00:00.000 UTC,0.823075,0.792392,0.816623,0.809253
2021-10-28 05:00:00.000 UTC,0.822545,0.808596,0.808596,0.822481
2021-10-28 04:00:00.000 UTC,0.822029,0.81137,0.815049,0.813732
2021-10-28 03:00:00.000 UTC,0.809773,0.797814,0.79931,0.809773
2021-10-28 02:00:00.000 UTC,0.822493,0.800043,0.813126,0.800501
2021-10-28 01:00:00.000 UTC,0.783946,0.7569,0.768954,0.783946
2021-10-28 00:00:00.000 UTC,0.778484,0.766305,0.766305,0.775259
2021-10-27 23:00:00.000 UTC,0.787674,0.775227,0.780802,0.785592
2021-10-27 22:00:00.000 UTC,0.790562,0.777031,0.790562,0.777631
2021-10-27 21:00:00.000 UTC,0.791209,0.782807,0.782807,0.791209
2021-10-27 20:00:00.000 UTC,0.786192,0.776268,0.776778,0.780061
2021-10-27 19:00:00.000 UTC,0.78322,0.759941,0.776263,0.772093
2021-10-27 18:00:00.000 UTC,0.783943,0.776851,0.776851,0.781024
2021-10-27 17:00:00.000 UTC,0.785268,0.777063,0.78175,0.777063
2021-10-27 16:00:00.000 UTC,0.782745,0.770105,0.778726,0.780073
2021-10-27 15:00:00.000 UTC,0.787682,0.775802,0.786914,0.777173
2021-10-27 14:00:00.000 UTC,0.787801,0.77265,0.781573,0.787801
2021-10-27 13:00:00.000 UTC,0.792356,0.782346,0.792356,0.782346
2021-10-27 12:00:00.000 UTC,0.788318,0.761294,0.761294,0.787397
2021-10-27 11:00:00.000 UTC,0.775134,0.762887,0.769817,0.762887
2021-10-27 10:00:00.000 UTC,0.769535,0.752976,0.75579,0.769535
2021-10-27 09:00:00.000 UTC,0.760988,0.746231,0.760988,0.756086
2021-10-27 08:00:00.000 UTC,0.803726,0.740724,0.803726,0.758445
2021-10-27 07:00:00.000 UTC,0.833508,0.805809,0.833508,0.807185
2021-10-27 06:00:00.000 UTC,0.864376,0.837229,0.854464,0.839648
2021-10-27 05:00:00.000 UTC,0.899496,0.858585,0.899496,0.858585
2021-10-27 04:00:00.000 UTC,0.898227,0.890481,0.893324,0.898227
2021-10-27 03:00:00.000 UTC,0.899358,0.8917,0.89814,0.894185
2021-10-27 02:00:00.000 UTC,0.914563,0.90091,0.911399,0.90091
2021-10-27 01:00:00.000 UTC,0.911039,0.869925,0.869925,0.911039
2021-10-27 00:00:00.000 UTC,0.872358,0.861494,0.864085,0.866736
2021-10-26 23:00:00.000 UTC,0.865131,0.859439,0.859439,0.863528
2021-10-26 22:00:00.000 UTC,0.870559,0.860675,0.86751,0.860675
2021-10-26 21:00:00.000 UTC,0.880548,0.870526,0.880548,0.870526
2021-10-26 20:00:00.000 UTC,0.882543,0.871143,0.871143,0.882543
2021-10-26 19:00:00.000 UTC,0.877865,0.870566,0.8766,0.876724
2021-10-26 18:00:00.000 UTC,0.886222,0.87412,0.879357,0.879208
2021-10-26 17:00:00.000 UTC,0.877685,0.863686,0.863686,0.877685
2021-10-26 16:00:00.000 UTC,0.863042,0.854326,0.85637,0.86266
2021-10-26 15:00:00.000 UTC,0.85707,0.849837,0.849837,0.85707
2021-10-26 14:00:00.000 UTC,0.854672,0.841681,0.854672,0.848318
2021-10-26 13:00:00.000 UTC,0.859045,0.851504,0.854964,0.851504
2021-10-26 12:00:00.000 UTC,0.861275,0.853886,0.857121,0.854313
2021-10-26 11:00:00.000 UTC,0.866658,0.851881,0.862393,0.856079
2021-10-26 10:00:00.000 UTC,0.858642,0.851928,0.858642,0.855298
2021-10-26 09:00:00.000 UTC,0.858989,0.849515,0.85245,0.858301
2021-10-26 08:00:00.000 UTC,0.857441,0.834577,0.834577,0.850802
2021-10-26 07:00:00.000 UTC,0.835103,0.826046,0.828101,0.835103
2021-10-26 06:00:00.000 UTC,0.845183,0.828019,0.835334,0.828578
2021-10-26 05:00:00.000 UTC,0.849076,0.825847,0.825847,0.83595
2021-10-26 04:00:00.000 UTC,0.827635,0.823289,0.82441,0.824827
2021-10-26 03:00:00.000 UTC,0.843626,0.823349,0.843626,0.823574
2021-10-26 02:00:00.000 UTC,0.85582,0.831969,0.831969,0.844089
2021-10-26 01:00:00.000 UTC,0.839391,0.814064,0.814064,0.832423
2021-10-26 00:00:00.000 UTC,0.830188,0.803621,0.804205,0.814171
2021-10-25 23:00:00.000 UTC,0.808801,0.802897,0.805261,0.80529
2021-10-25 22:00:00.000 UTC,0.806978,0.799928,0.805336,0.804225
2021-10-25 21:00:00.000 UTC,0.800242,0.794608,0.799093,0.794608
2021-10-25 20:00:00.000 UTC,0.800512,0.795901,0.797357,0.799876
2021-10-25 19:00:00.000 UTC,0.796571,0.791269,0.793242,0.796571
2021-10-25 18:00:00.000 UTC,0.792394,0.786161,0.792394,0.790757
2021-10-25 17:00:00.000 UTC,0.796831,0.790511,0.796831,0.791853
2021-10-25 16:00:00.000 UTC,0.797022,0.794115,0.795539,0.79548
2021-10-25 15:00:00.000 UTC,0.797643,0.79399,0.796661,0.795036
2021-10-25 14:00:00.000 UTC,0.812606,0.796234,0.796632,0.796416
2021-10-25 13:00:00.000 UTC,0.814448,0.797606,0.814448,0.797606
2021-10-25 12:00:00.000 UTC,0.823158,0.805287,0.823158,0.811063
2021-10-25 11:00:00.000 UTC,0.802706,0.788927,0.79852,0.80116
2021-10-25 10:00:00.000 UTC,0.808372,0.780656,0.785953,0.808372
2021-10-25 09:00:00.000 UTC,0.786126,0.78431,0.78541,0.784913
2021-10-25 08:00:00.000 UTC,0.784835,0.78086,0.78086,0.784835
2021-10-25 07:00:00.000 UTC,0.78267,0.777432,0.780807,0.781211
2021-10-25 06:00:00.000 UTC,0.783681,0.780827,0.782806,0.780827
2021-10-25 05:00:00.000 UTC,0.782617,0.778132,0.778465,0.782617
2021-10-25 04:00:00.000 UTC,0.778147,0.773484,0.775787,0.778147
2021-10-25 03:00:00.000 UTC,0.778799,0.775219,0.778323,0.775324
2021-10-25 02:00:00.000 UTC,0.791031,0.77116,0.77816,0.773962
2021-10-25 01:00:00.000 UTC,0.783053,0.77785,0.781986,0.77785
2021-10-25 00:00:00.000 UTC,0.793046,0.7813,0.793046,0.784113
2021-10-24 23:00:00.000 UTC,0.801529,0.776578,0.776664,0.788505
2021-10-24 22:00:00.000 UTC,0.777508,0.774394,0.777436,0.777508
2021-10-24 21:00:00.000 UTC,0.783192,0.778532,0.780673,0.779118
2021-10-24 20:00:00.000 UTC,0.800038,0.780084,0.782379,0.781494
2021-10-24 19:00:00.000 UTC,0.797025,0.767109,0.767109,0.797025
2021-10-24 18:00:00.000 UTC,0.776701,0.764212,0.776701,0.766412
2021-10-24 17:00:00.000 UTC,0.799351,0.772285,0.772285,0.777579
2021-10-24 16:00:00.000 UTC,0.772131,0.763536,0.772131,0.771675
2021-10-24 15:00:00.000 UTC,0.777124,0.768788,0.777064,0.774142
2021-10-24 14:00:00.000 UTC,0.786057,0.778578,0.782297,0.778578
2021-10-24 13:00:00.000 UTC,0.786459,0.780907,0.784915,0.780907
2021-10-24 12:00:00.000 UTC,0.792384,0.77145,0.785275,0.792384
2021-10-24 11:00:00.000 UTC,0.791941,0.773802,0.782101,0.785897
2021-10-24 10:00:00.000 UTC,0.785019,0.781897,0.781897,0.782745
2021-10-24 09:00:00.000 UTC,0.788176,0.78068,0.780733,0.783234
2021-10-24 08:00:00.000 UTC,0.791557,0.780559,0.783409,0.780559
2021-10-24 07:00:00.000 UTC,0.79506,0.781151,0.793594,0.782345
2021-10-24 06:00:00.000 UTC,0.781839,0.776516,0.776516,0.781839
2021-10-24 05:00:00.000 UTC,0.776565,0.775836,0.775933,0.776261
2021-10-24 04:00:00.000 UTC,0.778682,0.776046,0.778433,0.776046
2021-10-24 03:00:00.000 UTC,0.779592,0.775835,0.775835,0.778792
2021-10-24 02:00:00.000 UTC,0.779777,0.774172,0.779674,0.774172
2021-10-24 01:00:00.000 UTC,0.789165,0.77469,0.77469,0.779969
2021-10-24 00:00:00.000 UTC,0.786473,0.764624,0.764624,0.773529
2021-10-23 23:00:00.000 UTC,0.763787,0.758453,0.758571,0.763787
2021-10-23 22:00:00.000 UTC,0.759411,0.757371,0.757371,0.759411
2021-10-23 21:00:00.000 UTC,0.760173,0.756257,0.758587,0.758758
2021-10-23 20:00:00.000 UTC,0.75867,0.754356,0.75867,0.757376
2021-10-23 19:00:00.000 UTC,0.759981,0.758068,0.758782,0.758223
2021-10-23 18:00:00.000 UTC,0.762998,0.758516,0.759935,0.758516
2021-10-23 17:00:00.000 UTC,0.759308,0.751684,0.752324,0.758824
2021-10-23 16:00:00.000 UTC,0.757782,0.752368,0.7535,0.752368
2021-10-23 15:00:00.000 UTC,0.754275,0.748412,0.749822,0.75286
2021-10-23 14:00:00.000 UTC,0.755351,0.748161,0.754337,0.749814
2021-10-23 13:00:00.000 UTC,0.756587,0.753517,0.755927,0.755129
2021-10-23 12:00:00.000 UTC,0.758643,0.754661,0.754661,0.755946
2021-10-23 11:00:00.000 UTC,0.754955,0.745245,0.745561,0.754745
2021-10-23 10:00:00.000 UTC,0.752475,0.747326,0.751862,0.747326
2021-10-23 09:00:00.000 UTC,0.756684,0.749045,0.756314,0.751502
2021-10-23 08:00:00.000 UTC,0.757221,0.755845,0.756259,0.756017
2021-10-23 07:00:00.000 UTC,0.756382,0.752499,0.753926,0.756382
2021-10-23 06:00:00.000 UTC,0.753991,0.751133,0.752086,0.753991
2021-10-23 05:00:00.000 UTC,0.757328,0.752259,0.756931,0.752259
2021-10-23 04:00:00.000 UTC,0.758617,0.755354,0.756164,0.75638
2021-10-23 03:00:00.000 UTC,0.756071,0.751332,0.751332,0.756071
2021-10-23 02:00:00.000 UTC,0.752213,0.750562,0.751389,0.750562
2021-10-23 01:00:00.000 UTC,0.755673,0.750812,0.754971,0.750812
2021-10-23 00:00:00.000 UTC,0.756483,0.751252,0.756483,0.75485
2021-10-22 23:00:00.000 UTC,0.757266,0.752783,0.752783,0.756743
2021-10-22 22:00:00.000 UTC,0.752579,0.749316,0.750049,0.752579
2021-10-22 21:00:00.000 UTC,0.756128,0.749685,0.755276,0.749685
2021-10-22 20:00:00.000 UTC,0.757871,0.754329,0.754329,0.755757
2021-10-22 19:00:00.000 UTC,0.753256,0.749376,0.753234,0.753
2021-10-22 18:00:00.000 UTC,0.754979,0.75097,0.751671,0.754275
2021-10-22 17:00:00.000 UTC,0.756032,0.751419,0.756032,0.751627
2021-10-22 16:00:00.000 UTC,0.754853,0.746754,0.752927,0.754853
2021-10-22 15:00:00.000 UTC,0.76002,0.751423,0.755906,0.753556
2021-10-22 14:00:00.000 UTC,0.76249,0.752828,0.76249,0.755017
2021-10-22 13:00:00.000 UTC,0.775613,0.764094,0.775613,0.764094
2021-10-22 12:00:00.000 UTC,0.776638,0.771253,0.773588,0.776638
2021-10-22 11:00:00.000 UTC,0.772985,0.77051,0.771153,0.771764
2021-10-22 10:00:00.000 UTC,0.772679,0.767889,0.772679,0.770251
2021-10-22 09:00:00.000 UTC,0.775136,0.769883,0.774632,0.770699
2021-10-22 08:00:00.000 UTC,0.77721,0.770292,0.770292,0.774937
2021-10-22 07:00:00.000 UTC,0.771081,0.765304,0.765304,0.770912
2021-10-22 06:00:00.000 UTC,0.770405,0.764373,0.767891,0.765568
2021-10-22 05:00:00.000 UTC,0.770883,0.765297,0.765297,0.766762
2021-10-22 04:00:00.000 UTC,0.76913,0.764806,0.767902,0.766151
2021-10-22 03:00:00.000 UTC,0.769399,0.760063,0.760063,0.768492
2021-10-22 02:00:00.000 UTC,0.763518,0.76042,0.76151,0.760852
2021-10-22 01:00:00.000 UTC,0.767832,0.761975,0.762586,0.761975
2021-10-22 00:00:00.000 UTC,0.763008,0.755021,0.756254,0.761346
2021-10-21 23:00:00.000 UTC,0.762253,0.755768,0.758911,0.756525
2021-10-21 22:00:00.000 UTC,0.765298,0.759658,0.759658,0.759869
2021-10-21 21:00:00.000 UTC,0.762282,0.756527,0.756527,0.759216
2021-10-21 20:00:00.000 UTC,0.756282,0.752665,0.755038,0.756282
2021-10-21 19:00:00.000 UTC,0.763423,0.756396,0.757908,0.756396
2021-10-21 18:00:00.000 UTC,0.764837,0.752833,0.752833,0.758546
2021-10-21 17:00:00.000 UTC,0.763485,0.753277,0.759441,0.753277
2021-10-21 16:00:00.000 UTC,0.768471,0.762158,0.763394,0.762158
2021-10-21 15:00:00.000 UTC,0.782612,0.756108,0.782612,0.763442
2021-10-21 14:00:00.000 UTC,0.790114,0.775849,0.78124,0.775849
2021-10-21 13:00:00.000 UTC,0.793245,0.777716,0.777716,0.786057
2021-10-21 12:00:00.000 UTC,0.776903,0.76633,0.76998,0.776903
2021-10-21 11:00:00.000 UTC,0.798143,0.776232,0.794271,0.776232
2021-10-21 10:00:00.000 UTC,0.799378,0.781888,0.78333,0.796424
2021-10-21 09:00:00.000 UTC,0.792374,0.776165,0.776165,0.78355
2021-10-21 08:00:00.000 UTC,0.778596,0.769426,0.771008,0.778596
2021-10-21 07:00:00.000 UTC,0.771673,0.765907,0.766191,0.771673
2021-10-21 06:00:00.000 UTC,0.773639,0.76483,0.773373,0.76483
2021-10-21 05:00:00.000 UTC,0.773088,0.767574,0.769204,0.773088
2021-10-21 04:00:00.000 UTC,0.769594,0.76415,0.769594,0.768638
2021-10-21 03:00:00.000 UTC,0.77135,0.766132,0.769436,0.769681
2021-10-21 02:00:00.000 UTC,0.778204,0.764007,0.778204,0.768982
2021-10-21 01:00:00.000 UTC,0.782085,0.774649,0.776722,0.782085
2021-10-21 00:00:00.000 UTC,0.780798,0.773981,0.773981,0.776173
2021-10-20 23:00:00.000 UTC,0.779592,0.775111,0.777843,0.775111
2021-10-20 22:00:00.000 UTC,0.783345,0.771342,0.771794,0.781131
2021-10-20 21:00:00.000 UTC,0.782805,0.772065,0.782805,0.772065
2021-10-20 20:00:00.000 UTC,0.783762,0.768542,0.782453,0.783031
2021-10-20 19:00:00.000 UTC,0.783455,0.769873,0.769873,0.781473
2021-10-20 18:00:00.000 UTC,0.773852,0.767609,0.769741,0.767609
2021-10-20 17:00:00.000 UTC,0.772836,0.761919,0.765994,0.769107
2021-10-20 16:00:00.000 UTC,0.766454,0.761074,0.761074,0.766078
2021-10-20 15:00:00.000 UTC,0.760695,0.754323,0.757961,0.760695
2021-10-20 14:00:00.000 UTC,0.761759,0.755566,0.755566,0.759627
2021-10-20 13:00:00.000 UTC,0.758265,0.750396,0.750732,0.754638
2021-10-20 12:00:00.000 UTC,0.745469,0.741274,0.741274,0.745398
2021-10-20 11:00:00.000 UTC,0.745871,0.740321,0.743549,0.741106
2021-10-20 10:00:00.000 UTC,0.744022,0.737996,0.737996,0.744022
2021-10-20 09:00:00.000 UTC,0.738919,0.734976,0.735625,0.738598
2021-10-20 08:00:00.000 UTC,0.737332,0.735291,0.736408,0.735465
2021-10-20 07:00:00.000 UTC,0.741229,0.736098,0.736655,0.736107
2021-10-20 06:00:00.000 UTC,0.737534,0.732889,0.732889,0.736067
2021-10-20 05:00:00.000 UTC,0.736691,0.732159,0.734589,0.732159
2021-10-20 04:00:00.000 UTC,0.73467,0.728847,0.732519,0.73467
2021-10-20 03:00:00.000 UTC,0.736378,0.731157,0.731157,0.733357
2021-10-20 02:00:00.000 UTC,0.736983,0.727152,0.727965,0.730359
2021-10-20 01:00:00.000 UTC,0.730432,0.728218,0.729684,0.728825
2021-10-20 00:00:00.000 UTC,0.73202,0.728605,0.73202,0.729616
2021-10-19 23:00:00.000 UTC,0.733702,0.73127,0.731573,0.732753
2021-10-19 22:00:00.000 UTC,0.73108,0.728169,0.728169,0.730985
2021-10-19 21:00:00.000 UTC,0.729619,0.72554,0.72554,0.728823
2021-10-19 20:00:00.000 UTC,0.727864,0.724407,0.725275,0.724942
2021-10-19 19:00:00.000 UTC,0.730691,0.7263,0.730691,0.7263
2021-10-19 18:00:00.000 UTC,0.731549,0.730002,0.73014,0.7301
2021-10-19 17:00:00.000 UTC,0.730011,0.727608,0.727635,0.730011
2021-10-19 16:00:00.000 UTC,0.72838,0.725992,0.726638,0.72838
2021-10-19 15:00:00.000 UTC,0.730056,0.727121,0.729892,0.727121
2021-10-19 14:00:00.000 UTC,0.733739,0.726157,0.733739,0.729175
2021-10-19 13:00:00.000 UTC,0.738159,0.734479,0.735734,0.734994
2021-10-19 12:00:00.000 UTC,0.738419,0.735288,0.735529,0.736033
2021-10-19 11:00:00.000 UTC,0.736843,0.732882,0.732882,0.735632
2021-10-19 10:00:00.000 UTC,0.734215,0.732261,0.733923,0.73234
2021-10-19 09:00:00.000 UTC,0.735204,0.73119,0.733948,0.733341
2021-10-19 08:00:00.000 UTC,0.733721,0.730799,0.733721,0.733715
2021-10-19 07:00:00.000 UTC,0.736325,0.72979,0.731048,0.733739
2021-10-19 06:00:00.000 UTC,0.736821,0.730754,0.736821,0.731322
2021-10-19 05:00:00.000 UTC,0.73922,0.73591,0.73922,0.737145
2021-10-19 04:00:00.000 UTC,0.739722,0.737588,0.739265,0.739529
2021-10-19 03:00:00.000 UTC,0.73936,0.733949,0.733949,0.737593
2021-10-19 02:00:00.000 UTC,0.734477,0.733172,0.733172,0.733601
2021-10-19 01:00:00.000 UTC,0.733147,0.729835,0.729835,0.73313
2021-10-19 00:00:00.000 UTC,0.734735,0.73016,0.732801,0.73016
2021-10-18 23:00:00.000 UTC,0.733203,0.727085,0.728384,0.732337
2021-10-18 22:00:00.000 UTC,0.728419,0.724929,0.727529,0.728419
2021-10-18 21:00:00.000 UTC,0.729835,0.726962,0.727855,0.727768
2021-10-18 20:00:00.000 UTC,0.728132,0.725519,0.726517,0.72685
2021-10-18 19:00:00.000 UTC,0.725741,0.7191,0.724079,0.725741
2021-10-18 18:00:00.000 UTC,0.729448,0.724338,0.724937,0.724338
2021-10-18 17:00:00.000 UTC,0.740665,0.724973,0.740267,0.72631
2021-10-18 16:00:00.000 UTC,0.741658,0.727739,0.732435,0.739745
2021-10-18 15:00:00.000 UTC,0.734788,0.729658,0.734788,0.731528
2021-10-18 14:00:00.000 UTC,0.736144,0.733588,0.734718,0.733588
2021-10-18 13:00:00.000 UTC,0.731907,0.722816,0.729066,0.731907
2021-10-18 12:00:00.000 UTC,0.734674,0.731008,0.731527,0.731376
2021-10-18 11:00:00.000 UTC,0.744946,0.731657,0.737577,0.732824
2021-10-18 10:00:00.000 UTC,0.73647,0.732851,0.735545,0.73647
2021-10-18 09:00:00.000 UTC,0.74415,0.737738,0.744074,0.737738
2021-10-18 08:00:00.000 UTC,0.74573,0.738608,0.74277,0.744752
2021-10-18 07:00:00.000 UTC,0.750528,0.744934,0.74655,0.745501
2021-10-18 06:00:00.000 UTC,0.749984,0.744947,0.74644,0.745364
2021-10-18 05:00:00.000 UTC,0.758422,0.743244,0.758422,0.745939
2021-10-18 04:00:00.000 UTC,0.760992,0.743636,0.747584,0.757192
2021-10-18 03:00:00.000 UTC,0.749718,0.730706,0.730706,0.749718
2021-10-18 02:00:00.000 UTC,0.734708,0.727908,0.727908,0.731271
2021-10-18 01:00:00.000 UTC,0.728592,0.722903,0.723179,0.728592
2021-10-18 00:00:00.000 UTC,0.724231,0.720989,0.723744,0.723405
2021-10-17 23:00:00.000 UTC,0.723155,0.721607,0.722487,0.723155
2021-10-17 22:00:00.000 UTC,0.726218,0.720355,0.720355,0.722666
2021-10-17 21:00:00.000 UTC,0.717502,0.712301,0.712301,0.717502
2021-10-17 20:00:00.000 UTC,0.730776,0.711339,0.730776,0.713789
2021-10-17 19:00:00.000 UTC,0.738301,0.73066,0.738301,0.73083
2021-10-17 18:00:00.000 UTC,0.737843,0.734643,0.734643,0.737843
2021-10-17 17:00:00.000 UTC,0.735932,0.733561,0.734111,0.733561
2021-10-17 16:00:00.000 UTC,0.743458,0.734221,0.734221,0.734738
2021-10-17 15:00:00.000 UTC,0.741303,0.734023,0.740288,0.734023
2021-10-17 14:00:00.000 UTC,0.75184,0.73922,0.75184,0.73922
2021-10-17 13:00:00.000 UTC,0.747539,0.742845,0.744095,0.742899
2021-10-17 12:00:00.000 UTC,0.752466,0.743308,0.747571,0.744046
2021-10-17 11:00:00.000 UTC,0.750584,0.748204,0.750289,0.748266
2021-10-17 10:00:00.000 UTC,0.752549,0.74798,0.751581,0.750646
2021-10-17 09:00:00.000 UTC,0.754971,0.751483,0.75485,0.751483
2021-10-17 08:00:00.000 UTC,0.75727,0.748485,0.749442,0.756001
2021-10-17 07:00:00.000 UTC,0.752705,0.747808,0.747808,0.749697
2021-10-17 06:00:00.000 UTC,0.747603,0.745742,0.745753,0.746707
2021-10-17 05:00:00.000 UTC,0.752172,0.746801,0.752157,0.746801
2021-10-17 04:00:00.000 UTC,0.767329,0.754286,0.767329,0.754286
2021-10-17 03:00:00.000 UTC,0.76424,0.751339,0.75236,0.76424
2021-10-17 02:00:00.000 UTC,0.754174,0.748535,0.754174,0.752676
2021-10-17 01:00:00.000 UTC,0.751366,0.746297,0.746297,0.751366
2021-10-17 00:00:00.000 UTC,0.748981,0.737562,0.748981,0.745334
2021-10-16 23:00:00.000 UTC,0.750929,0.744497,0.745425,0.749698
2021-10-16 22:00:00.000 UTC,0.745955,0.737903,0.73945,0.745955
2021-10-16 21:00:00.000 UTC,0.744601,0.739971,0.741086,0.740156
2021-10-16 20:00:00.000 UTC,0.740872,0.734464,0.736128,0.740872
2021-10-16 19:00:00.000 UTC,0.738874,0.736532,0.738284,0.736759
2021-10-16 18:00:00.000 UTC,0.739712,0.737462,0.738347,0.739712
2021-10-16 17:00:00.000 UTC,0.742918,0.737598,0.742918,0.738034
2021-10-16 16:00:00.000 UTC,0.74524,0.740497,0.742311,0.742725
2021-10-16 15:00:00.000 UTC,0.743762,0.738743,0.740697,0.743094
2021-10-16 14:00:00.000 UTC,0.744518,0.739491,0.740031,0.739491
2021-10-16 13:00:00.000 UTC,0.741173,0.7363,0.738021,0.739898
2021-10-16 12:00:00.000 UTC,0.7525,0.74216,0.752282,0.746389
2021-10-16 11:00:00.000 UTC,0.751528,0.745537,0.747043,0.751528
2021-10-16 10:00:00.000 UTC,0.747869,0.746803,0.747755,0.746834
2021-10-16 09:00:00.000 UTC,0.748241,0.745809,0.747198,0.747522
2021-10-16 08:00:00.000 UTC,0.747934,0.73975,0.741053,0.747104
2021-10-16 07:00:00.000 UTC,0.741225,0.739171,0.741183,0.740256
2021-10-16 06:00:00.000 UTC,0.741655,0.740444,0.741513,0.741099
2021-10-16 05:00:00.000 UTC,0.753464,0.742651,0.748119,0.742651
2021-10-16 04:00:00.000 UTC,0.752848,0.740523,0.751992,0.748894
2021-10-16 03:00:00.000 UTC,0.753256,0.743745,0.746216,0.749883
2021-10-16 02:00:00.000 UTC,0.74733,0.74169,0.741885,0.746243
2021-10-16 01:00:00.000 UTC,0.748723,0.739388,0.746877,0.739433
2021-10-16 00:00:00.000 UTC,0.756774,0.746291,0.754879,0.746291
2021-10-15 23:00:00.000 UTC,0.756861,0.742342,0.74468,0.754945
2021-10-15 22:00:00.000 UTC,0.745944,0.744237,0.745944,0.744237
2021-10-15 21:00:00.000 UTC,0.751766,0.745541,0.750131,0.748036
2021-10-15 20:00:00.000 UTC,0.75127,0.747393,0.748754,0.750788
2021-10-15 19:00:00.000 UTC,0.761444,0.745933,0.748924,0.747668
2021-10-15 18:00:00.000 UTC,0.74921,0.741465,0.741465,0.74921
2021-10-15 17:00:00.000 UTC,0.744352,0.738458,0.738458,0.742148
2021-10-15 16:00:00.000 UTC,0.740128,0.729122,0.730656,0.740128
2021-10-15 15:00:00.000 UTC,0.735951,0.727091,0.730384,0.730652
2021-10-15 14:00:00.000 UTC,0.733842,0.726685,0.733745,0.731741
2021-10-15 13:00:00.000 UTC,0.736331,0.73362,0.735078,0.73362
2021-10-15 12:00:00.000 UTC,0.736669,0.731652,0.734492,0.735848
2021-10-15 11:00:00.000 UTC,0.736232,0.732561,0.732561,0.73459
2021-10-15 10:00:00.000 UTC,0.732073,0.723895,0.727728,0.732073
2021-10-15 09:00:00.000 UTC,0.73069,0.725908,0.727992,0.728072
2021-10-15 08:00:00.000 UTC,0.760694,0.728977,0.760694,0.728977
2021-10-15 07:00:00.000 UTC,0.763361,0.75274,0.761118,0.75274
2021-10-15 06:00:00.000 UTC,0.764959,0.755734,0.762009,0.762771
2021-10-15 05:00:00.000 UTC,0.773892,0.758848,0.772979,0.761478
2021-10-15 04:00:00.000 UTC,0.77258,0.763298,0.764751,0.77258
2021-10-15 03:00:00.000 UTC,0.781671,0.764091,0.781161,0.766239
2021-10-15 02:00:00.000 UTC,0.798323,0.769172,0.776572,0.772631
2021-10-15 01:00:00.000 UTC,0.785373,0.758348,0.773312,0.785373
2021-10-15 00:00:00.000 UTC,0.786549,0.762681,0.778664,0.762681
2021-10-14 23:00:00.000 UTC,0.791466,0.768734,0.771406,0.776541
2021-10-14 22:00:00.000 UTC,0.770218,0.764609,0.764609,0.770218
2021-10-14 21:00:00.000 UTC,0.770515,0.766311,0.767503,0.768951
2021-10-14 20:00:00.000 UTC,0.772323,0.766564,0.771459,0.766564
2021-10-14 19:00:00.000 UTC,0.778962,0.770092,0.774286,0.770276
2021-10-14 18:00:00.000 UTC,0.772812,0.766756,0.772812,0.770986
2021-10-14 17:00:00.000 UTC,0.78643,0.766269,0.770557,0.772676
2021-10-14 16:00:00.000 UTC,0.782461,0.767222,0.775039,0.769687
2021-10-14 15:00:00.000 UTC,0.780639,0.765393,0.775233,0.77131
2021-10-14 14:00:00.000 UTC,0.79697,0.750279,0.750279,0.781279
2021-10-14 13:00:00.000 UTC,0.756431,0.750832,0.751549,0.750832
2021-10-14 12:00:00.000 UTC,0.765425,0.754749,0.765425,0.754749
2021-10-14 11:00:00.000 UTC,0.764357,0.74419,0.74419,0.764357
2021-10-14 10:00:00.000 UTC,0.751651,0.741826,0.750796,0.751651
2021-10-14 09:00:00.000 UTC,0.751552,0.739057,0.741275,0.751552
2021-10-14 08:00:00.000 UTC,0.741831,0.740754,0.741101,0.741831
2021-10-14 07:00:00.000 UTC,0.750789,0.740689,0.742203,0.741196
2021-10-14 06:00:00.000 UTC,0.752431,0.7408,0.74485,0.7408
2021-10-14 05:00:00.000 UTC,0.752333,0.744031,0.752333,0.74472
2021-10-14 04:00:00.000 UTC,0.751335,0.739731,0.739731,0.750843
2021-10-14 03:00:00.000 UTC,0.74883,0.738767,0.748337,0.739069
2021-10-14 02:00:00.000 UTC,0.748312,0.73741,0.737695,0.748312
2021-10-14 01:00:00.000 UTC,0.737232,0.734266,0.734759,0.737232
2021-10-14 00:00:00.000 UTC,0.750219,0.735613,0.750219,0.735798
2021-10-13 23:00:00.000 UTC,0.750256,0.735948,0.73824,0.750256
2021-10-13 22:00:00.000 UTC,0.736928,0.73497,0.736008,0.736395
2021-10-13 21:00:00.000 UTC,0.744307,0.733227,0.744307,0.735862
2021-10-13 20:00:00.000 UTC,0.745443,0.730812,0.732523,0.735424
2021-10-13 19:00:00.000 UTC,0.732608,0.7281,0.728426,0.732608
2021-10-13 18:00:00.000 UTC,0.730673,0.728381,0.728851,0.729643
2021-10-13 17:00:00.000 UTC,0.731409,0.726513,0.729458,0.729706
2021-10-13 16:00:00.000 UTC,0.737938,0.725772,0.737938,0.729228
2021-10-13 15:00:00.000 UTC,0.728463,0.721041,0.721041,0.728463
2021-10-13 14:00:00.000 UTC,0.721629,0.712033,0.716046,0.72094
2021-10-13 13:00:00.000 UTC,0.728394,0.716419,0.728394,0.716419
2021-10-13 12:00:00.000 UTC,0.721332,0.71164,0.713541,0.721332
2021-10-13 11:00:00.000 UTC,0.718041,0.708026,0.713003,0.71279
2021-10-13 10:00:00.000 UTC,0.714688,0.708813,0.710298,0.708813
2021-10-13 09:00:00.000 UTC,0.714374,0.709233,0.709435,0.709233
2021-10-13 08:00:00.000 UTC,0.720743,0.712153,0.716395,0.712153
2021-10-13 07:00:00.000 UTC,0.720307,0.71617,0.718657,0.716395
2021-10-13 06:00:00.000 UTC,0.727044,0.711696,0.71873,0.717215
2021-10-13 05:00:00.000 UTC,0.749571,0.729516,0.739431,0.729516
2021-10-13 04:00:00.000 UTC,0.743989,0.736127,0.743989,0.741562
2021-10-13 03:00:00.000 UTC,0.73993,0.726591,0.735146,0.73993
2021-10-13 02:00:00.000 UTC,0.734959,0.726978,0.730834,0.734959
2021-10-13 01:00:00.000 UTC,0.727495,0.72626,0.727464,0.726839
2021-10-13 00:00:00.000 UTC,0.73227,0.719489,0.720452,0.727616
2021-10-12 23:00:00.000 UTC,0.72398,0.718209,0.718209,0.719568
2021-10-12 22:00:00.000 UTC,0.720635,0.715431,0.717325,0.720635
2021-10-12 21:00:00.000 UTC,0.721843,0.716922,0.721843,0.718423
2021-10-12 20:00:00.000 UTC,0.721768,0.707942,0.71084,0.721768
2021-10-12 19:00:00.000 UTC,0.716441,0.708111,0.708111,0.713673
2021-10-12 18:00:00.000 UTC,0.707147,0.703535,0.703535,0.706677
2021-10-12 17:00:00.000 UTC,0.723775,0.703838,0.723775,0.703838
2021-10-12 16:00:00.000 UTC,0.71916,0.705305,0.706996,0.71916
2021-10-12 15:00:00.000 UTC,0.708179,0.701388,0.707528,0.705722
2021-10-12 14:00:00.000 UTC,0.721876,0.708879,0.709315,0.708879
2021-10-12 13:00:00.000 UTC,0.719925,0.691813,0.691813,0.708759
2021-10-12 12:00:00.000 UTC,0.699519,0.689491,0.699519,0.689491
2021-10-12 11:00:00.000 UTC,0.69983,0.693589,0.69469,0.69983
2021-10-12 10:00:00.000 UTC,0.699186,0.68727,0.699186,0.691598
2021-10-12 09:00:00.000 UTC,0.716932,0.705627,0.712749,0.705627
2021-10-12 08:00:00.000 UTC,0.714951,0.709478,0.709791,0.712632
2021-10-12 07:00:00.000 UTC,0.721063,0.70824,0.721063,0.70824
2021-10-12 06:00:00.000 UTC,0.722882,0.715366,0.715563,0.722882
2021-10-12 05:00:00.000 UTC,0.724385,0.708863,0.724385,0.713311
2021-10-12 04:00:00.000 UTC,0.726242,0.710502,0.717324,0.72544
2021-10-12 03:00:00.000 UTC,0.725144,0.709465,0.725144,0.710257
2021-10-12 02:00:00.000 UTC,0.736556,0.724515,0.736283,0.72858
2021-10-12 01:00:00.000 UTC,0.737808,0.725624,0.727267,0.737288
2021-10-12 00:00:00.000 UTC,0.751531,0.725941,0.751531,0.725941
2021-10-11 23:00:00.000 UTC,0.751049,0.734878,0.737941,0.751049
2021-10-11 22:00:00.000 UTC,0.738737,0.733653,0.734618,0.738284
2021-10-11 21:00:00.000 UTC,0.736427,0.725175,0.728935,0.736427
2021-10-11 20:00:00.000 UTC,0.746124,0.727391,0.746124,0.729936
2021-10-11 19:00:00.000 UTC,0.750893,0.740861,0.74121,0.746759
2021-10-11 18:00:00.000 UTC,0.750423,0.73972,0.743172,0.7409
2021-10-11 17:00:00.000 UTC,0.753933,0.7436,0.752832,0.7436
2021-10-11 16:00:00.000 UTC,0.753361,0.742996,0.748461,0.752716
2021-10-11 15:00:00.000 UTC,0.75173,0.749044,0.75051,0.749044
2021-10-11 14:00:00.000 UTC,0.760264,0.749068,0.755568,0.751824
2021-10-11 13:00:00.000 UTC,0.755446,0.751087,0.754055,0.754999
2021-10-11 12:00:00.000 UTC,0.754238,0.750514,0.752317,0.752899
2021-10-11 11:00:00.000 UTC,0.765036,0.750769,0.765036,0.753499
2021-10-11 10:00:00.000 UTC,0.761347,0.758685,0.760297,0.759606
2021-10-11 09:00:00.000 UTC,0.772675,0.760398,0.766891,0.767399
2021-10-11 08:00:00.000 UTC,0.77725,0.766453,0.773811,0.773448
2021-10-11 07:00:00.000 UTC,0.773435,0.756123,0.756999,0.772452
2021-10-11 06:00:00.000 UTC,0.759126,0.756144,0.759126,0.758395
2021-10-11 05:00:00.000 UTC,0.76788,0.757323,0.762096,0.76788
2021-10-11 04:00:00.000 UTC,0.76533,0.760242,0.760242,0.761923
2021-10-11 03:00:00.000 UTC,0.759797,0.755291,0.755447,0.759797
2021-10-11 02:00:00.000 UTC,0.758325,0.75312,0.757311,0.754582
2021-10-11 01:00:00.000 UTC,0.7693,0.749446,0.749874,0.755391
2021-10-11 00:00:00.000 UTC,0.749449,0.736128,0.749449,0.747921
2021-10-10 23:00:00.000 UTC,0.75952,0.748803,0.758149,0.748803
2021-10-10 22:00:00.000 UTC,0.757433,0.751442,0.757433,0.757413
2021-10-10 21:00:00.000 UTC,0.773881,0.752154,0.768804,0.75776
2021-10-10 20:00:00.000 UTC,0.77811,0.769559,0.773158,0.769559
2021-10-10 19:00:00.000 UTC,0.77554,0.773501,0.773569,0.773501
2021-10-10 18:00:00.000 UTC,0.77898,0.769477,0.771475,0.773215
2021-10-10 17:00:00.000 UTC,0.782957,0.767982,0.776651,0.77133
2021-10-10 16:00:00.000 UTC,0.783498,0.775639,0.780121,0.777197
2021-10-10 15:00:00.000 UTC,0.780805,0.778302,0.780715,0.779609
2021-10-10 14:00:00.000 UTC,0.787294,0.778849,0.787268,0.780402
2021-10-10 13:00:00.000 UTC,0.788792,0.77929,0.779515,0.787373
2021-10-10 12:00:00.000 UTC,0.783377,0.779204,0.783377,0.780182
2021-10-10 11:00:00.000 UTC,0.791937,0.781172,0.789514,0.783041
2021-10-10 10:00:00.000 UTC,0.789987,0.782737,0.784168,0.789987
2021-10-10 09:00:00.000 UTC,0.794061,0.783585,0.789183,0.785046
2021-10-10 08:00:00.000 UTC,0.797421,0.787408,0.787408,0.789484
2021-10-10 07:00:00.000 UTC,0.797955,0.786998,0.796901,0.786998
2021-10-10 06:00:00.000 UTC,0.796911,0.785314,0.785314,0.796911
2021-10-10 05:00:00.000 UTC,0.794191,0.785302,0.78696,0.785302
2021-10-10 04:00:00.000 UTC,0.788883,0.78276,0.786201,0.784957
2021-10-10 03:00:00.000 UTC,0.786459,0.781944,0.782829,0.785715
2021-10-10 02:00:00.000 UTC,0.79098,0.779896,0.788318,0.79098
2021-10-10 01:00:00.000 UTC,0.791969,0.786231,0.790555,0.7907
2021-10-10 00:00:00.000 UTC,0.800074,0.791206,0.800074,0.791206
2021-10-09 23:00:00.000 UTC,0.815548,0.801191,0.809908,0.807662
2021-10-09 22:00:00.000 UTC,0.809301,0.791936,0.791936,0.799258
2021-10-09 21:00:00.000 UTC,0.800409,0.789428,0.789428,0.791483
2021-10-09 20:00:00.000 UTC,0.797134,0.785564,0.79555,0.788512
2021-10-09 19:00:00.000 UTC,0.80173,0.78928,0.80173,0.78928
2021-10-09 18:00:00.000 UTC,0.802265,0.789938,0.800541,0.799712
2021-10-09 17:00:00.000 UTC,0.797872,0.785438,0.791714,0.791677
2021-10-09 16:00:00.000 UTC,0.793995,0.785407,0.791356,0.791813
2021-10-09 15:00:00.000 UTC,0.802216,0.791153,0.802019,0.799705
2021-10-09 14:00:00.000 UTC,0.804062,0.787325,0.788481,0.801949
2021-10-09 13:00:00.000 UTC,0.787722,0.785038,0.78525,0.787722
2021-10-09 12:00:00.000 UTC,0.784868,0.779751,0.78034,0.784868
2021-10-09 11:00:00.000 UTC,0.790439,0.77981,0.783795,0.780171
2021-10-09 10:00:00.000 UTC,0.788886,0.782705,0.7864,0.783619
2021-10-09 09:00:00.000 UTC,0.790723,0.775356,0.775356,0.785232
2021-10-09 08:00:00.000 UTC,0.78479,0.7757,0.781217,0.783524
2021-10-09 07:00:00.000 UTC,0.782198,0.78074,0.781961,0.781232
2021-10-09 06:00:00.000 UTC,0.790863,0.781719,0.781719,0.782046
2021-10-09 05:00:00.000 UTC,0.785092,0.781152,0.784763,0.781459
2021-10-09 04:00:00.000 UTC,0.78627,0.783918,0.784834,0.785242
2021-10-09 03:00:00.000 UTC,0.784477,0.780699,0.78202,0.784477
2021-10-09 02:00:00.000 UTC,0.783101,0.778241,0.78135,0.78225
2021-10-09 01:00:00.000 UTC,0.787998,0.775796,0.77911,0.783033
2021-10-09 00:00:00.000 UTC,0.788446,0.775789,0.780774,0.779246
2021-10-08 23:00:00.000 UTC,0.780918,0.775639,0.780918,0.777487
2021-10-08 22:00:00.000 UTC,0.781783,0.776919,0.777816,0.781783
2021-10-08 21:00:00.000 UTC,0.7871,0.773827,0.7871,0.776252
2021-10-08 20:00:00.000 UTC,0.803133,0.78255,0.803133,0.788288
2021-10-08 19:00:00.000 UTC,0.814861,0.79766,0.807804,0.803606
2021-10-08 18:00:00.000 UTC,0.805518,0.798346,0.801911,0.798719
2021-10-08 17:00:00.000 UTC,0.804233,0.797767,0.797767,0.800844
2021-10-08 16:00:00.000 UTC,0.805668,0.797684,0.804536,0.799112
2021-10-08 15:00:00.000 UTC,0.820727,0.788074,0.788074,0.814228
2021-10-08 14:00:00.000 UTC,0.786883,0.776749,0.776749,0.78643
2021-10-08 13:00:00.000 UTC,0.788637,0.776611,0.779394,0.784653
2021-10-08 12:00:00.000 UTC,0.791333,0.775191,0.780407,0.787389
2021-10-08 11:00:00.000 UTC,0.795992,0.781154,0.79029,0.781154
2021-10-08 10:00:00.000 UTC,0.798466,0.788608,0.798466,0.790522
2021-10-08 09:00:00.000 UTC,0.804373,0.789211,0.804373,0.801718
2021-10-08 08:00:00.000 UTC,0.804105,0.788384,0.788384,0.804105
2021-10-08 07:00:00.000 UTC,0.795383,0.78416,0.793054,0.795383
2021-10-08 06:00:00.000 UTC,0.793816,0.782683,0.784652,0.792585
2021-10-08 05:00:00.000 UTC,0.791983,0.781513,0.784399,0.791425
2021-10-08 04:00:00.000 UTC,0.788738,0.782111,0.782396,0.785116
2021-10-08 03:00:00.000 UTC,0.787895,0.780797,0.7811,0.781765
2021-10-08 02:00:00.000 UTC,0.797993,0.781094,0.797993,0.782697
2021-10-08 01:00:00.000 UTC,0.80513,0.793045,0.803242,0.798523
2021-10-08 00:00:00.000 UTC,0.802734,0.795242,0.799758,0.802734
2021-10-07 23:00:00.000 UTC,0.809341,0.794715,0.798915,0.809341
2021-10-07 22:00:00.000 UTC,0.810517,0.794029,0.803115,0.798425
2021-10-07 21:00:00.000 UTC,0.814546,0.806554,0.813459,0.813377
2021-10-07 20:00:00.000 UTC,0.813317,0.797698,0.797698,0.813317
2021-10-07 19:00:00.000 UTC,0.810375,0.792437,0.792437,0.808957
2021-10-07 18:00:00.000 UTC,0.800981,0.788278,0.800981,0.791263
2021-10-07 17:00:00.000 UTC,0.802187,0.794725,0.795991,0.801089
2021-10-07 16:00:00.000 UTC,0.796255,0.785661,0.788074,0.796255
2021-10-07 15:00:00.000 UTC,0.799778,0.78736,0.795206,0.799778
2021-10-07 14:00:00.000 UTC,0.8129,0.784063,0.8129,0.793449
2021-10-07 13:00:00.000 UTC,0.812942,0.802203,0.803214,0.812942
2021-10-07 12:00:00.000 UTC,0.802927,0.790456,0.802335,0.793928
2021-10-07 11:00:00.000 UTC,0.80043,0.785008,0.791612,0.794059
2021-10-07 10:00:00.000 UTC,0.795864,0.783284,0.789432,0.790745
2021-10-07 09:00:00.000 UTC,0.802715,0.785946,0.798834,0.788336
2021-10-07 08:00:00.000 UTC,0.806426,0.792368,0.792368,0.801714
2021-10-07 07:00:00.000 UTC,0.799309,0.782103,0.782103,0.799309
2021-10-07 06:00:00.000 UTC,0.795765,0.783083,0.786056,0.79035
2021-10-07 05:00:00.000 UTC,0.794347,0.779927,0.786667,0.785957
2021-10-07 04:00:00.000 UTC,0.796157,0.780351,0.789887,0.786516
2021-10-07 03:00:00.000 UTC,0.789238,0.779152,0.783946,0.781249
2021-10-07 02:00:00.000 UTC,0.797921,0.783917,0.792384,0.783917
2021-10-07 01:00:00.000 UTC,0.792644,0.781333,0.782437,0.791324
2021-10-07 00:00:00.000 UTC,0.818203,0.781889,0.818203,0.781889
2021-10-06 23:00:00.000 UTC,0.817159,0.80572,0.807627,0.817159
2021-10-06 22:00:00.000 UTC,0.817809,0.805084,0.811266,0.816616
2021-10-06 21:00:00.000 UTC,0.809036,0.794907,0.802458,0.809036
2021-10-06 20:00:00.000 UTC,0.815474,0.803152,0.815474,0.803152
2021-10-06 19:00:00.000 UTC,0.8181,0.812367,0.81398,0.817092
2021-10-06 18:00:00.000 UTC,0.815276,0.799961,0.803047,0.814314
2021-10-06 17:00:00.000 UTC,0.804373,0.789765,0.798968,0.801734
2021-10-06 16:00:00.000 UTC,0.798742,0.787949,0.794197,0.79858
2021-10-06 15:00:00.000 UTC,0.800714,0.796123,0.79913,0.796123
2021-10-06 14:00:00.000 UTC,0.798718,0.789537,0.791396,0.797693
2021-10-06 13:00:00.000 UTC,0.800558,0.775334,0.775334,0.794918
2021-10-06 12:00:00.000 UTC,0.780797,0.763519,0.764498,0.774859
2021-10-06 11:00:00.000 UTC,0.773051,0.762712,0.768147,0.764504
2021-10-06 10:00:00.000 UTC,0.772743,0.760623,0.763277,0.764521
2021-10-06 09:00:00.000 UTC,0.771787,0.756826,0.771787,0.76327
2021-10-06 08:00:00.000 UTC,0.79699,0.764327,0.794781,0.764327
2021-10-06 07:00:00.000 UTC,0.809497,0.787991,0.809497,0.787991
2021-10-06 06:00:00.000 UTC,0.812974,0.795363,0.795363,0.811379
2021-10-06 05:00:00.000 UTC,0.810655,0.792116,0.81049,0.800814
2021-10-06 04:00:00.000 UTC,0.824814,0.805442,0.824736,0.805442
2021-10-06 03:00:00.000 UTC,0.826154,0.819303,0.819303,0.824136
2021-10-06 02:00:00.000 UTC,0.824599,0.818427,0.823913,0.818427
2021-10-06 01:00:00.000 UTC,0.828845,0.822476,0.828845,0.823356
2021-10-06 00:00:00.000 UTC,0.831216,0.8104,0.812589,0.828041
2021-10-05 23:00:00.000 UTC,0.815291,0.810549,0.814558,0.811899
2021-10-05 22:00:00.000 UTC,0.816519,0.802719,0.807133,0.814616
2021-10-05 21:00:00.000 UTC,0.81211,0.805147,0.805663,0.81211
2021-10-05 20:00:00.000 UTC,0.80637,0.791313,0.797438,0.805472
2021-10-05 19:00:00.000 UTC,0.799049,0.785369,0.785369,0.797196
2021-10-05 18:00:00.000 UTC,0.787329,0.784479,0.785793,0.786413
2021-10-05 17:00:00.000 UTC,0.797477,0.785786,0.786824,0.785991
2021-10-05 16:00:00.000 UTC,0.79669,0.782976,0.790777,0.784747
2021-10-05 15:00:00.000 UTC,0.789561,0.773024,0.77466,0.789561
2021-10-05 14:00:00.000 UTC,0.809554,0.775157,0.809474,0.775157
2021-10-05 13:00:00.000 UTC,0.811868,0.802958,0.810641,0.811868
2021-10-05 12:00:00.000 UTC,0.815629,0.808236,0.81506,0.808236
2021-10-05 11:00:00.000 UTC,0.823162,0.811847,0.811847,0.816919
2021-10-05 10:00:00.000 UTC,0.825292,0.813163,0.813163,0.818446
2021-10-05 09:00:00.000 UTC,0.82298,0.80811,0.82298,0.81124
2021-10-05 08:00:00.000 UTC,0.82331,0.818338,0.823137,0.822232
2021-10-05 07:00:00.000 UTC,0.824382,0.821903,0.822629,0.824293
2021-10-05 06:00:00.000 UTC,0.825528,0.808252,0.821278,0.82389
2021-10-05 05:00:00.000 UTC,0.821092,0.805739,0.811728,0.821092
2021-10-05 04:00:00.000 UTC,0.821044,0.809713,0.821044,0.811644
2021-10-05 03:00:00.000 UTC,0.821526,0.803455,0.81781,0.807331
2021-10-05 02:00:00.000 UTC,0.821459,0.812328,0.814899,0.815766
2021-10-05 01:00:00.000 UTC,0.830835,0.81249,0.828959,0.814166
2021-10-05 00:00:00.000 UTC,0.828697,0.811764,0.820846,0.818169
2021-10-04 23:00:00.000 UTC,0.823167,0.816998,0.816998,0.821235
2021-10-04 22:00:00.000 UTC,0.835808,0.81405,0.818028,0.815958
2021-10-04 21:00:00.000 UTC,0.836328,0.815918,0.832553,0.817661
2021-10-04 20:00:00.000 UTC,0.834798,0.814116,0.834798,0.819161
2021-10-04 19:00:00.000 UTC,0.836053,0.821892,0.828449,0.824607
2021-10-04 18:00:00.000 UTC,0.839667,0.824201,0.825595,0.828614
2021-10-04 17:00:00.000 UTC,0.839731,0.814077,0.837323,0.8239
2021-10-04 16:00:00.000 UTC,0.84172,0.813817,0.813817,0.838582
2021-10-04 15:00:00.000 UTC,0.839236,0.807953,0.839236,0.827377
2021-10-04 14:00:00.000 UTC,0.865742,0.817059,0.86182,0.817059
2021-10-04 13:00:00.000 UTC,0.866417,0.854064,0.86102,0.866417
2021-10-04 12:00:00.000 UTC,0.863946,0.831165,0.831165,0.862985
2021-10-04 11:00:00.000 UTC,0.860487,0.83033,0.860487,0.83033
2021-10-04 10:00:00.000 UTC,0.859564,0.837914,0.856361,0.851671
2021-10-04 09:00:00.000 UTC,0.862859,0.855808,0.85773,0.857766
2021-10-04 08:00:00.000 UTC,0.873691,0.842525,0.85957,0.855644
2021-10-04 07:00:00.000 UTC,0.864207,0.846262,0.864207,0.860223
2021-10-04 06:00:00.000 UTC,0.835059,0.809929,0.819956,0.835059
2021-10-04 05:00:00.000 UTC,0.836076,0.818503,0.82103,0.8192
2021-10-04 04:00:00.000 UTC,0.832147,0.808795,0.832147,0.821867
2021-10-04 03:00:00.000 UTC,0.837137,0.825476,0.837137,0.831552
2021-10-04 02:00:00.000 UTC,0.846942,0.830085,0.843443,0.831475
2021-10-04 01:00:00.000 UTC,0.854946,0.830882,0.845241,0.854946
2021-10-04 00:00:00.000 UTC,0.868896,0.845411,0.868896,0.848812
2021-10-03 23:00:00.000 UTC,0.883096,0.836967,0.842,0.86345
2021-10-03 22:00:00.000 UTC,0.852758,0.829794,0.838581,0.852169
2021-10-03 21:00:00.000 UTC,0.855849,0.823835,0.828774,0.836691
2021-10-03 20:00:00.000 UTC,0.842671,0.800076,0.810921,0.842671
2021-10-03 19:00:00.000 UTC,0.818681,0.810856,0.818514,0.810856
2021-10-03 18:00:00.000 UTC,0.821826,0.810128,0.814551,0.813095
2021-10-03 17:00:00.000 UTC,0.830451,0.813289,0.818382,0.820597
2021-10-03 16:00:00.000 UTC,0.814021,0.787223,0.808574,0.803058
2021-10-03 15:00:00.000 UTC,0.802325,0.77966,0.783377,0.802325
2021-10-03 14:00:00.000 UTC,0.804189,0.781425,0.784773,0.783675
2021-10-03 13:00:00.000 UTC,0.79758,0.771509,0.775302,0.79758
2021-10-03 12:00:00.000 UTC,0.778365,0.772398,0.778365,0.77463
2021-10-03 11:00:00.000 UTC,0.779704,0.773982,0.773982,0.777163
2021-10-03 10:00:00.000 UTC,0.778398,0.771477,0.772733,0.775918
2021-10-03 09:00:00.000 UTC,0.785812,0.77075,0.777824,0.77195
2021-10-03 08:00:00.000 UTC,0.781334,0.77688,0.77688,0.77922
2021-10-03 07:00:00.000 UTC,0.780859,0.775702,0.780859,0.776788
2021-10-03 06:00:00.000 UTC,0.784174,0.780488,0.784174,0.781217
2021-10-03 05:00:00.000 UTC,0.798449,0.776989,0.778043,0.798449
2021-10-03 04:00:00.000 UTC,0.77923,0.77544,0.777156,0.778265
2021-10-03 03:00:00.000 UTC,0.776678,0.769572,0.770856,0.776678
2021-10-03 02:00:00.000 UTC,0.779405,0.772807,0.774371,0.772807
2021-10-03 01:00:00.000 UTC,0.777086,0.767967,0.768985,0.775944
2021-10-03 00:00:00.000 UTC,0.803925,0.782195,0.786863,0.782195
2021-10-02 23:00:00.000 UTC,0.813121,0.800007,0.800007,0.802468
2021-10-02 22:00:00.000 UTC,0.80779,0.80095,0.80095,0.801478
2021-10-02 21:00:00.000 UTC,0.800147,0.796339,0.796339,0.799345
2021-10-02 20:00:00.000 UTC,0.811533,0.797355,0.804642,0.797812
2021-10-02 19:00:00.000 UTC,0.806485,0.800419,0.800419,0.804888
2021-10-02 18:00:00.000 UTC,0.802467,0.797073,0.801542,0.799876
2021-10-02 17:00:00.000 UTC,0.803826,0.797242,0.802468,0.802979
2021-10-02 16:00:00.000 UTC,0.802781,0.795334,0.800893,0.802781
2021-10-02 15:00:00.000 UTC,0.808277,0.801123,0.804538,0.801123
2021-10-02 14:00:00.000 UTC,0.804341,0.799409,0.800237,0.804248
2021-10-02 13:00:00.000 UTC,0.827402,0.798153,0.798153,0.804237
2021-10-02 12:00:00.000 UTC,0.802531,0.786165,0.786165,0.800119
2021-10-02 11:00:00.000 UTC,0.79858,0.782196,0.79858,0.78896
2021-10-02 10:00:00.000 UTC,0.799949,0.784621,0.787217,0.799949
2021-10-02 09:00:00.000 UTC,0.806566,0.780663,0.780663,0.785554
2021-10-02 08:00:00.000 UTC,0.795639,0.77704,0.793312,0.778095
2021-10-02 07:00:00.000 UTC,0.79513,0.787083,0.787083,0.793768
2021-10-02 06:00:00.000 UTC,0.786441,0.781025,0.781346,0.786407
2021-10-02 05:00:00.000 UTC,0.796428,0.777753,0.777753,0.780515
2021-10-02 04:00:00.000 UTC,0.792197,0.772654,0.792197,0.775948
2021-10-02 03:00:00.000 UTC,0.799239,0.785315,0.785315,0.79368
2021-10-02 02:00:00.000 UTC,0.811269,0.784319,0.807789,0.784319
2021-10-02 01:00:00.000 UTC,0.831285,0.806049,0.820031,0.813119
2021-10-02 00:00:00.000 UTC,0.844133,0.812282,0.822489,0.834451
2021-10-01 23:00:00.000 UTC,0.821808,0.788439,0.791394,0.806468
2021-10-01 22:00:00.000 UTC,0.821724,0.790016,0.821724,0.790315
2021-10-01 21:00:00.000 UTC,0.831172,0.806261,0.831172,0.815383
2021-10-01 20:00:00.000 UTC,0.81955,0.783046,0.788585,0.81955
2021-10-01 19:00:00.000 UTC,0.792211,0.772273,0.772369,0.78829
2021-10-01 18:00:00.000 UTC,0.788346,0.767963,0.777428,0.774213
2021-10-01 17:00:00.000 UTC,0.77989,0.757917,0.758669,0.764377
2021-10-01 16:00:00.000 UTC,0.771954,0.753398,0.771954,0.765358
2021-10-01 15:00:00.000 UTC,0.786642,0.754001,0.766581,0.761618
2021-10-01 14:00:00.000 UTC,0.767945,0.726879,0.732229,0.76726
2021-10-01 13:00:00.000 UTC,0.74502,0.733685,0.735639,0.733743
2021-10-01 12:00:00.000 UTC,0.749831,0.724918,0.738776,0.72684
2021-10-01 11:00:00.000 UTC,0.74753,0.698893,0.698893,0.74725
2021-10-01 10:00:00.000 UTC,0.707691,0.676309,0.677628,0.705496
2021-10-01 09:00:00.000 UTC,0.686806,0.676935,0.686806,0.676935
2021-10-01 08:00:00.000 UTC,0.685628,0.681948,0.682953,0.684066
2021-10-01 07:00:00.000 UTC,0.681569,0.669514,0.669514,0.681042
2021-10-01 06:00:00.000 UTC,0.670425,0.666876,0.666876,0.669557
2021-10-01 05:00:00.000 UTC,0.673132,0.659218,0.660024,0.666339
2021-10-01 04:00:00.000 UTC,0.663188,0.658155,0.663188,0.658993
2021-10-01 03:00:00.000 UTC,0.662846,0.659717,0.661994,0.662825
2021-10-01 02:00:00.000 UTC,0.670206,0.661228,0.670206,0.661228
2021-10-01 01:00:00.000 UTC,0.672159,0.664334,0.666625,0.668688
2021-10-01 00:00:00.000 UTC,0.685159,0.665725,0.679749,0.675955
2021-09-30 23:00:00.000 UTC,0.679169,0.656114,0.66094,0.66614
2021-09-30 22:00:00.000 UTC,0.659497,0.652143,0.654879,0.658887
2021-09-30 21:00:00.000 UTC,0.653076,0.645384,0.645384,0.653076
2021-09-30 20:00:00.000 UTC,0.656539,0.644743,0.651416,0.644856
2021-09-30 19:00:00.000 UTC,0.658374,0.652721,0.658374,0.652721
2021-09-30 18:00:00.000 UTC,0.657236,0.653101,0.654186,0.654414
2021-09-30 17:00:00.000 UTC,0.653466,0.64522,0.64522,0.653466
2021-09-30 16:00:00.000 UTC,0.655543,0.647867,0.648505,0.653568
2021-09-30 15:00:00.000 UTC,0.668367,0.648828,0.6502,0.648828
2021-09-30 14:00:00.000 UTC,0.651892,0.644066,0.647231,0.651892
2021-09-30 13:00:00.000 UTC,0.656444,0.647525,0.654424,0.647525
2021-09-30 12:00:00.000 UTC,0.656909,0.648478,0.650071,0.656909
2021-09-30 11:00:00.000 UTC,0.654245,0.646843,0.650476,0.650567
2021-09-30 10:00:00.000 UTC,0.668688,0.64794,0.659846,0.652873
2021-09-30 09:00:00.000 UTC,0.654923,0.644619,0.644619,0.649688
2021-09-30 08:00:00.000 UTC,0.656771,0.642651,0.656771,0.643228
2021-09-30 07:00:00.000 UTC,0.662412,0.639269,0.646897,0.654719
2021-09-30 06:00:00.000 UTC,0.653026,0.647297,0.651985,0.650122
2021-09-30 05:00:00.000 UTC,0.657071,0.629302,0.630029,0.654486
2021-09-30 04:00:00.000 UTC,0.635395,0.624631,0.624631,0.629241
2021-09-30 03:00:00.000 UTC,0.630117,0.621097,0.627748,0.630117
2021-09-30 02:00:00.000 UTC,0.629945,0.621728,0.621728,0.621837
2021-09-30 01:00:00.000 UTC,0.628201,0.617955,0.617955,0.620552
2021-09-30 00:00:00.000 UTC,0.617613,0.603635,0.604283,0.617613
2021-09-29 23:00:00.000 UTC,0.60429,0.600389,0.6006,0.60429
2021-09-29 22:00:00.000 UTC,0.6065,0.59703,0.597239,0.6065
2021-09-29 21:00:00.000 UTC,0.60206,0.594626,0.59536,0.596936
2021-09-29 20:00:00.000 UTC,0.605241,0.593153,0.597506,0.593782
2021-09-29 19:00:00.000 UTC,0.607412,0.600639,0.601815,0.604489
2021-09-29 18:00:00.000 UTC,0.613642,0.601573,0.610083,0.601573
2021-09-29 17:00:00.000 UTC,0.623184,0.607941,0.608119,0.608282
2021-09-29 16:00:00.000 UTC,0.618982,0.607463,0.612498,0.607463
2021-09-29 15:00:00.000 UTC,0.62703,0.619657,0.622251,0.619657
2021-09-29 14:00:00.000 UTC,0.633026,0.620874,0.632741,0.627383
2021-09-29 13:00:00.000 UTC,0.633039,0.619712,0.624446,0.621949
2021-09-29 12:00:00.000 UTC,0.636375,0.618074,0.622028,0.630489
2021-09-29 11:00:00.000 UTC,0.620926,0.61828,0.620926,0.619198
2021-09-29 10:00:00.000 UTC,0.623366,0.614829,0.618254,0.621045
2021-09-29 09:00:00.000 UTC,0.624328,0.609966,0.624328,0.618588
2021-09-29 08:00:00.000 UTC,0.626653,0.616831,0.617761,0.623011
2021-09-29 07:00:00.000 UTC,0.626836,0.61738,0.624294,0.617628
2021-09-29 06:00:00.000 UTC,0.621578,0.611094,0.612728,0.621578
2021-09-29 05:00:00.000 UTC,0.619192,0.61011,0.613654,0.611978
2021-09-29 04:00:00.000 UTC,0.622745,0.61292,0.613129,0.614409
2021-09-29 03:00:00.000 UTC,0.614058,0.603407,0.605777,0.614058
2021-09-29 02:00:00.000 UTC,0.608798,0.600436,0.600436,0.605415
2021-09-29 01:00:00.000 UTC,0.614605,0.596016,0.602473,0.603335
2021-09-29 00:00:00.000 UTC,0.606125,0.591894,0.602488,0.602112
2021-09-28 23:00:00.000 UTC,0.613244,0.602535,0.611773,0.602535
2021-09-28 22:00:00.000 UTC,0.6248,0.610973,0.6248,0.612707
2021-09-28 21:00:00.000 UTC,0.621485,0.605916,0.605916,0.620922
2021-09-28 20:00:00.000 UTC,0.608231,0.600098,0.600098,0.605838
2021-09-28 19:00:00.000 UTC,0.611294,0.603044,0.611294,0.608094
2021-09-28 18:00:00.000 UTC,0.612626,0.59551,0.597136,0.603098
2021-09-28 17:00:00.000 UTC,0.60733,0.5963,0.599281,0.5963
2021-09-28 16:00:00.000 UTC,0.61013,0.599953,0.603148,0.599953
2021-09-28 15:00:00.000 UTC,0.612044,0.604561,0.607545,0.612044
2021-09-28 14:00:00.000 UTC,0.624755,0.607444,0.624547,0.6077
2021-09-28 13:00:00.000 UTC,0.627634,0.618023,0.622656,0.618023
2021-09-28 12:00:00.000 UTC,0.624901,0.61617,0.619559,0.61617
2021-09-28 11:00:00.000 UTC,0.627229,0.615698,0.615831,0.619004
2021-09-28 10:00:00.000 UTC,0.625185,0.614506,0.625185,0.615303
2021-09-28 09:00:00.000 UTC,0.627339,0.616457,0.616457,0.618404
2021-09-28 08:00:00.000 UTC,0.625182,0.614341,0.621374,0.623679
2021-09-28 07:00:00.000 UTC,0.628831,0.618199,0.628831,0.622237
2021-09-28 06:00:00.000 UTC,0.633866,0.627384,0.633866,0.627384
2021-09-28 05:00:00.000 UTC,0.633653,0.62842,0.633185,0.62842
2021-09-28 04:00:00.000 UTC,0.63596,0.630483,0.633595,0.630483
2021-09-28 03:00:00.000 UTC,0.633752,0.630434,0.633752,0.633441
2021-09-28 02:00:00.000 UTC,0.637061,0.629666,0.629874,0.629666
2021-09-28 01:00:00.000 UTC,0.633263,0.625651,0.628666,0.629055
2021-09-28 00:00:00.000 UTC,0.631997,0.627613,0.631997,0.62835
2021-09-27 23:00:00.000 UTC,0.645247,0.632307,0.644542,0.634922
2021-09-27 22:00:00.000 UTC,0.647544,0.643336,0.644242,0.644049
2021-09-27 21:00:00.000 UTC,0.643265,0.633918,0.633918,0.643265
2021-09-27 20:00:00.000 UTC,0.641273,0.634556,0.641078,0.634556
2021-09-27 19:00:00.000 UTC,0.645831,0.639474,0.645436,0.641322
2021-09-27 18:00:00.000 UTC,0.646517,0.640548,0.640548,0.645957
2021-09-27 17:00:00.000 UTC,0.645037,0.640324,0.6435,0.640324
2021-09-27 16:00:00.000 UTC,0.654209,0.647342,0.648535,0.64787
2021-09-27 15:00:00.000 UTC,0.655176,0.645415,0.655176,0.646682
2021-09-27 14:00:00.000 UTC,0.664076,0.651486,0.660466,0.656667
2021-09-27 13:00:00.000 UTC,0.663533,0.655094,0.656292,0.660598
2021-09-27 12:00:00.000 UTC,0.664202,0.651872,0.660274,0.656796
2021-09-27 11:00:00.000 UTC,0.660505,0.657994,0.659299,0.659882
2021-09-27 10:00:00.000 UTC,0.667223,0.659889,0.664629,0.659934
2021-09-27 09:00:00.000 UTC,0.674518,0.662074,0.662229,0.666829
2021-09-27 08:00:00.000 UTC,0.662914,0.659684,0.66189,0.661798
2021-09-27 07:00:00.000 UTC,0.663282,0.660434,0.66145,0.661786
2021-09-27 06:00:00.000 UTC,0.684185,0.667476,0.678918,0.667476
2021-09-27 05:00:00.000 UTC,0.676785,0.663559,0.672305,0.676785
2021-09-27 04:00:00.000 UTC,0.672445,0.664116,0.665599,0.672445
2021-09-27 03:00:00.000 UTC,0.675088,0.664744,0.668667,0.664744
2021-09-27 02:00:00.000 UTC,0.685068,0.667967,0.676625,0.668757
2021-09-27 01:00:00.000 UTC,0.685599,0.665601,0.665819,0.676553
2021-09-27 00:00:00.000 UTC,0.673089,0.653212,0.666205,0.673089
2021-09-26 23:00:00.000 UTC,0.667697,0.662185,0.667697,0.666352
2021-09-26 22:00:00.000 UTC,0.675103,0.664943,0.666564,0.675103
2021-09-26 21:00:00.000 UTC,0.667528,0.665736,0.667528,0.666252
2021-09-26 20:00:00.000 UTC,0.670114,0.66425,0.66425,0.66762
2021-09-26 19:00:00.000 UTC,0.666199,0.662465,0.66378,0.665095
2021-09-26 18:00:00.000 UTC,0.6662,0.663401,0.663401,0.664231
2021-09-26 17:00:00.000 UTC,0.666759,0.663034,0.663034,0.663459
2021-09-26 16:00:00.000 UTC,0.669503,0.663835,0.667051,0.663835
2021-09-26 15:00:00.000 UTC,0.668972,0.66605,0.66783,0.668388
2021-09-26 14:00:00.000 UTC,0.665726,0.660814,0.66373,0.665726
2021-09-26 13:00:00.000 UTC,0.670999,0.662666,0.670283,0.663173
2021-09-26 12:00:00.000 UTC,0.672223,0.664877,0.664877,0.668296
2021-09-26 11:00:00.000 UTC,0.66706,0.662714,0.663854,0.665797
2021-09-26 10:00:00.000 UTC,0.675476,0.659485,0.668687,0.663333
2021-09-26 09:00:00.000 UTC,0.677245,0.63577,0.635821,0.677245
2021-09-26 08:00:00.000 UTC,0.648585,0.629956,0.630774,0.631984
2021-09-26 07:00:00.000 UTC,0.675023,0.633079,0.675023,0.639334
2021-09-26 06:00:00.000 UTC,0.683798,0.667596,0.683798,0.678079
2021-09-26 05:00:00.000 UTC,0.691983,0.64921,0.64921,0.676188
2021-09-26 04:00:00.000 UTC,0.656001,0.647194,0.651456,0.647194
2021-09-26 03:00:00.000 UTC,0.658644,0.648398,0.658644,0.651899
2021-09-26 02:00:00.000 UTC,0.66195,0.647615,0.66195,0.651173
2021-09-26 01:00:00.000 UTC,0.667085,0.650494,0.655749,0.650494
2021-09-26 00:00:00.000 UTC,0.672739,0.659232,0.666443,0.666438
2021-09-25 23:00:00.000 UTC,0.668396,0.6639,0.668293,0.668396
2021-09-25 22:00:00.000 UTC,0.669983,0.665801,0.665915,0.669705
2021-09-25 21:00:00.000 UTC,0.672132,0.660569,0.667681,0.664325
2021-09-25 20:00:00.000 UTC,0.677281,0.6643,0.670912,0.668047
2021-09-25 19:00:00.000 UTC,0.671145,0.662878,0.66477,0.671145
2021-09-25 18:00:00.000 UTC,0.67392,0.662544,0.666752,0.6647
2021-09-25 17:00:00.000 UTC,0.669693,0.66568,0.667188,0.666539
2021-09-25 16:00:00.000 UTC,0.669296,0.663537,0.669296,0.666971
2021-09-25 15:00:00.000 UTC,0.674753,0.66208,0.674753,0.669972
2021-09-25 14:00:00.000 UTC,0.686943,0.664296,0.686943,0.665901
2021-09-25 13:00:00.000 UTC,0.688766,0.679668,0.683442,0.688766
2021-09-25 12:00:00.000 UTC,0.688845,0.682397,0.685029,0.682397
2021-09-25 11:00:00.000 UTC,0.69151,0.681889,0.69151,0.684498
2021-09-25 10:00:00.000 UTC,0.700288,0.674973,0.674973,0.693342
2021-09-25 09:00:00.000 UTC,0.680253,0.663227,0.663227,0.675644
2021-09-25 08:00:00.000 UTC,0.677066,0.651932,0.677066,0.658912
2021-09-25 07:00:00.000 UTC,0.68902,0.67581,0.681769,0.677738
2021-09-25 06:00:00.000 UTC,0.688682,0.677435,0.683009,0.681748
2021-09-25 05:00:00.000 UTC,0.689815,0.677629,0.689063,0.685786
2021-09-25 04:00:00.000 UTC,0.690479,0.682514,0.682514,0.689332
2021-09-25 03:00:00.000 UTC,0.683727,0.678921,0.681578,0.682363
2021-09-25 02:00:00.000 UTC,0.690115,0.679093,0.682566,0.679093
2021-09-25 01:00:00.000 UTC,0.690157,0.674845,0.688865,0.682469
2021-09-25 00:00:00.000 UTC,0.698182,0.679763,0.679763,0.686438
2021-09-24 23:00:00.000 UTC,0.692082,0.678949,0.687491,0.679849
2021-09-24 22:00:00.000 UTC,0.693351,0.682718,0.68989,0.687278
2021-09-24 21:00:00.000 UTC,0.702371,0.688591,0.698612,0.702371
2021-09-24 20:00:00.000 UTC,0.698928,0.672483,0.673347,0.698589
2021-09-24 19:00:00.000 UTC,0.678791,0.668572,0.67023,0.676862
2021-09-24 18:00:00.000 UTC,0.670565,0.663535,0.663535,0.670506
2021-09-24 17:00:00.000 UTC,0.682909,0.664911,0.672452,0.664911
2021-09-24 16:00:00.000 UTC,0.67267,0.666057,0.666057,0.67267
2021-09-24 15:00:00.000 UTC,0.686107,0.665298,0.67923,0.665298
2021-09-24 14:00:00.000 UTC,0.682643,0.662286,0.662286,0.681016
2021-09-24 13:00:00.000 UTC,0.658594,0.642931,0.648476,0.658594
2021-09-24 12:00:00.000 UTC,0.65741,0.647668,0.65741,0.651915
2021-09-24 11:00:00.000 UTC,0.666399,0.643614,0.652423,0.654703
2021-09-24 10:00:00.000 UTC,0.675398,0.649724,0.666921,0.651051
2021-09-24 09:00:00.000 UTC,0.72509,0.664415,0.72509,0.676363
2021-09-24 08:00:00.000 UTC,0.740166,0.722813,0.722813,0.729863
2021-09-24 07:00:00.000 UTC,0.729616,0.712227,0.721079,0.722204
2021-09-24 06:00:00.000 UTC,0.728577,0.708986,0.708986,0.713984
2021-09-24 05:00:00.000 UTC,0.725568,0.70618,0.725568,0.70618
2021-09-24 04:00:00.000 UTC,0.731501,0.714432,0.73029,0.727868
2021-09-24 03:00:00.000 UTC,0.731325,0.722519,0.730002,0.731325
2021-09-24 02:00:00.000 UTC,0.740518,0.722395,0.730486,0.729392
2021-09-24 01:00:00.000 UTC,0.744837,0.730124,0.733114,0.73219
2021-09-24 00:00:00.000 UTC,0.756685,0.732991,0.732991,0.744775
2021-09-23 23:00:00.000 UTC,0.745579,0.728554,0.745579,0.732998
2021-09-23 22:00:00.000 UTC,0.745969,0.729471,0.73422,0.744504
2021-09-23 21:00:00.000 UTC,0.754108,0.731848,0.754108,0.733378
2021-09-23 20:00:00.000 UTC,0.75001,0.728301,0.729152,0.737614
2021-09-23 19:00:00.000 UTC,0.732981,0.729519,0.731877,0.729519
2021-09-23 18:00:00.000 UTC,0.733939,0.727677,0.733939,0.731746
2021-09-23 17:00:00.000 UTC,0.733159,0.721471,0.721471,0.733159
2021-09-23 16:00:00.000 UTC,0.729267,0.715791,0.725655,0.722138
2021-09-23 15:00:00.000 UTC,0.748447,0.726454,0.729244,0.726454
2021-09-23 14:00:00.000 UTC,0.749979,0.721725,0.723617,0.729746
2021-09-23 13:00:00.000 UTC,0.731527,0.706217,0.706217,0.720747
2021-09-23 12:00:00.000 UTC,0.719747,0.700794,0.713199,0.707892
2021-09-23 11:00:00.000 UTC,0.715413,0.703299,0.711363,0.709259
2021-09-23 10:00:00.000 UTC,0.724455,0.704616,0.724455,0.709577
2021-09-23 09:00:00.000 UTC,0.737981,0.714447,0.718333,0.724327
2021-09-23 08:00:00.000 UTC,0.73305,0.718578,0.731247,0.718578
2021-09-23 07:00:00.000 UTC,0.73361,0.727059,0.730483,0.730586
2021-09-23 06:00:00.000 UTC,0.728266,0.721469,0.728038,0.727762
2021-09-23 05:00:00.000 UTC,0.7462,0.721728,0.7462,0.726522
2021-09-23 04:00:00.000 UTC,0.748536,0.732728,0.739546,0.732728
2021-09-23 03:00:00.000 UTC,0.740912,0.736417,0.737683,0.740845
2021-09-23 02:00:00.000 UTC,0.756668,0.733155,0.733155,0.738752
2021-09-23 01:00:00.000 UTC,0.759227,0.716289,0.717623,0.733573
2021-09-23 00:00:00.000 UTC,0.728844,0.693745,0.695781,0.722335
2021-09-22 23:00:00.000 UTC,0.702385,0.692877,0.693981,0.69507
2021-09-22 22:00:00.000 UTC,0.694047,0.686921,0.692164,0.692397
2021-09-22 21:00:00.000 UTC,0.693278,0.685405,0.68639,0.691051
2021-09-22 20:00:00.000 UTC,0.702168,0.681926,0.68262,0.686269
2021-09-22 19:00:00.000 UTC,0.686959,0.67406,0.675366,0.686959
2021-09-22 18:00:00.000 UTC,0.699462,0.671683,0.671683,0.678288
2021-09-22 17:00:00.000 UTC,0.676938,0.6677,0.675598,0.671338
2021-09-22 16:00:00.000 UTC,0.675366,0.669491,0.672964,0.674833
2021-09-22 15:00:00.000 UTC,0.672559,0.647252,0.647252,0.672559
2021-09-22 14:00:00.000 UTC,0.648529,0.644908,0.644908,0.646596
2021-09-22 13:00:00.000 UTC,0.658144,0.64058,0.640627,0.643091
2021-09-22 12:00:00.000 UTC,0.651692,0.629208,0.632149,0.651692
2021-09-22 11:00:00.000 UTC,0.646992,0.628511,0.644112,0.629642
2021-09-22 10:00:00.000 UTC,0.664259,0.641967,0.664259,0.641967
2021-09-22 09:00:00.000 UTC,0.658444,0.634637,0.637799,0.658444
2021-09-22 08:00:00.000 UTC,0.646361,0.639671,0.646361,0.640348
2021-09-22 07:00:00.000 UTC,0.658331,0.639217,0.641202,0.647214
2021-09-22 06:00:00.000 UTC,0.639147,0.62871,0.634343,0.639147
2021-09-22 05:00:00.000 UTC,0.637647,0.629432,0.629432,0.63387
2021-09-22 04:00:00.000 UTC,0.646889,0.628534,0.636862,0.629824
2021-09-22 03:00:00.000 UTC,0.644203,0.638263,0.642591,0.638263
2021-09-22 02:00:00.000 UTC,0.655482,0.642117,0.64853,0.646362
2021-09-22 01:00:00.000 UTC,0.658413,0.590371,0.590371,0.65072
2021-09-22 00:00:00.000 UTC,0.604895,0.585273,0.597205,0.5881
2021-09-21 23:00:00.000 UTC,0.613446,0.593988,0.599301,0.597419
2021-09-21 22:00:00.000 UTC,0.61377,0.60076,0.61377,0.60076
2021-09-21 21:00:00.000 UTC,0.614612,0.587805,0.596313,0.614612
2021-09-21 20:00:00.000 UTC,0.61695,0.595375,0.610877,0.597025
2021-09-21 19:00:00.000 UTC,0.629321,0.610491,0.62742,0.611012
2021-09-21 18:00:00.000 UTC,0.645015,0.618162,0.645015,0.627156
2021-09-21 17:00:00.000 UTC,0.679399,0.646239,0.679399,0.646239
2021-09-21 16:00:00.000 UTC,0.699436,0.665253,0.665502,0.680547
2021-09-21 15:00:00.000 UTC,0.669379,0.650908,0.650973,0.661895
2021-09-21 14:00:00.000 UTC,0.66188,0.648842,0.657307,0.648842
2021-09-21 13:00:00.000 UTC,0.669699,0.655182,0.669699,0.659353
2021-09-21 12:00:00.000 UTC,0.679075,0.659669,0.659669,0.678293
2021-09-21 11:00:00.000 UTC,0.666592,0.658665,0.661644,0.660914
2021-09-21 10:00:00.000 UTC,0.66854,0.654911,0.655587,0.66854
2021-09-21 09:00:00.000 UTC,0.663679,0.656081,0.663679,0.656081
2021-09-21 08:00:00.000 UTC,0.665243,0.656647,0.661738,0.664554
2021-09-21 07:00:00.000 UTC,0.660914,0.653587,0.658957,0.660914
2021-09-21 06:00:00.000 UTC,0.658988,0.644211,0.644211,0.655749
2021-09-21 05:00:00.000 UTC,0.648711,0.638128,0.640893,0.642327
2021-09-21 04:00:00.000 UTC,0.652211,0.638266,0.651603,0.641799
2021-09-21 03:00:00.000 UTC,0.661683,0.649697,0.657902,0.649697
2021-09-21 02:00:00.000 UTC,0.658461,0.651205,0.651205,0.656562
2021-09-21 01:00:00.000 UTC,0.654163,0.606931,0.606931,0.650964
2021-09-21 00:00:00.000 UTC,0.634351,0.603399,0.634351,0.60852
2021-09-20 23:00:00.000 UTC,0.642565,0.628798,0.640123,0.635885
2021-09-20 22:00:00.000 UTC,0.653327,0.641958,0.641958,0.653327
2021-09-20 21:00:00.000 UTC,0.6439,0.632725,0.632725,0.643394
2021-09-20 20:00:00.000 UTC,0.65204,0.631299,0.645654,0.631299
2021-09-20 19:00:00.000 UTC,0.655565,0.639855,0.655565,0.643365
2021-09-20 18:00:00.000 UTC,0.665956,0.641384,0.664338,0.641384
2021-09-20 17:00:00.000 UTC,0.664147,0.657825,0.661109,0.664147
2021-09-20 16:00:00.000 UTC,0.667945,0.656762,0.661673,0.661917
2021-09-20 15:00:00.000 UTC,0.663514,0.653591,0.656579,0.658696
2021-09-20 14:00:00.000 UTC,0.663968,0.655823,0.661988,0.655937
2021-09-20 13:00:00.000 UTC,0.659081,0.640468,0.642598,0.659081
2021-09-20 12:00:00.000 UTC,0.662984,0.627775,0.650233,0.641139
2021-09-20 11:00:00.000 UTC,0.680697,0.646434,0.680697,0.646434
2021-09-20 10:00:00.000 UTC,0.690135,0.682168,0.68906,0.683027
2021-09-20 09:00:00.000 UTC,0.69828,0.690367,0.695206,0.690367
2021-09-20 08:00:00.000 UTC,0.70878,0.6836,0.6836,0.694761
2021-09-20 07:00:00.000 UTC,0.706745,0.683646,0.702531,0.683646
2021-09-20 06:00:00.000 UTC,0.706482,0.698157,0.703614,0.698157
2021-09-20 05:00:00.000 UTC,0.706561,0.702308,0.70239,0.702536
2021-09-20 04:00:00.000 UTC,0.709537,0.698695,0.702294,0.702438
2021-09-20 03:00:00.000 UTC,0.710104,0.697272,0.706281,0.701924
2021-09-20 02:00:00.000 UTC,0.73791,0.718234,0.73582,0.718234
2021-09-20 01:00:00.000 UTC,0.735475,0.729534,0.729534,0.735475
2021-09-20 00:00:00.000 UTC,0.747457,0.72868,0.742667,0.72868
2021-09-19 23:00:00.000 UTC,0.743378,0.737605,0.738171,0.743057
2021-09-19 22:00:00.000 UTC,0.750244,0.738376,0.748621,0.738376
2021-09-19 21:00:00.000 UTC,0.751981,0.747376,0.75093,0.748124
2021-09-19 20:00:00.000 UTC,0.751665,0.745925,0.746587,0.750838
2021-09-19 19:00:00.000 UTC,0.753904,0.747995,0.752136,0.747995
2021-09-19 18:00:00.000 UTC,0.75189,0.749185,0.749349,0.750774
2021-09-19 17:00:00.000 UTC,0.753936,0.748536,0.752766,0.748786
2021-09-19 16:00:00.000 UTC,0.755695,0.752562,0.755695,0.752781
2021-09-19 15:00:00.000 UTC,0.75696,0.755485,0.756862,0.755771
2021-09-19 14:00:00.000 UTC,0.757951,0.75291,0.753218,0.757951
2021-09-19 13:00:00.000 UTC,0.753159,0.750021,0.750021,0.753159
2021-09-19 12:00:00.000 UTC,0.751824,0.74801,0.750995,0.748761
2021-09-19 11:00:00.000 UTC,0.772262,0.752381,0.767122,0.752381
2021-09-19 10:00:00.000 UTC,0.776561,0.767418,0.776264,0.767433
2021-09-19 09:00:00.000 UTC,0.778409,0.775518,0.778409,0.775842
2021-09-19 08:00:00.000 UTC,0.778466,0.772049,0.772049,0.778407
2021-09-19 07:00:00.000 UTC,0.776398,0.76907,0.76907,0.771536
2021-09-19 06:00:00.000 UTC,0.769099,0.767609,0.767609,0.768737
2021-09-19 05:00:00.000 UTC,0.773839,0.76597,0.772448,0.766852
2021-09-19 04:00:00.000 UTC,0.774694,0.765651,0.772034,0.771535
2021-09-19 03:00:00.000 UTC,0.775879,0.764778,0.767583,0.772792
2021-09-19 02:00:00.000 UTC,0.7697,0.766242,0.7697,0.769402
2021-09-19 01:00:00.000 UTC,0.775801,0.767599,0.775801,0.7696
2021-09-19 00:00:00.000 UTC,0.777918,0.770302,0.777918,0.776594
2021-09-18 23:00:00.000 UTC,0.776206,0.772871,0.772963,0.776206
2021-09-18 22:00:00.000 UTC,0.773818,0.769481,0.769481,0.771103
2021-09-18 21:00:00.000 UTC,0.770843,0.766032,0.768427,0.770843
2021-09-18 20:00:00.000 UTC,0.786771,0.76828,0.786771,0.768956
2021-09-18 19:00:00.000 UTC,0.786533,0.774735,0.775495,0.778138
2021-09-18 18:00:00.000 UTC,0.77711,0.773027,0.776483,0.774949
2021-09-18 17:00:00.000 UTC,0.776645,0.771272,0.772018,0.775734
2021-09-18 16:00:00.000 UTC,0.777406,0.772656,0.776621,0.772656
2021-09-18 15:00:00.000 UTC,0.781949,0.77544,0.778301,0.781949
2021-09-18 14:00:00.000 UTC,0.785308,0.776974,0.778079,0.777965
2021-09-18 13:00:00.000 UTC,0.785464,0.774248,0.781034,0.78501
2021-09-18 12:00:00.000 UTC,0.782364,0.773379,0.780687,0.780608
2021-09-18 11:00:00.000 UTC,0.786271,0.779409,0.781453,0.784077
2021-09-18 10:00:00.000 UTC,0.7885,0.778557,0.778557,0.781465
2021-09-18 09:00:00.000 UTC,0.78411,0.776773,0.780896,0.778343
2021-09-18 08:00:00.000 UTC,0.788309,0.7799,0.780035,0.7799
2021-09-18 07:00:00.000 UTC,0.781772,0.779174,0.779995,0.779174
2021-09-18 06:00:00.000 UTC,0.787032,0.777335,0.782405,0.780335
2021-09-18 05:00:00.000 UTC,0.788683,0.778687,0.78843,0.781967
2021-09-18 04:00:00.000 UTC,0.788899,0.775164,0.775164,0.788899
2021-09-18 03:00:00.000 UTC,0.774607,0.772017,0.773396,0.774607
2021-09-18 02:00:00.000 UTC,0.774027,0.771058,0.772528,0.774027
2021-09-18 01:00:00.000 UTC,0.773426,0.768324,0.768324,0.773426
2021-09-18 00:00:00.000 UTC,0.778066,0.761569,0.769538,0.766864
2021-09-17 23:00:00.000 UTC,0.769716,0.7627,0.7627,0.768041
2021-09-17 22:00:00.000 UTC,0.772164,0.765307,0.768516,0.765307
2021-09-17 21:00:00.000 UTC,0.771942,0.761463,0.76735,0.764971
2021-09-17 20:00:00.000 UTC,0.785146,0.76975,0.775781,0.770306
2021-09-17 19:00:00.000 UTC,0.775457,0.77158,0.771877,0.775346
2021-09-17 18:00:00.000 UTC,0.77914,0.767315,0.771539,0.772093
2021-09-17 17:00:00.000 UTC,0.783414,0.773068,0.777892,0.773068
2021-09-17 16:00:00.000 UTC,0.783551,0.774765,0.779875,0.778619
2021-09-17 15:00:00.000 UTC,0.781456,0.7758,0.778713,0.77836
2021-09-17 14:00:00.000 UTC,0.789652,0.774963,0.775271,0.776472
2021-09-17 13:00:00.000 UTC,0.779446,0.77353,0.77799,0.777873
2021-09-17 12:00:00.000 UTC,0.773873,0.761917,0.76769,0.771799
2021-09-17 11:00:00.000 UTC,0.773484,0.766124,0.769707,0.766124
2021-09-17 10:00:00.000 UTC,0.794053,0.773812,0.794053,0.775617
2021-09-17 09:00:00.000 UTC,0.805311,0.790913,0.805311,0.795058
2021-09-17 08:00:00.000 UTC,0.80665,0.796288,0.798181,0.80665
2021-09-17 07:00:00.000 UTC,0.807429,0.795087,0.806493,0.798999
2021-09-17 06:00:00.000 UTC,0.807351,0.797793,0.803808,0.807351
2021-09-17 05:00:00.000 UTC,0.807907,0.802164,0.804218,0.807907
2021-09-17 04:00:00.000 UTC,0.809555,0.799984,0.805552,0.807855
2021-09-17 03:00:00.000 UTC,0.810992,0.799061,0.802577,0.804601
2021-09-17 02:00:00.000 UTC,0.81925,0.805121,0.81925,0.805722
2021-09-17 01:00:00.000 UTC,0.81708,0.803784,0.807778,0.816712
2021-09-17 00:00:00.000 UTC,0.826368,0.81178,0.819685,0.81178
2021-09-16 23:00:00.000 UTC,0.834367,0.819983,0.822507,0.827482
2021-09-16 22:00:00.000 UTC,0.828029,0.805516,0.805516,0.811143
2021-09-16 21:00:00.000 UTC,0.807781,0.790283,0.790283,0.807781
2021-09-16 20:00:00.000 UTC,0.826078,0.800477,0.826078,0.800477
2021-09-16 19:00:00.000 UTC,0.832493,0.805624,0.813919,0.831983
2021-09-16 18:00:00.000 UTC,0.82191,0.807975,0.818822,0.813401
2021-09-16 17:00:00.000 UTC,0.837456,0.817329,0.832178,0.820645
2021-09-16 16:00:00.000 UTC,0.82757,0.800034,0.800034,0.827205
2021-09-16 15:00:00.000 UTC,0.799493,0.786584,0.793483,0.799493
2021-09-16 14:00:00.000 UTC,0.797595,0.786965,0.793,0.790253
2021-09-16 13:00:00.000 UTC,0.810427,0.794003,0.808086,0.794003
2021-09-16 12:00:00.000 UTC,0.809239,0.798168,0.803726,0.809239
2021-09-16 11:00:00.000 UTC,0.806587,0.802792,0.806587,0.803198
2021-09-16 10:00:00.000 UTC,0.810124,0.796706,0.803574,0.810124
2021-09-16 09:00:00.000 UTC,0.811824,0.798801,0.799597,0.804264
2021-09-16 08:00:00.000 UTC,0.810897,0.797211,0.810897,0.799265
2021-09-16 07:00:00.000 UTC,0.809719,0.799495,0.799495,0.809363
2021-09-16 06:00:00.000 UTC,0.804064,0.798878,0.802926,0.798878
2021-09-16 05:00:00.000 UTC,0.804902,0.800541,0.802732,0.803568
2021-09-16 04:00:00.000 UTC,0.802851,0.78359,0.78359,0.802851
2021-09-16 03:00:00.000 UTC,0.800439,0.782156,0.794532,0.789068
2021-09-16 02:00:00.000 UTC,0.802385,0.793819,0.799572,0.793819
2021-09-16 01:00:00.000 UTC,0.802088,0.79584,0.79584,0.799191
2021-09-16 00:00:00.000 UTC,0.812632,0.798985,0.812632,0.798985
2021-09-15 23:00:00.000 UTC,0.821363,0.805768,0.818123,0.811941
2021-09-15 22:00:00.000 UTC,0.818831,0.806533,0.813677,0.809552
2021-09-15 21:00:00.000 UTC,0.811972,0.784924,0.784924,0.805826
2021-09-15 20:00:00.000 UTC,0.797353,0.785411,0.796117,0.785889
2021-09-15 19:00:00.000 UTC,0.797306,0.785761,0.794677,0.788709
2021-09-15 18:00:00.000 UTC,0.794267,0.786639,0.794267,0.79417
2021-09-15 17:00:00.000 UTC,0.800602,0.794706,0.79566,0.794706
2021-09-15 16:00:00.000 UTC,0.807639,0.790268,0.790268,0.796629
2021-09-15 15:00:00.000 UTC,0.79788,0.783301,0.783493,0.789436
2021-09-15 14:00:00.000 UTC,0.790083,0.781238,0.785154,0.783422
2021-09-15 13:00:00.000 UTC,0.784483,0.777528,0.777528,0.784483
2021-09-15 12:00:00.000 UTC,0.795266,0.778871,0.781584,0.778871
2021-09-15 11:00:00.000 UTC,0.784783,0.777325,0.784783,0.780505
2021-09-15 10:00:00.000 UTC,0.793689,0.775234,0.775234,0.785818
2021-09-15 09:00:00.000 UTC,0.777947,0.775118,0.776635,0.77626
2021-09-15 08:00:00.000 UTC,0.778163,0.774549,0.775562,0.778163
2021-09-15 07:00:00.000 UTC,0.775487,0.769873,0.770289,0.774688
2021-09-15 06:00:00.000 UTC,0.778345,0.768074,0.771388,0.769437
2021-09-15 05:00:00.000 UTC,0.778349,0.769854,0.778349,0.771332
2021-09-15 04:00:00.000 UTC,0.785091,0.771558,0.771558,0.773552
2021-09-15 03:00:00.000 UTC,0.782825,0.771553,0.782825,0.771553
2021-09-15 02:00:00.000 UTC,0.783228,0.779599,0.782858,0.783228
2021-09-15 01:00:00.000 UTC,0.786912,0.778498,0.786533,0.78232
2021-09-15 00:00:00.000 UTC,0.793892,0.778718,0.789267,0.778718
2021-09-14 23:00:00.000 UTC,0.802197,0.781676,0.782733,0.78912
2021-09-14 22:00:00.000 UTC,0.780651,0.775696,0.776272,0.779562
2021-09-14 21:00:00.000 UTC,0.78522,0.770687,0.779218,0.775751
2021-09-14 20:00:00.000 UTC,0.791648,0.767222,0.767222,0.790617
2021-09-14 19:00:00.000 UTC,0.777279,0.764517,0.766754,0.767159
2021-09-14 18:00:00.000 UTC,0.780781,0.764338,0.771819,0.76622
2021-09-14 17:00:00.000 UTC,0.780134,0.770364,0.771672,0.771624
2021-09-14 16:00:00.000 UTC,0.78201,0.771036,0.772648,0.77132
2021-09-14 15:00:00.000 UTC,0.786666,0.772303,0.775015,0.772303
2021-09-14 14:00:00.000 UTC,0.779157,0.768374,0.771493,0.774621
2021-09-14 13:00:00.000 UTC,0.786056,0.76054,0.780758,0.786056
2021-09-14 12:00:00.000 UTC,0.779474,0.760581,0.77262,0.779474
2021-09-14 11:00:00.000 UTC,0.776385,0.760734,0.769297,0.760984
2021-09-14 10:00:00.000 UTC,0.775795,0.763428,0.763428,0.768645
2021-09-14 09:00:00.000 UTC,0.782294,0.762847,0.782294,0.762847
2021-09-14 08:00:00.000 UTC,0.786262,0.770133,0.770133,0.783035
2021-09-14 07:00:00.000 UTC,0.781511,0.76568,0.766966,0.779195
2021-09-14 06:00:00.000 UTC,0.777016,0.756697,0.757593,0.777016
2021-09-14 05:00:00.000 UTC,0.774849,0.757951,0.766802,0.758587
2021-09-14 04:00:00.000 UTC,0.779349,0.765408,0.77769,0.769813
2021-09-14 03:00:00.000 UTC,0.770927,0.759014,0.770927,0.76739
2021-09-14 02:00:00.000 UTC,0.77537,0.764581,0.77537,0.767443
2021-09-14 01:00:00.000 UTC,0.781772,0.764532,0.781772,0.773059
2021-09-14 00:00:00.000 UTC,0.780799,0.745878,0.745878,0.775647
2021-09-13 23:00:00.000 UTC,0.757065,0.746126,0.748002,0.747228
2021-09-13 22:00:00.000 UTC,0.760076,0.748197,0.751507,0.748197
2021-09-13 21:00:00.000 UTC,0.76551,0.749329,0.749329,0.751564
2021-09-13 20:00:00.000 UTC,0.748848,0.744885,0.744885,0.748848
2021-09-13 19:00:00.000 UTC,0.744871,0.742528,0.742528,0.743556
2021-09-13 18:00:00.000 UTC,0.744732,0.739341,0.739341,0.741669
2021-09-13 17:00:00.000 UTC,0.740982,0.736871,0.738579,0.74062
2021-09-13 16:00:00.000 UTC,0.752406,0.728181,0.731063,0.737646
2021-09-13 15:00:00.000 UTC,0.735238,0.724839,0.724964,0.730592
2021-09-13 14:00:00.000 UTC,0.760781,0.721284,0.760781,0.725925
2021-09-13 13:00:00.000 UTC,0.776154,0.739102,0.739102,0.770342
2021-09-13 12:00:00.000 UTC,0.752923,0.742226,0.742558,0.752923
2021-09-13 11:00:00.000 UTC,0.741846,0.734226,0.73939,0.739661
2021-09-13 10:00:00.000 UTC,0.743382,0.737577,0.739155,0.738524
2021-09-13 09:00:00.000 UTC,0.741901,0.734182,0.734182,0.739954
2021-09-13 08:00:00.000 UTC,0.747866,0.730293,0.743902,0.732317
2021-09-13 07:00:00.000 UTC,0.777625,0.743652,0.767836,0.743652
2021-09-13 06:00:00.000 UTC,0.769209,0.766841,0.768388,0.767306
2021-09-13 05:00:00.000 UTC,0.780971,0.764812,0.768017,0.769948
2021-09-13 04:00:00.000 UTC,0.781423,0.767222,0.773204,0.781423
2021-09-13 03:00:00.000 UTC,0.790237,0.775979,0.77747,0.790237
2021-09-13 02:00:00.000 UTC,0.798775,0.779997,0.786927,0.779997
2021-09-13 01:00:00.000 UTC,0.809332,0.786063,0.809249,0.787611
2021-09-13 00:00:00.000 UTC,0.813807,0.807064,0.811652,0.810757
2021-09-12 23:00:00.000 UTC,0.825921,0.805373,0.805373,0.811032
2021-09-12 22:00:00.000 UTC,0.814309,0.795131,0.795648,0.814309
2021-09-12 21:00:00.000 UTC,0.801157,0.787276,0.800235,0.794622
2021-09-12 20:00:00.000 UTC,0.817421,0.795147,0.817421,0.801563
2021-09-12 19:00:00.000 UTC,0.819292,0.806597,0.817914,0.81785
2021-09-12 18:00:00.000 UTC,0.818519,0.808511,0.808511,0.816792
2021-09-12 17:00:00.000 UTC,0.818882,0.807509,0.816628,0.808094
2021-09-12 16:00:00.000 UTC,0.819365,0.808048,0.808048,0.816001
2021-09-12 15:00:00.000 UTC,0.819296,0.806293,0.814957,0.808386
2021-09-12 14:00:00.000 UTC,0.83156,0.807691,0.83156,0.818587
2021-09-12 13:00:00.000 UTC,0.835437,0.821233,0.835437,0.830504
2021-09-12 12:00:00.000 UTC,0.835748,0.824425,0.827149,0.835748
2021-09-12 11:00:00.000 UTC,0.837901,0.823813,0.837901,0.826585
2021-09-12 10:00:00.000 UTC,0.840192,0.828418,0.836961,0.836568
2021-09-12 09:00:00.000 UTC,0.85412,0.826167,0.83082,0.834327
2021-09-12 08:00:00.000 UTC,0.832978,0.81569,0.81569,0.832774
2021-09-12 07:00:00.000 UTC,0.826009,0.811383,0.825292,0.820078
2021-09-12 06:00:00.000 UTC,0.841792,0.814813,0.831682,0.826432
2021-09-12 05:00:00.000 UTC,0.841586,0.819645,0.819645,0.833498
2021-09-12 04:00:00.000 UTC,0.843549,0.809471,0.809471,0.831896
2021-09-12 03:00:00.000 UTC,0.819642,0.795252,0.795309,0.819642
2021-09-12 02:00:00.000 UTC,0.796075,0.790974,0.790974,0.794088
2021-09-12 01:00:00.000 UTC,0.803498,0.782804,0.803498,0.78946
2021-09-12 00:00:00.000 UTC,0.806129,0.794964,0.797844,0.799885
2021-09-11 23:00:00.000 UTC,0.805921,0.790421,0.805478,0.792561
2021-09-11 22:00:00.000 UTC,0.807433,0.791275,0.802854,0.791275
2021-09-11 21:00:00.000 UTC,0.802068,0.797542,0.797542,0.801094
2021-09-11 20:00:00.000 UTC,0.806039,0.791787,0.794383,0.795436
2021-09-11 19:00:00.000 UTC,0.80782,0.794768,0.798848,0.795549
2021-09-11 18:00:00.000 UTC,0.800403,0.797426,0.797761,0.797426
2021-09-11 17:00:00.000 UTC,0.801576,0.797702,0.801576,0.799414
2021-09-11 16:00:00.000 UTC,0.810733,0.79985,0.803269,0.802054
2021-09-11 15:00:00.000 UTC,0.80569,0.800805,0.805282,0.801857
2021-09-11 14:00:00.000 UTC,0.810569,0.796109,0.805423,0.807851
2021-09-11 13:00:00.000 UTC,0.828329,0.802539,0.818765,0.803631
2021-09-11 12:00:00.000 UTC,0.79204,0.782349,0.785425,0.791192
2021-09-11 11:00:00.000 UTC,0.794537,0.784518,0.789752,0.786968
2021-09-11 10:00:00.000 UTC,0.790886,0.781413,0.781413,0.789122
2021-09-11 09:00:00.000 UTC,0.787107,0.770613,0.787107,0.780859
2021-09-11 08:00:00.000 UTC,0.78572,0.771677,0.773309,0.77329
2021-09-11 07:00:00.000 UTC,0.78528,0.769769,0.779137,0.770974
2021-09-11 06:00:00.000 UTC,0.789573,0.774903,0.775699,0.779665
2021-09-11 05:00:00.000 UTC,0.788725,0.767993,0.777124,0.774441
2021-09-11 04:00:00.000 UTC,0.786933,0.772797,0.786933,0.776716
2021-09-11 03:00:00.000 UTC,0.796382,0.776307,0.781956,0.789723
2021-09-11 02:00:00.000 UTC,0.793697,0.78348,0.788942,0.78348
2021-09-11 01:00:00.000 UTC,0.791906,0.783662,0.783662,0.78969
2021-09-11 00:00:00.000 UTC,0.782907,0.777079,0.77968,0.782907
2021-09-10 23:00:00.000 UTC,0.777822,0.763237,0.764508,0.777822
2021-09-10 22:00:00.000 UTC,0.784629,0.767465,0.770582,0.784629
2021-09-10 21:00:00.000 UTC,0.788092,0.769689,0.785892,0.769689
2021-09-10 20:00:00.000 UTC,0.807625,0.788031,0.799182,0.788035
2021-09-10 19:00:00.000 UTC,0.800835,0.797334,0.800835,0.799818
2021-09-10 18:00:00.000 UTC,0.799587,0.796858,0.797945,0.798481
2021-09-10 17:00:00.000 UTC,0.803242,0.778255,0.781468,0.796267
2021-09-10 16:00:00.000 UTC,0.784215,0.7793,0.783983,0.7793
2021-09-10 15:00:00.000 UTC,0.78376,0.761604,0.76966,0.78376
2021-09-10 14:00:00.000 UTC,0.810914,0.767956,0.796257,0.774671
2021-09-10 13:00:00.000 UTC,0.818093,0.797357,0.804855,0.79821
2021-09-10 12:00:00.000 UTC,0.821665,0.807953,0.812277,0.808596
2021-09-10 11:00:00.000 UTC,0.824283,0.806132,0.813709,0.807471
2021-09-10 10:00:00.000 UTC,0.81396,0.80879,0.80879,0.811845
2021-09-10 09:00:00.000 UTC,0.812583,0.798968,0.806323,0.806885
2021-09-10 08:00:00.000 UTC,0.832884,0.807309,0.812223,0.810884
2021-09-10 07:00:00.000 UTC,0.839645,0.813786,0.829597,0.830194
2021-09-10 06:00:00.000 UTC,0.846501,0.829866,0.838896,0.830174
2021-09-10 05:00:00.000 UTC,0.84474,0.829927,0.832157,0.835201
2021-09-10 04:00:00.000 UTC,0.851138,0.832729,0.835973,0.833257
2021-09-10 03:00:00.000 UTC,0.852005,0.832502,0.841199,0.834417
2021-09-10 02:00:00.000 UTC,0.869369,0.837058,0.842999,0.842315
2021-09-10 01:00:00.000 UTC,0.873,0.842317,0.868759,0.842317
2021-09-10 00:00:00.000 UTC,0.884368,0.866734,0.873722,0.871851
2021-09-09 23:00:00.000 UTC,0.889998,0.842492,0.842492,0.874141
2021-09-09 22:00:00.000 UTC,0.854196,0.834261,0.843265,0.840305
2021-09-09 21:00:00.000 UTC,0.839964,0.803661,0.803781,0.839161
2021-09-09 20:00:00.000 UTC,0.819276,0.804555,0.80847,0.804555
2021-09-09 19:00:00.000 UTC,0.829162,0.807058,0.829162,0.808621
2021-09-09 18:00:00.000 UTC,0.83401,0.813901,0.83401,0.813901
2021-09-09 17:00:00.000 UTC,0.842845,0.830557,0.842845,0.836645
2021-09-09 16:00:00.000 UTC,0.843365,0.822348,0.834867,0.834332
2021-09-09 15:00:00.000 UTC,0.833311,0.824417,0.830666,0.831606
2021-09-09 14:00:00.000 UTC,0.839567,0.828662,0.83348,0.836338
2021-09-09 13:00:00.000 UTC,0.839648,0.825488,0.825488,0.833595
2021-09-09 12:00:00.000 UTC,0.841239,0.802693,0.836813,0.822077
2021-09-09 11:00:00.000 UTC,0.837584,0.824768,0.824768,0.835773
2021-09-09 10:00:00.000 UTC,0.841852,0.823001,0.841852,0.82363
2021-09-09 09:00:00.000 UTC,0.853345,0.840634,0.853345,0.841124
2021-09-09 08:00:00.000 UTC,0.876063,0.833567,0.838156,0.854995
2021-09-09 07:00:00.000 UTC,0.841499,0.831682,0.839734,0.837755
2021-09-09 06:00:00.000 UTC,0.848538,0.834272,0.839335,0.839664
2021-09-09 05:00:00.000 UTC,0.852477,0.845111,0.850936,0.850826
2021-09-09 04:00:00.000 UTC,0.84141,0.826588,0.835866,0.84141
2021-09-09 03:00:00.000 UTC,0.84014,0.817955,0.825897,0.8341
2021-09-09 02:00:00.000 UTC,0.839473,0.789024,0.79155,0.830604
2021-09-09 01:00:00.000 UTC,0.814441,0.780068,0.814441,0.787175
2021-09-09 00:00:00.000 UTC,0.806655,0.784075,0.791853,0.79144
2021-09-08 23:00:00.000 UTC,0.826496,0.79743,0.819685,0.804612
2021-09-08 22:00:00.000 UTC,0.831507,0.784143,0.784143,0.827719
2021-09-08 21:00:00.000 UTC,0.801077,0.781801,0.784236,0.801077
2021-09-08 20:00:00.000 UTC,0.805082,0.781405,0.805082,0.781405
2021-09-08 19:00:00.000 UTC,0.805444,0.790244,0.795811,0.797749
2021-09-08 18:00:00.000 UTC,0.804335,0.794395,0.796942,0.79464
2021-09-08 17:00:00.000 UTC,0.801367,0.784058,0.801367,0.799653
2021-09-08 16:00:00.000 UTC,0.805802,0.776473,0.780286,0.804714
2021-09-08 15:00:00.000 UTC,0.788851,0.771614,0.771614,0.777753
2021-09-08 14:00:00.000 UTC,0.773098,0.763867,0.766699,0.766742
2021-09-08 13:00:00.000 UTC,0.780092,0.765336,0.776349,0.773505
2021-09-08 12:00:00.000 UTC,0.799043,0.77976,0.781699,0.77976
2021-09-08 11:00:00.000 UTC,0.7837,0.766265,0.770508,0.769136
2021-09-08 10:00:00.000 UTC,0.780116,0.762527,0.779575,0.780116
2021-09-08 09:00:00.000 UTC,0.78439,0.749112,0.754828,0.783643
2021-09-08 08:00:00.000 UTC,0.743861,0.701018,0.719948,0.743861
2021-09-08 07:00:00.000 UTC,0.738522,0.720642,0.722168,0.720642
2021-09-08 06:00:00.000 UTC,0.779169,0.716408,0.778413,0.718413
2021-09-08 05:00:00.000 UTC,0.805047,0.784764,0.787792,0.788562
2021-09-08 04:00:00.000 UTC,0.796255,0.775304,0.781121,0.79027
2021-09-08 03:00:00.000 UTC,0.813189,0.772483,0.813189,0.781961
2021-09-08 02:00:00.000 UTC,0.823406,0.800237,0.816596,0.800237
2021-09-08 01:00:00.000 UTC,0.827277,0.796596,0.827277,0.800887
2021-09-08 00:00:00.000 UTC,0.849546,0.751382,0.751382,0.849546
2021-09-07 23:00:00.000 UTC,0.753458,0.739085,0.749222,0.753458
2021-09-07 22:00:00.000 UTC,0.755457,0.724068,0.73441,0.754183
2021-09-07 21:00:00.000 UTC,0.748234,0.719083,0.746482,0.719083
2021-09-07 20:00:00.000 UTC,0.759398,0.738182,0.752126,0.746784
2021-09-07 19:00:00.000 UTC,0.766325,0.744269,0.748409,0.757839
2021-09-07 18:00:00.000 UTC,0.76248,0.736007,0.759725,0.761131
2021-09-07 17:00:00.000 UTC,0.792189,0.763222,0.792189,0.76712
2021-09-07 16:00:00.000 UTC,0.787484,0.744091,0.75954,0.787484
2021-09-07 15:00:00.000 UTC,0.792993,0.711321,0.792993,0.757354
2021-09-07 14:00:00.000 UTC,0.871343,0.824068,0.867025,0.83058
2021-09-07 13:00:00.000 UTC,0.8821,0.86783,0.881758,0.86783
2021-09-07 12:00:00.000 UTC,0.879433,0.867958,0.872524,0.879433
2021-09-07 11:00:00.000 UTC,0.883679,0.875083,0.879358,0.875083
2021-09-07 10:00:00.000 UTC,0.884006,0.865992,0.866022,0.884006
2021-09-07 09:00:00.000 UTC,0.886211,0.8664,0.875196,0.868748
2021-09-07 08:00:00.000 UTC,0.908789,0.867364,0.907476,0.875647
2021-09-07 07:00:00.000 UTC,0.920918,0.90632,0.919523,0.909457
2021-09-07 06:00:00.000 UTC,0.934552,0.92939,0.92939,0.929918
2021-09-07 05:00:00.000 UTC,0.936307,0.924633,0.936307,0.928108
2021-09-07 04:00:00.000 UTC,0.939087,0.933999,0.936146,0.934933
2021-09-07 03:00:00.000 UTC,0.94175,0.934089,0.938932,0.935706
2021-09-07 02:00:00.000 UTC,0.945335,0.938297,0.938297,0.940095
2021-09-07 01:00:00.000 UTC,0.950814,0.932302,0.945945,0.937985
2021-09-07 00:00:00.000 UTC,0.964755,0.946885,0.958805,0.948722
2021-09-06 23:00:00.000 UTC,0.956012,0.947689,0.956012,0.952265
2021-09-06 22:00:00.000 UTC,0.960227,0.955802,0.955802,0.956372
2021-09-06 21:00:00.000 UTC,0.956105,0.951024,0.951024,0.95499
2021-09-06 20:00:00.000 UTC,0.957883,0.950699,0.951041,0.955987
2021-09-06 19:00:00.000 UTC,0.957892,0.952947,0.952947,0.953562
2021-09-06 18:00:00.000 UTC,0.952444,0.946675,0.951232,0.952415
2021-09-06 17:00:00.000 UTC,0.950977,0.946658,0.947741,0.950742
2021-09-06 16:00:00.000 UTC,0.947904,0.942128,0.946237,0.946043
2021-09-06 15:00:00.000 UTC,0.948131,0.941922,0.944118,0.948131
2021-09-06 14:00:00.000 UTC,0.944939,0.940432,0.940432,0.943347
2021-09-06 13:00:00.000 UTC,0.939967,0.929053,0.934928,0.939967
2021-09-06 12:00:00.000 UTC,0.952039,0.925071,0.952039,0.934314
2021-09-06 11:00:00.000 UTC,0.976703,0.957007,0.972485,0.958942
2021-09-06 10:00:00.000 UTC,0.977674,0.972356,0.975574,0.972772
2021-09-06 09:00:00.000 UTC,0.978317,0.975212,0.978289,0.975676
2021-09-06 08:00:00.000 UTC,0.977662,0.972217,0.972217,0.976441
2021-09-06 07:00:00.000 UTC,0.982119,0.973854,0.982119,0.973854
2021-09-06 06:00:00.000 UTC,0.982761,0.977645,0.982724,0.980147
2021-09-06 05:00:00.000 UTC,0.982514,0.976289,0.978087,0.980398
2021-09-06 04:00:00.000 UTC,0.979138,0.974254,0.975674,0.97625
2021-09-06 03:00:00.000 UTC,0.978907,0.974023,0.974023,0.975349
2021-09-06 02:00:00.000 UTC,0.977854,0.966454,0.969312,0.973704
2021-09-06 01:00:00.000 UTC,0.973314,0.963471,0.973101,0.964917
2021-09-06 00:00:00.000 UTC,0.987949,0.965353,0.973968,0.979604
2021-09-05 23:00:00.000 UTC,0.976743,0.963045,0.976743,0.970019
2021-09-05 22:00:00.000 UTC,0.975909,0.971755,0.975909,0.973796
2021-09-05 21:00:00.000 UTC,0.973947,0.958931,0.961769,0.973228
2021-09-05 20:00:00.000 UTC,0.958708,0.953606,0.954471,0.958708
2021-09-05 19:00:00.000 UTC,0.961204,0.954414,0.957414,0.956961
2021-09-05 18:00:00.000 UTC,0.958027,0.955083,0.958027,0.957442
2021-09-05 17:00:00.000 UTC,0.961624,0.958461,0.960634,0.958584
2021-09-05 16:00:00.000 UTC,0.963679,0.953687,0.953687,0.960017
2021-09-05 15:00:00.000 UTC,0.973511,0.952334,0.971278,0.95481
2021-09-05 14:00:00.000 UTC,0.977975,0.973438,0.977975,0.976449
2021-09-05 13:00:00.000 UTC,0.983646,0.9781,0.979783,0.9781
2021-09-05 12:00:00.000 UTC,0.981829,0.977293,0.977503,0.977293
2021-09-05 11:00:00.000 UTC,0.977591,0.973831,0.97529,0.974661
2021-09-05 10:00:00.000 UTC,0.980796,0.97581,0.977592,0.97581
2021-09-05 09:00:00.000 UTC,0.980434,0.974617,0.980434,0.977501
2021-09-05 08:00:00.000 UTC,0.984414,0.977646,0.984414,0.977841
2021-09-05 07:00:00.000 UTC,0.98501,0.977838,0.980134,0.98501
2021-09-05 06:00:00.000 UTC,0.978291,0.972998,0.978291,0.978214
2021-09-05 05:00:00.000 UTC,0.982077,0.975356,0.982077,0.980316
2021-09-05 04:00:00.000 UTC,0.988205,0.976677,0.976677,0.982389
2021-09-05 03:00:00.000 UTC,0.978775,0.969083,0.976136,0.974298
2021-09-05 02:00:00.000 UTC,0.992303,0.974058,0.983225,0.974058
2021-09-05 01:00:00.000 UTC,0.998127,0.977913,0.990766,0.977913
2021-09-05 00:00:00.000 UTC,1.006335,0.98695,0.9965,0.987154
2021-09-04 23:00:00.000 UTC,1.004575,0.989005,1.004575,0.996167
2021-09-04 22:00:00.000 UTC,1.005336,1.000594,1.001077,1.005336
2021-09-04 21:00:00.000 UTC,1.003894,0.997468,0.998457,1.001472
2021-09-04 20:00:00.000 UTC,0.99715,0.991449,0.991449,0.99715
2021-09-04 19:00:00.000 UTC,0.991189,0.983968,0.989519,0.990441
2021-09-04 18:00:00.000 UTC,0.992993,0.985542,0.992216,0.990087
2021-09-04 17:00:00.000 UTC,0.999512,0.980408,0.999512,0.992151
2021-09-04 16:00:00.000 UTC,1.02489,1.003375,1.02489,1.003375
2021-09-04 15:00:00.000 UTC,1.037823,1.025607,1.032218,1.028589
2021-09-04 14:00:00.000 UTC,1.048466,1.028812,1.038224,1.028812
2021-09-04 13:00:00.000 UTC,1.049078,1.035245,1.048158,1.043551
2021-09-04 12:00:00.000 UTC,1.082228,1.050949,1.075665,1.053499
2021-09-04 11:00:00.000 UTC,1.081997,1.020965,1.020965,1.070184
2021-09-04 10:00:00.000 UTC,1.043948,1.009965,1.01821,1.043948
2021-09-04 09:00:00.000 UTC,1.013225,0.997548,0.998817,1.013225
2021-09-04 08:00:00.000 UTC,1.009188,0.999754,1.009188,1.004283
2021-09-04 07:00:00.000 UTC,1.014514,1.005678,1.01061,1.006985
2021-09-04 06:00:00.000 UTC,1.014339,1.010521,1.010973,1.013272
2021-09-04 05:00:00.000 UTC,1.02653,1.008969,1.009917,1.01067
2021-09-04 04:00:00.000 UTC,1.014797,1.010272,1.010272,1.01267
2021-09-04 03:00:00.000 UTC,1.027437,1.007046,1.007046,1.011292
2021-09-04 02:00:00.000 UTC,0.99361,0.980399,0.98859,0.99361
2021-09-04 01:00:00.000 UTC,0.996037,0.983747,0.996037,0.986377
2021-09-04 00:00:00.000 UTC,1.006267,0.985475,1.001732,1.005075
2021-09-03 23:00:00.000 UTC,0.99975,0.980669,0.982907,0.99975
2021-09-03 22:00:00.000 UTC,1.001755,0.982849,1.001755,0.982849
2021-09-03 21:00:00.000 UTC,1.000055,0.989742,0.989742,0.998105
2021-09-03 20:00:00.000 UTC,0.994179,0.986187,0.99246,0.992635
2021-09-03 19:00:00.000 UTC,0.99749,0.989979,0.989979,0.993094
2021-09-03 18:00:00.000 UTC,0.993007,0.987274,0.992356,0.988174
2021-09-03 17:00:00.000 UTC,0.993709,0.989974,0.989974,0.992666
2021-09-03 16:00:00.000 UTC,1.004813,0.98933,1.00403,0.990637
2021-09-03 15:00:00.000 UTC,1.003412,0.992805,0.992805,1.002555
2021-09-03 14:00:00.000 UTC,0.999107,0.987172,0.990058,0.991271
2021-09-03 13:00:00.000 UTC,0.990047,0.983275,0.986061,0.990047
2021-09-03 12:00:00.000 UTC,0.990541,0.979177,0.990541,0.985994
2021-09-03 11:00:00.000 UTC,0.988749,0.975187,0.979047,0.988749
2021-09-03 10:00:00.000 UTC,0.988313,0.983156,0.986285,0.983156
2021-09-03 09:00:00.000 UTC,0.991857,0.985556,0.988573,0.986738
2021-09-03 08:00:00.000 UTC,0.985355,0.976318,0.976318,0.985262
2021-09-03 07:00:00.000 UTC,0.983969,0.97527,0.97842,0.979468
2021-09-03 06:00:00.000 UTC,0.986864,0.978834,0.986864,0.980547
2021-09-03 05:00:00.000 UTC,1.000408,0.983734,0.99685,0.983734
2021-09-03 04:00:00.000 UTC,1.008168,0.99554,1.008168,1.004757
2021-09-03 03:00:00.000 UTC,1.008522,0.994804,1.002669,1.003768
2021-09-03 02:00:00.000 UTC,1.013862,0.977169,0.977169,1.007906
2021-09-03 01:00:00.000 UTC,0.976724,0.967111,0.967111,0.976724
2021-09-03 00:00:00.000 UTC,1.005809,0.966475,1.005809,0.969402
2021-09-02 23:00:00.000 UTC,1.004457,0.994975,1.004452,0.998827
2021-09-02 22:00:00.000 UTC,1.009352,0.995885,0.997937,1.005759
2021-09-02 21:00:00.000 UTC,0.995531,0.987761,0.987761,0.995531
2021-09-02 20:00:00.000 UTC,0.988564,0.982891,0.985539,0.986691
2021-09-02 19:00:00.000 UTC,0.986754,0.982837,0.983434,0.984641
2021-09-02 18:00:00.000 UTC,0.99008,0.983391,0.99008,0.985068
2021-09-02 17:00:00.000 UTC,0.988575,0.982689,0.982689,0.988575
2021-09-02 16:00:00.000 UTC,0.993803,0.983228,0.984804,0.983228
2021-09-02 15:00:00.000 UTC,0.990206,0.980218,0.98544,0.984117
2021-09-02 14:00:00.000 UTC,1.01218,0.985498,1.008857,0.989822
2021-09-02 13:00:00.000 UTC,1.016174,1.006036,1.01574,1.008547
2021-09-02 12:00:00.000 UTC,1.038497,1.015125,1.038497,1.015125
2021-09-02 11:00:00.000 UTC,1.039228,1.018339,1.018339,1.031937
2021-09-02 10:00:00.000 UTC,1.025378,1.011275,1.011275,1.018293
2021-09-02 09:00:00.000 UTC,1.011853,1.004152,1.011724,1.011318
2021-09-02 08:00:00.000 UTC,1.014703,1.010259,1.010259,1.011779
2021-09-02 07:00:00.000 UTC,1.022426,1.009555,1.012872,1.009555
2021-09-02 06:00:00.000 UTC,1.026731,1.010251,1.026731,1.010433
2021-09-02 05:00:00.000 UTC,1.027821,1.015541,1.020309,1.026294
2021-09-02 04:00:00.000 UTC,1.024241,1.003269,1.011353,1.017172
2021-09-02 03:00:00.000 UTC,1.015754,1.003222,1.003222,1.008418
2021-09-02 02:00:00.000 UTC,1.014762,1.002653,1.014762,1.006451
2021-09-02 01:00:00.000 UTC,1.040264,1.01631,1.032604,1.01961
2021-09-02 00:00:00.000 UTC,1.046642,1.005665,1.005665,1.035332
2021-09-01 23:00:00.000 UTC,1.013764,1.001743,1.003854,1.006328
2021-09-01 22:00:00.000 UTC,1.00861,0.99046,0.99145,1.00861
2021-09-01 21:00:00.000 UTC,0.992801,0.979771,0.979771,0.991179
2021-09-01 20:00:00.000 UTC,0.994489,0.980901,0.991343,0.980901
2021-09-01 19:00:00.000 UTC,0.992041,0.981629,0.992041,0.98906
2021-09-01 18:00:00.000 UTC,0.998801,0.992724,0.995694,0.994093
2021-09-01 17:00:00.000 UTC,1.002759,0.994592,1.001501,1.00213
2021-09-01 16:00:00.000 UTC,1.002407,0.987529,0.994439,1.002407
2021-09-01 15:00:00.000 UTC,0.993497,0.98523,0.98523,0.993198
2021-09-01 14:00:00.000 UTC,0.999113,0.983087,0.987294,0.983087
2021-09-01 13:00:00.000 UTC,0.996764,0.989374,0.993597,0.991116
2021-09-01 12:00:00.000 UTC,1.022819,0.991337,1.022819,0.991337
2021-09-01 11:00:00.000 UTC,1.01151,0.994623,0.994623,1.01151
2021-09-01 10:00:00.000 UTC,1.017063,0.996267,1.00995,0.996267
2021-09-01 09:00:00.000 UTC,1.04854,1.012772,1.04854,1.0165
2021-09-01 08:00:00.000 UTC,1.064677,1.046029,1.049805,1.048846
2021-09-01 07:00:00.000 UTC,1.06483,1.039201,1.057761,1.045952
2021-09-01 06:00:00.000 UTC,1.096571,1.053044,1.096571,1.064799
2021-09-01 05:00:00.000 UTC,1.11054,1.076307,1.105866,1.098106
2021-09-01 04:00:00.000 UTC,1.129228,1.097075,1.097075,1.10827
2021-09-01 03:00:00.000 UTC,1.107256,1.062287,1.062287,1.090362
2021-09-01 02:00:00.000 UTC,1.078926,1.008574,1.013967,1.078926
2021-09-01 01:00:00.000 UTC,1.046019,1.001165,1.033273,1.018759
2021-09-01 00:00:00.000 UTC,1.016575,0.941172,0.956875,1.009041
2021-08-31 23:00:00.000 UTC,0.964066,0.946711,0.947395,0.957318
2021-08-31 22:00:00.000 UTC,0.972095,0.920669,0.921274,0.953768
2021-08-31 21:00:00.000 UTC,0.923113,0.907086,0.911718,0.922393
2021-08-31 20:00:00.000 UTC,0.924111,0.91106,0.924111,0.913829
2021-08-31 19:00:00.000 UTC,0.923458,0.913869,0.923458,0.917393
2021-08-31 18:00:00.000 UTC,0.925198,0.916013,0.916717,0.92229
2021-08-31 17:00:00.000 UTC,0.93032,0.913206,0.926211,0.916432
2021-08-31 16:00:00.000 UTC,0.928593,0.913958,0.928593,0.923009
2021-08-31 15:00:00.000 UTC,0.931545,0.918061,0.923777,0.931117
2021-08-31 14:00:00.000 UTC,0.967976,0.925926,0.964448,0.925926
2021-08-31 13:00:00.000 UTC,0.964231,0.949937,0.959153,0.964231
2021-08-31 12:00:00.000 UTC,0.962687,0.949214,0.962687,0.95921
2021-08-31 11:00:00.000 UTC,0.973514,0.9634,0.96902,0.9634
2021-08-31 10:00:00.000 UTC,0.975512,0.962358,0.975512,0.974228
2021-08-31 09:00:00.000 UTC,0.978382,0.964365,0.972367,0.971796
2021-08-31 08:00:00.000 UTC,0.9888,0.977324,0.977521,0.977897
2021-08-31 07:00:00.000 UTC,0.98329,0.957667,0.962648,0.982684
2021-08-31 06:00:00.000 UTC,0.991481,0.967422,0.983237,0.967422
2021-08-31 05:00:00.000 UTC,0.989176,0.973645,0.973645,0.981379
2021-08-31 04:00:00.000 UTC,1.000987,0.975568,0.977638,0.976161
2021-08-31 03:00:00.000 UTC,0.976095,0.961499,0.961499,0.975578
2021-08-31 02:00:00.000 UTC,0.964687,0.952623,0.964687,0.961709
2021-08-31 01:00:00.000 UTC,0.978792,0.957195,0.963613,0.964791
2021-08-31 00:00:00.000 UTC,1.008839,0.956647,0.984987,0.965725
2021-08-30 23:00:00.000 UTC,1.013626,0.974962,1.013626,0.981008
2021-08-30 22:00:00.000 UTC,1.036314,1.011746,1.036314,1.014822
2021-08-30 21:00:00.000 UTC,1.046515,1.030094,1.038994,1.036127
2021-08-30 20:00:00.000 UTC,1.040508,1.032262,1.040508,1.038823
2021-08-30 19:00:00.000 UTC,1.058069,1.038374,1.045917,1.040305
2021-08-30 18:00:00.000 UTC,1.052686,1.026747,1.029803,1.052686
2021-08-30 17:00:00.000 UTC,1.03278,1.017657,1.021279,1.031513
2021-08-30 16:00:00.000 UTC,1.049391,1.026672,1.035674,1.026672
2021-08-30 15:00:00.000 UTC,1.046088,1.017293,1.021051,1.041692
2021-08-30 14:00:00.000 UTC,1.052475,1.019489,1.041521,1.019489
2021-08-30 13:00:00.000 UTC,1.052919,1.016131,1.030885,1.043389
2021-08-30 12:00:00.000 UTC,1.037292,1.020465,1.036088,1.033318
2021-08-30 11:00:00.000 UTC,1.048244,1.030519,1.043468,1.034381
2021-08-30 10:00:00.000 UTC,1.05714,1.035479,1.05262,1.049234
2021-08-30 09:00:00.000 UTC,1.093931,1.058352,1.093931,1.058352
2021-08-30 08:00:00.000 UTC,1.113489,1.071946,1.095023,1.105278
2021-08-30 07:00:00.000 UTC,1.099383,1.068586,1.081626,1.078085
2021-08-30 06:00:00.000 UTC,1.095794,1.061724,1.0763,1.087289
2021-08-30 05:00:00.000 UTC,1.108569,1.0669,1.091679,1.068149
2021-08-30 04:00:00.000 UTC,1.116254,1.082019,1.116254,1.089822
2021-08-30 03:00:00.000 UTC,1.143394,1.104956,1.143394,1.108159
2021-08-30 02:00:00.000 UTC,1.154685,1.132179,1.141789,1.147175
2021-08-30 01:00:00.000 UTC,1.192158,1.134224,1.160282,1.137399
2021-08-30 00:00:00.000 UTC,1.185011,1.006191,1.006191,1.180444
2021-08-29 23:00:00.000 UTC,1.001037,0.982528,0.982528,0.993331
2021-08-29 22:00:00.000 UTC,1.021583,0.982292,1.021583,0.982292
2021-08-29 21:00:00.000 UTC,1.02783,1.008245,1.017222,1.02023
2021-08-29 20:00:00.000 UTC,1.035262,1.012842,1.012842,1.021343
2021-08-29 19:00:00.000 UTC,1.011963,0.995361,0.99603,1.009212
2021-08-29 18:00:00.000 UTC,1.012008,0.991954,1.004049,0.992176
2021-08-29 17:00:00.000 UTC,1.038077,1.008625,1.038077,1.008625
2021-08-29 16:00:00.000 UTC,1.034765,0.969338,0.993367,1.034765
2021-08-29 15:00:00.000 UTC,1.001424,0.970945,0.970945,0.997622
2021-08-29 14:00:00.000 UTC,0.998751,0.968557,0.997841,0.968557
2021-08-29 13:00:00.000 UTC,1.019505,0.990586,1.014716,1.013681
2021-08-29 12:00:00.000 UTC,1.02583,0.942368,0.942368,1.015952
2021-08-29 11:00:00.000 UTC,0.96157,0.937985,0.959343,0.955567
2021-08-29 10:00:00.000 UTC,0.982796,0.946489,0.982796,0.955962
2021-08-29 09:00:00.000 UTC,0.991117,0.913036,0.913415,0.981884
2021-08-29 08:00:00.000 UTC,0.929426,0.900538,0.91824,0.912073
2021-08-29 07:00:00.000 UTC,0.918156,0.906503,0.915176,0.918156
2021-08-29 06:00:00.000 UTC,0.942066,0.905856,0.912627,0.920298
2021-08-29 05:00:00.000 UTC,0.958355,0.862745,0.873028,0.923981
2021-08-29 04:00:00.000 UTC,0.897726,0.773421,0.773421,0.878316
2021-08-29 03:00:00.000 UTC,0.789274,0.766581,0.782599,0.775636
2021-08-29 02:00:00.000 UTC,0.805738,0.751705,0.753909,0.786151
2021-08-29 01:00:00.000 UTC,0.755691,0.748807,0.754629,0.755691
2021-08-29 00:00:00.000 UTC,0.764079,0.744382,0.764079,0.750922
2021-08-28 23:00:00.000 UTC,0.766365,0.761755,0.762173,0.764747
2021-08-28 22:00:00.000 UTC,0.774814,0.76281,0.774814,0.764348
2021-08-28 21:00:00.000 UTC,0.778941,0.769799,0.769799,0.777728
2021-08-28 20:00:00.000 UTC,0.772637,0.763021,0.766448,0.769887
2021-08-28 19:00:00.000 UTC,0.76936,0.758658,0.76936,0.76589
2021-08-28 18:00:00.000 UTC,0.772235,0.767459,0.771514,0.771156
2021-08-28 17:00:00.000 UTC,0.776316,0.771926,0.77592,0.773477
2021-08-28 16:00:00.000 UTC,0.784604,0.774206,0.782661,0.776151
2021-08-28 15:00:00.000 UTC,0.784076,0.774121,0.777919,0.78042
2021-08-28 14:00:00.000 UTC,0.792592,0.769706,0.792592,0.774814
2021-08-28 13:00:00.000 UTC,0.808662,0.79271,0.807956,0.792752
2021-08-28 12:00:00.000 UTC,0.813753,0.792435,0.795504,0.813753
2021-08-28 11:00:00.000 UTC,0.798564,0.78949,0.798564,0.79221
2021-08-28 10:00:00.000 UTC,0.809758,0.800738,0.801722,0.800738
2021-08-28 09:00:00.000 UTC,0.812769,0.769597,0.769597,0.807849
2021-08-28 08:00:00.000 UTC,0.78512,0.767325,0.769311,0.768966
2021-08-28 07:00:00.000 UTC,0.775519,0.765203,0.772756,0.76918
2021-08-28 06:00:00.000 UTC,0.778039,0.765659,0.771979,0.773133
2021-08-28 05:00:00.000 UTC,0.78501,0.76731,0.78501,0.767992
2021-08-28 04:00:00.000 UTC,0.789321,0.761349,0.761349,0.786832
2021-08-28 03:00:00.000 UTC,0.769804,0.758013,0.765534,0.763475
2021-08-28 02:00:00.000 UTC,0.78077,0.734929,0.738711,0.766219
2021-08-28 01:00:00.000 UTC,0.75105,0.699343,0.709796,0.750097
2021-08-28 00:00:00.000 UTC,0.713472,0.696761,0.710542,0.709766
2021-08-27 23:00:00.000 UTC,0.714968,0.707317,0.713585,0.710289
2021-08-27 22:00:00.000 UTC,0.717803,0.704476,0.714442,0.711665
2021-08-27 21:00:00.000 UTC,0.714185,0.697723,0.697723,0.714185
2021-08-27 20:00:00.000 UTC,0.70009,0.688746,0.691054,0.695758
2021-08-27 19:00:00.000 UTC,0.694904,0.689575,0.69343,0.691099
2021-08-27 18:00:00.000 UTC,0.694065,0.686001,0.687081,0.692566
2021-08-27 17:00:00.000 UTC,0.693229,0.688529,0.690805,0.689673
2021-08-27 16:00:00.000 UTC,0.697045,0.686363,0.69049,0.690599
2021-08-27 15:00:00.000 UTC,0.705546,0.69181,0.697247,0.692244
2021-08-27 14:00:00.000 UTC,0.695172,0.67279,0.67279,0.694923
2021-08-27 13:00:00.000 UTC,0.682193,0.6697,0.682193,0.673515
2021-08-27 12:00:00.000 UTC,0.688674,0.679914,0.688674,0.68143
2021-08-27 11:00:00.000 UTC,0.697127,0.680828,0.681168,0.689893
2021-08-27 10:00:00.000 UTC,0.682283,0.672648,0.672648,0.682283
2021-08-27 09:00:00.000 UTC,0.676945,0.670652,0.675456,0.672683
2021-08-27 08:00:00.000 UTC,0.690905,0.677444,0.690905,0.677444
2021-08-27 07:00:00.000 UTC,0.689906,0.675673,0.689906,0.683965
2021-08-27 06:00:00.000 UTC,0.682958,0.661528,0.661528,0.682958
2021-08-27 05:00:00.000 UTC,0.665001,0.656502,0.656502,0.660147
2021-08-27 04:00:00.000 UTC,0.658925,0.649536,0.657045,0.655306
2021-08-27 03:00:00.000 UTC,0.668593,0.653782,0.668593,0.653782
2021-08-27 02:00:00.000 UTC,0.681142,0.673511,0.674526,0.673511
2021-08-27 01:00:00.000 UTC,0.690222,0.672086,0.672086,0.673913
2021-08-27 00:00:00.000 UTC,0.683631,0.658127,0.681673,0.669886
2021-08-26 23:00:00.000 UTC,0.694848,0.682692,0.693721,0.682692
2021-08-26 22:00:00.000 UTC,0.707007,0.695227,0.700542,0.695227
2021-08-26 21:00:00.000 UTC,0.704864,0.696536,0.696536,0.704025
2021-08-26 20:00:00.000 UTC,0.697658,0.690196,0.697026,0.694514
2021-08-26 19:00:00.000 UTC,0.702996,0.689315,0.702996,0.697473
2021-08-26 18:00:00.000 UTC,0.710187,0.692287,0.710187,0.705048
2021-08-26 17:00:00.000 UTC,0.712951,0.705893,0.706922,0.709314
2021-08-26 16:00:00.000 UTC,0.726849,0.705068,0.72406,0.708065
2021-08-26 15:00:00.000 UTC,0.731289,0.719581,0.729432,0.719581
2021-08-26 14:00:00.000 UTC,0.756792,0.733437,0.752917,0.733437
2021-08-26 13:00:00.000 UTC,0.754871,0.739875,0.741961,0.753402
2021-08-26 12:00:00.000 UTC,0.748763,0.725636,0.73584,0.73536
2021-08-26 11:00:00.000 UTC,0.773109,0.747181,0.76592,0.747181
2021-08-26 10:00:00.000 UTC,0.774297,0.758437,0.771265,0.758437
2021-08-26 09:00:00.000 UTC,0.806573,0.787753,0.791047,0.787753
2021-08-26 08:00:00.000 UTC,0.80331,0.78027,0.795096,0.797839
2021-08-26 07:00:00.000 UTC,0.813823,0.798122,0.810464,0.807145
2021-08-26 06:00:00.000 UTC,0.860994,0.812752,0.826879,0.812752
2021-08-26 05:00:00.000 UTC,0.807765,0.774219,0.790037,0.791507
2021-08-26 04:00:00.000 UTC,0.779104,0.765773,0.771244,0.777768
2021-08-26 03:00:00.000 UTC,0.784612,0.761589,0.784612,0.774877
2021-08-26 02:00:00.000 UTC,0.79976,0.775153,0.791347,0.782346
2021-08-26 01:00:00.000 UTC,0.81171,0.757868,0.76156,0.794131
2021-08-26 00:00:00.000 UTC,0.793051,0.740287,0.740287,0.756573
2021-08-25 23:00:00.000 UTC,0.7358,0.724364,0.725957,0.732079
2021-08-25 22:00:00.000 UTC,0.746518,0.713543,0.716532,0.730513
2021-08-25 21:00:00.000 UTC,0.707496,0.681793,0.68425,0.707496
2021-08-25 20:00:00.000 UTC,0.682458,0.670124,0.670124,0.679716
2021-08-25 19:00:00.000 UTC,0.677905,0.667505,0.677905,0.667505
2021-08-25 18:00:00.000 UTC,0.678368,0.672022,0.672022,0.675009
2021-08-25 17:00:00.000 UTC,0.677816,0.672415,0.677162,0.672415
2021-08-25 16:00:00.000 UTC,0.700239,0.67677,0.682292,0.680993
2021-08-25 15:00:00.000 UTC,0.690831,0.674187,0.674823,0.680733
2021-08-25 14:00:00.000 UTC,0.680883,0.659384,0.671771,0.68037
2021-08-25 13:00:00.000 UTC,0.691427,0.646404,0.646404,0.674736
2021-08-25 12:00:00.000 UTC,0.65278,0.626935,0.627776,0.648992
2021-08-25 11:00:00.000 UTC,0.635464,0.616912,0.627991,0.629122
2021-08-25 10:00:00.000 UTC,0.631342,0.595806,0.597586,0.627379
2021-08-25 09:00:00.000 UTC,0.605119,0.592734,0.594893,0.59721
2021-08-25 08:00:00.000 UTC,0.62059,0.599274,0.62059,0.599274
2021-08-25 07:00:00.000 UTC,0.630512,0.619708,0.628851,0.619708
2021-08-25 06:00:00.000 UTC,0.632082,0.625151,0.632082,0.629969
2021-08-25 05:00:00.000 UTC,0.630215,0.621185,0.621185,0.630215
2021-08-25 04:00:00.000 UTC,0.626,0.620739,0.621048,0.62213
2021-08-25 03:00:00.000 UTC,0.632186,0.62145,0.632186,0.62145
2021-08-25 02:00:00.000 UTC,0.632694,0.62827,0.62827,0.631874
2021-08-25 01:00:00.000 UTC,0.63442,0.622851,0.63442,0.627354
2021-08-25 00:00:00.000 UTC,0.638191,0.614285,0.616651,0.637725
2021-08-24 23:00:00.000 UTC,0.630741,0.61653,0.629023,0.617021
2021-08-24 22:00:00.000 UTC,0.631331,0.62443,0.62443,0.628102
2021-08-24 21:00:00.000 UTC,0.631602,0.623988,0.631112,0.623988
2021-08-24 20:00:00.000 UTC,0.630647,0.621788,0.623712,0.630647
2021-08-24 19:00:00.000 UTC,0.625738,0.615741,0.619596,0.625738
2021-08-24 18:00:00.000 UTC,0.619795,0.614696,0.619553,0.614696
2021-08-24 17:00:00.000 UTC,0.624568,0.616396,0.616396,0.618648
2021-08-24 16:00:00.000 UTC,0.629853,0.610158,0.627848,0.619463
2021-08-24 15:00:00.000 UTC,0.638258,0.631145,0.637862,0.631145
2021-08-24 14:00:00.000 UTC,0.647363,0.637816,0.644149,0.638286
2021-08-24 13:00:00.000 UTC,0.664189,0.646565,0.664189,0.646633
2021-08-24 12:00:00.000 UTC,0.666309,0.659972,0.666309,0.66172
2021-08-24 11:00:00.000 UTC,0.665992,0.657665,0.661303,0.664371
2021-08-24 10:00:00.000 UTC,0.668499,0.661414,0.664745,0.661956
2021-08-24 09:00:00.000 UTC,0.672041,0.664197,0.672041,0.664197
2021-08-24 08:00:00.000 UTC,0.67988,0.669314,0.67988,0.669314
2021-08-24 07:00:00.000 UTC,0.679631,0.67206,0.674936,0.679631
2021-08-24 06:00:00.000 UTC,0.672609,0.667174,0.669124,0.672117
2021-08-24 05:00:00.000 UTC,0.67017,0.660535,0.664814,0.67017
2021-08-24 04:00:00.000 UTC,0.664728,0.658458,0.660783,0.664728
2021-08-24 03:00:00.000 UTC,0.662065,0.658448,0.658448,0.660336
2021-08-24 02:00:00.000 UTC,0.658299,0.656872,0.656963,0.657109
2021-08-24 01:00:00.000 UTC,0.659494,0.652603,0.659494,0.656507
2021-08-24 00:00:00.000 UTC,0.674082,0.655116,0.674082,0.655152
2021-08-23 23:00:00.000 UTC,0.678136,0.670692,0.673753,0.6731
2021-08-23 22:00:00.000 UTC,0.676895,0.667507,0.676895,0.669635
2021-08-23 21:00:00.000 UTC,0.681045,0.674383,0.675703,0.67817
2021-08-23 20:00:00.000 UTC,0.684303,0.673099,0.681871,0.67571
2021-08-23 19:00:00.000 UTC,0.679437,0.652886,0.659621,0.675998
2021-08-23 18:00:00.000 UTC,0.661544,0.655772,0.661544,0.659645
2021-08-23 17:00:00.000 UTC,0.666576,0.660641,0.662108,0.666576
2021-08-23 16:00:00.000 UTC,0.666183,0.655987,0.658192,0.659869
2021-08-23 15:00:00.000 UTC,0.658203,0.654242,0.654257,0.658203
2021-08-23 14:00:00.000 UTC,0.666277,0.655973,0.666151,0.656944
2021-08-23 13:00:00.000 UTC,0.669286,0.659,0.661118,0.669286
2021-08-23 12:00:00.000 UTC,0.667516,0.659534,0.665816,0.662547
2021-08-23 11:00:00.000 UTC,0.661522,0.658145,0.658145,0.661253
2021-08-23 10:00:00.000 UTC,0.667221,0.657601,0.667221,0.657836
2021-08-23 09:00:00.000 UTC,0.671313,0.666086,0.671313,0.667489
2021-08-23 08:00:00.000 UTC,0.671267,0.662546,0.664698,0.670483
2021-08-23 07:00:00.000 UTC,0.668201,0.663498,0.668109,0.665545
2021-08-23 06:00:00.000 UTC,0.674034,0.664682,0.67077,0.667775
2021-08-23 05:00:00.000 UTC,0.678678,0.669399,0.673166,0.669399
2021-08-23 04:00:00.000 UTC,0.67697,0.668648,0.675124,0.672305
2021-08-23 03:00:00.000 UTC,0.677195,0.665395,0.675658,0.671795
2021-08-23 02:00:00.000 UTC,0.680805,0.670474,0.672254,0.677458
2021-08-23 01:00:00.000 UTC,0.687235,0.67123,0.676937,0.676946
2021-08-23 00:00:00.000 UTC,0.672916,0.650469,0.654901,0.672916
2021-08-22 23:00:00.000 UTC,0.657433,0.650885,0.650885,0.654185
2021-08-22 22:00:00.000 UTC,0.651804,0.643109,0.643109,0.651804
2021-08-22 21:00:00.000 UTC,0.643577,0.634484,0.634914,0.643577
2021-08-22 20:00:00.000 UTC,0.642609,0.633019,0.642609,0.633461
2021-08-22 19:00:00.000 UTC,0.644433,0.637281,0.637281,0.640858
2021-08-22 18:00:00.000 UTC,0.641086,0.630623,0.641086,0.638053
2021-08-22 17:00:00.000 UTC,0.642115,0.63838,0.639882,0.640413
2021-08-22 16:00:00.000 UTC,0.643992,0.635555,0.640994,0.640639
2021-08-22 15:00:00.000 UTC,0.642215,0.634625,0.634625,0.641123
2021-08-22 14:00:00.000 UTC,0.653407,0.636492,0.652751,0.636492
2021-08-22 13:00:00.000 UTC,0.657456,0.648387,0.657456,0.650646
2021-08-22 12:00:00.000 UTC,0.666269,0.657508,0.666269,0.657508
2021-08-22 11:00:00.000 UTC,0.670624,0.666012,0.667044,0.666012
2021-08-22 10:00:00.000 UTC,0.673183,0.667678,0.668759,0.667678
2021-08-22 09:00:00.000 UTC,0.670719,0.667804,0.668113,0.670356
2021-08-22 08:00:00.000 UTC,0.673864,0.666626,0.671849,0.667818
2021-08-22 07:00:00.000 UTC,0.673284,0.668035,0.668035,0.672675
2021-08-22 06:00:00.000 UTC,0.672668,0.665715,0.672529,0.667937
2021-08-22 05:00:00.000 UTC,0.677689,0.668184,0.677689,0.672374
2021-08-22 04:00:00.000 UTC,0.674828,0.666335,0.666335,0.674828
2021-08-22 03:00:00.000 UTC,0.676236,0.662586,0.6752,0.665911
2021-08-22 02:00:00.000 UTC,0.686559,0.671954,0.686559,0.674361
2021-08-22 01:00:00.000 UTC,0.706361,0.687876,0.706361,0.688107
2021-08-22 00:00:00.000 UTC,0.700254,0.660061,0.660061,0.698225
2021-08-21 23:00:00.000 UTC,0.679146,0.663577,0.679146,0.663577
2021-08-21 22:00:00.000 UTC,0.682068,0.673073,0.681897,0.674745
2021-08-21 21:00:00.000 UTC,0.68224,0.665312,0.665312,0.678983
2021-08-21 20:00:00.000 UTC,0.668103,0.657052,0.657732,0.666848
2021-08-21 19:00:00.000 UTC,0.668263,0.657889,0.668263,0.657889
2021-08-21 18:00:00.000 UTC,0.673235,0.664634,0.673235,0.664934
2021-08-21 17:00:00.000 UTC,0.685147,0.67038,0.685037,0.67038
2021-08-21 16:00:00.000 UTC,0.69434,0.682796,0.68851,0.683758
2021-08-21 15:00:00.000 UTC,0.68798,0.681792,0.681792,0.685765
2021-08-21 14:00:00.000 UTC,0.701457,0.681048,0.692413,0.681048
2021-08-21 13:00:00.000 UTC,0.698136,0.675814,0.682145,0.68669
2021-08-21 12:00:00.000 UTC,0.693983,0.668284,0.668284,0.684387
2021-08-21 11:00:00.000 UTC,0.677673,0.650449,0.677673,0.660032
2021-08-21 10:00:00.000 UTC,0.70331,0.667185,0.667185,0.681494
2021-08-21 09:00:00.000 UTC,0.665668,0.643943,0.643943,0.664913
2021-08-21 08:00:00.000 UTC,0.644837,0.635272,0.635272,0.644186
2021-08-21 07:00:00.000 UTC,0.637679,0.630918,0.630918,0.63592
2021-08-21 06:00:00.000 UTC,0.63671,0.626405,0.627728,0.630346
2021-08-21 05:00:00.000 UTC,0.627033,0.623744,0.627033,0.624149
2021-08-21 04:00:00.000 UTC,0.627952,0.615417,0.618098,0.627952
2021-08-21 03:00:00.000 UTC,0.619669,0.614542,0.615376,0.619004
2021-08-21 02:00:00.000 UTC,0.619846,0.615039,0.619846,0.615039
2021-08-21 01:00:00.000 UTC,0.620947,0.612971,0.620919,0.620663
2021-08-21 00:00:00.000 UTC,0.622953,0.611219,0.611219,0.620204
2021-08-20 23:00:00.000 UTC,0.610839,0.604925,0.605777,0.610839
2021-08-20 22:00:00.000 UTC,0.610721,0.604163,0.610721,0.605437
2021-08-20 21:00:00.000 UTC,0.610925,0.607882,0.608899,0.610925
2021-08-20 20:00:00.000 UTC,0.608855,0.60403,0.605793,0.608192
2021-08-20 19:00:00.000 UTC,0.605785,0.603701,0.603955,0.604858
2021-08-20 18:00:00.000 UTC,0.606279,0.601253,0.60242,0.603023
2021-08-20 17:00:00.000 UTC,0.605737,0.599954,0.604237,0.601726
2021-08-20 16:00:00.000 UTC,0.61442,0.603668,0.603668,0.604449
2021-08-20 15:00:00.000 UTC,0.604878,0.60115,0.604878,0.602629
2021-08-20 14:00:00.000 UTC,0.605171,0.599035,0.59909,0.603465
2021-08-20 13:00:00.000 UTC,0.600139,0.597035,0.59963,0.598908
2021-08-20 12:00:00.000 UTC,0.599685,0.593434,0.595222,0.599685
2021-08-20 11:00:00.000 UTC,0.600563,0.589984,0.591489,0.595494
2021-08-20 10:00:00.000 UTC,0.593021,0.591199,0.592428,0.591199
2021-08-20 09:00:00.000 UTC,0.593004,0.590297,0.590939,0.592871
2021-08-20 08:00:00.000 UTC,0.59158,0.587974,0.588674,0.59016
2021-08-20 07:00:00.000 UTC,0.594844,0.589528,0.593143,0.589528
2021-08-20 06:00:00.000 UTC,0.594448,0.591511,0.591732,0.591572
2021-08-20 05:00:00.000 UTC,0.594622,0.589625,0.594622,0.590976
2021-08-20 04:00:00.000 UTC,0.59555,0.592528,0.592998,0.595197
2021-08-20 03:00:00.000 UTC,0.597029,0.59261,0.595283,0.592927
2021-08-20 02:00:00.000 UTC,0.59897,0.595458,0.597753,0.595458
2021-08-20 01:00:00.000 UTC,0.598822,0.593233,0.596184,0.59777
2021-08-20 00:00:00.000 UTC,0.605291,0.596335,0.596936,0.596335
2021-08-19 23:00:00.000 UTC,0.596396,0.590326,0.592105,0.596396
2021-08-19 22:00:00.000 UTC,0.592829,0.587527,0.592178,0.590099
2021-08-19 21:00:00.000 UTC,0.593411,0.5887,0.591235,0.593411
2021-08-19 20:00:00.000 UTC,0.59052,0.582991,0.589056,0.59052
2021-08-19 19:00:00.000 UTC,0.589301,0.585874,0.586188,0.588293
2021-08-19 18:00:00.000 UTC,0.585086,0.573283,0.573447,0.585086
2021-08-19 17:00:00.000 UTC,0.57583,0.57235,0.575707,0.57402
2021-08-19 16:00:00.000 UTC,0.580666,0.574598,0.575633,0.576657
2021-08-19 15:00:00.000 UTC,0.576397,0.573693,0.574547,0.575299
2021-08-19 14:00:00.000 UTC,0.575642,0.570656,0.570656,0.57365
2021-08-19 13:00:00.000 UTC,0.570345,0.567217,0.567217,0.570264
2021-08-19 12:00:00.000 UTC,0.566059,0.561517,0.563376,0.565873
2021-08-19 11:00:00.000 UTC,0.566936,0.563878,0.566936,0.564552
2021-08-19 10:00:00.000 UTC,0.573578,0.566214,0.572697,0.566299
2021-08-19 09:00:00.000 UTC,0.572221,0.570042,0.571177,0.571753
2021-08-19 08:00:00.000 UTC,0.572579,0.568945,0.569959,0.570476
2021-08-19 07:00:00.000 UTC,0.573189,0.566953,0.568582,0.566953
2021-08-19 06:00:00.000 UTC,0.571024,0.566774,0.571024,0.568896
2021-08-19 05:00:00.000 UTC,0.574178,0.569145,0.569615,0.571315
2021-08-19 04:00:00.000 UTC,0.571061,0.565959,0.567735,0.570542
2021-08-19 03:00:00.000 UTC,0.575234,0.568351,0.575234,0.570271
2021-08-19 02:00:00.000 UTC,0.579258,0.573925,0.579258,0.577054
2021-08-19 01:00:00.000 UTC,0.583504,0.58048,0.580568,0.58048
2021-08-19 00:00:00.000 UTC,0.588256,0.574207,0.58438,0.57787
2021-08-18 23:00:00.000 UTC,0.590914,0.586113,0.587459,0.586113
2021-08-18 22:00:00.000 UTC,0.587203,0.579785,0.579785,0.58656
2021-08-18 21:00:00.000 UTC,0.579331,0.573051,0.574494,0.579003
2021-08-18 20:00:00.000 UTC,0.58147,0.574784,0.58147,0.575114
2021-08-18 19:00:00.000 UTC,0.588177,0.581595,0.586046,0.581595
2021-08-18 18:00:00.000 UTC,0.597403,0.587692,0.596778,0.587692
2021-08-18 17:00:00.000 UTC,0.598889,0.594609,0.597499,0.597728
2021-08-18 16:00:00.000 UTC,0.598387,0.592013,0.596016,0.598387
2021-08-18 15:00:00.000 UTC,0.596062,0.584562,0.58867,0.596062
2021-08-18 14:00:00.000 UTC,0.591975,0.587471,0.587471,0.588558
2021-08-18 13:00:00.000 UTC,0.591148,0.584805,0.586642,0.585819
2021-08-18 12:00:00.000 UTC,0.586857,0.581132,0.581132,0.586857
2021-08-18 11:00:00.000 UTC,0.598011,0.578535,0.594743,0.581784
2021-08-18 10:00:00.000 UTC,0.605704,0.594062,0.605704,0.596104
2021-08-18 09:00:00.000 UTC,0.604915,0.591725,0.593447,0.604915
2021-08-18 08:00:00.000 UTC,0.596031,0.588225,0.591018,0.593016
2021-08-18 07:00:00.000 UTC,0.602987,0.590948,0.602987,0.590948
2021-08-18 06:00:00.000 UTC,0.607422,0.600079,0.607422,0.602758
2021-08-18 05:00:00.000 UTC,0.608195,0.595543,0.595543,0.608195
2021-08-18 04:00:00.000 UTC,0.597774,0.591212,0.593666,0.594572
2021-08-18 03:00:00.000 UTC,0.592192,0.58611,0.591057,0.591475
2021-08-18 02:00:00.000 UTC,0.596966,0.586875,0.596966,0.588777
2021-08-18 01:00:00.000 UTC,0.596444,0.565841,0.596444,0.590658
2021-08-18 00:00:00.000 UTC,0.614186,0.589487,0.609493,0.59754
2021-08-17 23:00:00.000 UTC,0.616127,0.606697,0.616127,0.606697
2021-08-17 22:00:00.000 UTC,0.616392,0.606674,0.614192,0.616392
2021-08-17 21:00:00.000 UTC,0.616577,0.610354,0.61621,0.613338
2021-08-17 20:00:00.000 UTC,0.63484,0.600516,0.63484,0.614697
2021-08-17 19:00:00.000 UTC,0.639504,0.629109,0.639504,0.630213
2021-08-17 18:00:00.000 UTC,0.642257,0.633496,0.638017,0.637443
2021-08-17 17:00:00.000 UTC,0.639903,0.631469,0.631469,0.639903
2021-08-17 16:00:00.000 UTC,0.639476,0.634148,0.635663,0.634792
2021-08-17 15:00:00.000 UTC,0.644118,0.636316,0.644118,0.637587
2021-08-17 14:00:00.000 UTC,0.658308,0.645233,0.658308,0.648822
2021-08-17 13:00:00.000 UTC,0.671344,0.65777,0.667902,0.659819
2021-08-17 12:00:00.000 UTC,0.675118,0.66151,0.664499,0.668613
2021-08-17 11:00:00.000 UTC,0.667814,0.64101,0.64101,0.667814
2021-08-17 10:00:00.000 UTC,0.646496,0.640537,0.640537,0.645926
2021-08-17 09:00:00.000 UTC,0.639164,0.630888,0.630888,0.639164
2021-08-17 08:00:00.000 UTC,0.632217,0.627082,0.627082,0.630708
2021-08-17 07:00:00.000 UTC,0.627024,0.621405,0.62319,0.626341
2021-08-17 06:00:00.000 UTC,0.633549,0.625952,0.633549,0.626169
2021-08-17 05:00:00.000 UTC,0.646766,0.638527,0.646766,0.638527
2021-08-17 04:00:00.000 UTC,0.648591,0.643997,0.644319,0.647131
2021-08-17 03:00:00.000 UTC,0.646687,0.642389,0.643499,0.643489
2021-08-17 02:00:00.000 UTC,0.645729,0.638372,0.644699,0.642459
2021-08-17 01:00:00.000 UTC,0.65466,0.631293,0.631293,0.642914
2021-08-17 00:00:00.000 UTC,0.637617,0.622909,0.636714,0.633263
2021-08-16 23:00:00.000 UTC,0.643112,0.632439,0.642568,0.636848
2021-08-16 22:00:00.000 UTC,0.646213,0.640613,0.640613,0.643795
2021-08-16 21:00:00.000 UTC,0.643558,0.63447,0.634803,0.641764
2021-08-16 20:00:00.000 UTC,0.638869,0.628132,0.638869,0.633058
2021-08-16 19:00:00.000 UTC,0.662237,0.642988,0.662237,0.642988
2021-08-16 18:00:00.000 UTC,0.663231,0.651728,0.656139,0.663231
2021-08-16 17:00:00.000 UTC,0.656271,0.649254,0.649541,0.655302
2021-08-16 16:00:00.000 UTC,0.652415,0.648696,0.648696,0.650154
2021-08-16 15:00:00.000 UTC,0.650501,0.643275,0.64425,0.650501
2021-08-16 14:00:00.000 UTC,0.65525,0.643609,0.651159,0.647757
2021-08-16 13:00:00.000 UTC,0.675832,0.648977,0.67055,0.648977
2021-08-16 12:00:00.000 UTC,0.671783,0.663919,0.671783,0.667629
2021-08-16 11:00:00.000 UTC,0.677194,0.670316,0.67653,0.673276
2021-08-16 10:00:00.000 UTC,0.685765,0.660038,0.660038,0.676303
2021-08-16 09:00:00.000 UTC,0.659428,0.651542,0.651542,0.659428
2021-08-16 08:00:00.000 UTC,0.657373,0.651139,0.655538,0.652437
2021-08-16 07:00:00.000 UTC,0.655694,0.651346,0.651346,0.65507
2021-08-16 06:00:00.000 UTC,0.65879,0.649784,0.65879,0.652814
2021-08-16 05:00:00.000 UTC,0.659786,0.650771,0.651763,0.659786
2021-08-16 04:00:00.000 UTC,0.656519,0.647994,0.647994,0.654651
2021-08-16 03:00:00.000 UTC,0.660196,0.648651,0.653543,0.648651
2021-08-16 02:00:00.000 UTC,0.666531,0.653505,0.662971,0.653628
2021-08-16 01:00:00.000 UTC,0.661268,0.650205,0.652195,0.661268
2021-08-16 00:00:00.000 UTC,0.653511,0.643616,0.644557,0.653021
2021-08-15 23:00:00.000 UTC,0.647283,0.642252,0.646198,0.642657
2021-08-15 22:00:00.000 UTC,0.646807,0.63589,0.641425,0.646807
2021-08-15 21:00:00.000 UTC,0.640355,0.636519,0.637305,0.639206
2021-08-15 20:00:00.000 UTC,0.636114,0.63161,0.63161,0.635979
2021-08-15 19:00:00.000 UTC,0.633094,0.628288,0.63066,0.632941
2021-08-15 18:00:00.000 UTC,0.631622,0.628607,0.630603,0.629755
2021-08-15 17:00:00.000 UTC,0.631357,0.627646,0.62976,0.6311
2021-08-15 16:00:00.000 UTC,0.639797,0.631041,0.638369,0.631041
2021-08-15 15:00:00.000 UTC,0.641676,0.635863,0.640475,0.637605
2021-08-15 14:00:00.000 UTC,0.646677,0.638744,0.640336,0.638744
2021-08-15 13:00:00.000 UTC,0.651344,0.634412,0.650836,0.639364
2021-08-15 12:00:00.000 UTC,0.664121,0.644037,0.644037,0.650275
2021-08-15 11:00:00.000 UTC,0.657794,0.640757,0.640757,0.643346
2021-08-15 10:00:00.000 UTC,0.634822,0.624752,0.626738,0.634822
2021-08-15 09:00:00.000 UTC,0.630143,0.617556,0.617556,0.628317
2021-08-15 08:00:00.000 UTC,0.618767,0.615081,0.617065,0.6178
2021-08-15 07:00:00.000 UTC,0.627536,0.615725,0.627536,0.616712
2021-08-15 06:00:00.000 UTC,0.629133,0.625304,0.628969,0.627895
2021-08-15 05:00:00.000 UTC,0.630389,0.628358,0.62904,0.628358
2021-08-15 04:00:00.000 UTC,0.630624,0.627396,0.629423,0.629593
2021-08-15 03:00:00.000 UTC,0.632624,0.629344,0.631118,0.629804
2021-08-15 02:00:00.000 UTC,0.632709,0.630485,0.632709,0.630485
2021-08-15 01:00:00.000 UTC,0.634008,0.631406,0.632415,0.633323
2021-08-15 00:00:00.000 UTC,0.636691,0.630614,0.636691,0.632092
2021-08-14 23:00:00.000 UTC,0.637957,0.634514,0.634942,0.636904
2021-08-14 22:00:00.000 UTC,0.637366,0.635508,0.636624,0.635508
2021-08-14 21:00:00.000 UTC,0.636208,0.632922,0.632922,0.636208
2021-08-14 20:00:00.000 UTC,0.634011,0.630573,0.634011,0.632454
2021-08-14 19:00:00.000 UTC,0.634418,0.631821,0.632964,0.634418
2021-08-14 18:00:00.000 UTC,0.633452,0.632202,0.632224,0.632765
2021-08-14 17:00:00.000 UTC,0.634411,0.632036,0.634411,0.632556
2021-08-14 16:00:00.000 UTC,0.636667,0.633397,0.636357,0.634052
2021-08-14 15:00:00.000 UTC,0.638549,0.635807,0.638549,0.636628
2021-08-14 14:00:00.000 UTC,0.638947,0.634107,0.634107,0.637579
2021-08-14 13:00:00.000 UTC,0.635198,0.63127,0.631643,0.634246
2021-08-14 12:00:00.000 UTC,0.638058,0.632322,0.638058,0.632322
2021-08-14 11:00:00.000 UTC,0.636578,0.629124,0.629722,0.636578
2021-08-14 10:00:00.000 UTC,0.641229,0.627629,0.637966,0.627629
2021-08-14 09:00:00.000 UTC,0.654187,0.651786,0.65235,0.654154
2021-08-14 08:00:00.000 UTC,0.654176,0.647781,0.650017,0.651113
2021-08-14 07:00:00.000 UTC,0.652758,0.649867,0.652758,0.650271
2021-08-14 06:00:00.000 UTC,0.653102,0.651607,0.651811,0.652419
2021-08-14 05:00:00.000 UTC,0.652202,0.64722,0.64745,0.652202
2021-08-14 04:00:00.000 UTC,0.648639,0.645986,0.64707,0.647393
2021-08-14 03:00:00.000 UTC,0.652244,0.646618,0.648919,0.647237
2021-08-14 02:00:00.000 UTC,0.648657,0.645495,0.646619,0.648657
2021-08-14 01:00:00.000 UTC,0.651901,0.646979,0.647815,0.647397
2021-08-14 00:00:00.000 UTC,0.659753,0.646061,0.659753,0.647609
2021-08-13 23:00:00.000 UTC,0.659809,0.652583,0.652585,0.659675
2021-08-13 22:00:00.000 UTC,0.653007,0.650475,0.652416,0.652569
2021-08-13 21:00:00.000 UTC,0.65375,0.651826,0.651826,0.653039
2021-08-13 20:00:00.000 UTC,0.65134,0.645163,0.645603,0.651305
2021-08-13 19:00:00.000 UTC,0.64644,0.642383,0.642894,0.645604
2021-08-13 18:00:00.000 UTC,0.644851,0.642022,0.644851,0.642402
2021-08-13 17:00:00.000 UTC,0.644823,0.643586,0.644823,0.644747
2021-08-13 16:00:00.000 UTC,0.642899,0.638409,0.640596,0.642899
2021-08-13 15:00:00.000 UTC,0.645688,0.635365,0.645216,0.638212
2021-08-13 14:00:00.000 UTC,0.652177,0.645214,0.650227,0.646282
2021-08-13 13:00:00.000 UTC,0.65645,0.649575,0.65645,0.651964
2021-08-13 12:00:00.000 UTC,0.656732,0.64876,0.649544,0.656474
2021-08-13 11:00:00.000 UTC,0.658885,0.652561,0.654619,0.652561
2021-08-13 10:00:00.000 UTC,0.659003,0.654047,0.654047,0.655622
2021-08-13 09:00:00.000 UTC,0.657514,0.652464,0.652464,0.655496
2021-08-13 08:00:00.000 UTC,0.656615,0.649211,0.65451,0.653126
2021-08-13 07:00:00.000 UTC,0.65591,0.650711,0.650711,0.653356
2021-08-13 06:00:00.000 UTC,0.650074,0.640866,0.643185,0.64957
2021-08-13 05:00:00.000 UTC,0.643621,0.639109,0.639463,0.642665
2021-08-13 04:00:00.000 UTC,0.640133,0.636284,0.638862,0.638616
2021-08-13 03:00:00.000 UTC,0.645777,0.639774,0.645777,0.639774
2021-08-13 02:00:00.000 UTC,0.646057,0.642838,0.645126,0.646057
2021-08-13 01:00:00.000 UTC,0.649016,0.640023,0.640023,0.6437
2021-08-13 00:00:00.000 UTC,0.642413,0.634061,0.638695,0.641433
2021-08-12 23:00:00.000 UTC,0.639078,0.625801,0.625801,0.639078
2021-08-12 22:00:00.000 UTC,0.640017,0.628138,0.638453,0.628138
2021-08-12 21:00:00.000 UTC,0.640314,0.636649,0.638303,0.638291
2021-08-12 20:00:00.000 UTC,0.639539,0.63602,0.63645,0.638588
2021-08-12 19:00:00.000 UTC,0.638095,0.631546,0.638095,0.63623
2021-08-12 18:00:00.000 UTC,0.637288,0.630285,0.630285,0.637288
2021-08-12 17:00:00.000 UTC,0.633271,0.62892,0.629119,0.631683
2021-08-12 16:00:00.000 UTC,0.637262,0.630826,0.633393,0.633556
2021-08-12 15:00:00.000 UTC,0.636625,0.629331,0.629331,0.634035
2021-08-12 14:00:00.000 UTC,0.651971,0.632929,0.651971,0.632929
2021-08-12 13:00:00.000 UTC,0.65541,0.6481,0.649174,0.652072
2021-08-12 12:00:00.000 UTC,0.650871,0.641329,0.6472,0.650871
2021-08-12 11:00:00.000 UTC,0.662651,0.648026,0.662651,0.648026
2021-08-12 10:00:00.000 UTC,0.663922,0.652054,0.652054,0.663922
2021-08-12 09:00:00.000 UTC,0.650106,0.638719,0.648955,0.64693
2021-08-12 08:00:00.000 UTC,0.650082,0.645262,0.648057,0.649214
2021-08-12 07:00:00.000 UTC,0.647955,0.642142,0.642142,0.647626
2021-08-12 06:00:00.000 UTC,0.647046,0.636222,0.647046,0.640182
2021-08-12 05:00:00.000 UTC,0.665117,0.631099,0.665117,0.648611
2021-08-12 04:00:00.000 UTC,0.673693,0.665516,0.673693,0.665516
2021-08-12 03:00:00.000 UTC,0.676187,0.674094,0.675728,0.674284
2021-08-12 02:00:00.000 UTC,0.677105,0.672147,0.673765,0.676058
2021-08-12 01:00:00.000 UTC,0.677702,0.669696,0.669696,0.675977
2021-08-12 00:00:00.000 UTC,0.675549,0.665366,0.675549,0.666586
2021-08-11 23:00:00.000 UTC,0.675812,0.668185,0.668185,0.675812
2021-08-11 22:00:00.000 UTC,0.680716,0.666883,0.680716,0.667224
2021-08-11 21:00:00.000 UTC,0.683643,0.675051,0.683643,0.679988
2021-08-11 20:00:00.000 UTC,0.692794,0.685175,0.690146,0.685355
2021-08-11 19:00:00.000 UTC,0.688894,0.68034,0.682764,0.688894
2021-08-11 18:00:00.000 UTC,0.685767,0.682499,0.684772,0.682692
2021-08-11 17:00:00.000 UTC,0.684185,0.681525,0.683851,0.684185
2021-08-11 16:00:00.000 UTC,0.684791,0.678993,0.681278,0.683304
2021-08-11 15:00:00.000 UTC,0.685983,0.677668,0.681833,0.683599
2021-08-11 14:00:00.000 UTC,0.688643,0.681578,0.685913,0.688643
2021-08-11 13:00:00.000 UTC,0.686696,0.675798,0.675798,0.683461
2021-08-11 12:00:00.000 UTC,0.680527,0.673763,0.680527,0.67831
2021-08-11 11:00:00.000 UTC,0.691494,0.681308,0.687468,0.681308
2021-08-11 10:00:00.000 UTC,0.696801,0.683212,0.692606,0.685803
2021-08-11 09:00:00.000 UTC,0.696055,0.689658,0.695107,0.690847
2021-08-11 08:00:00.000 UTC,0.700396,0.693346,0.699588,0.694106
2021-08-11 07:00:00.000 UTC,0.70433,0.70008,0.703895,0.700181
2021-08-11 06:00:00.000 UTC,0.710168,0.700904,0.702932,0.702081
2021-08-11 05:00:00.000 UTC,0.704257,0.700253,0.70099,0.704257
2021-08-11 04:00:00.000 UTC,0.705638,0.698711,0.705638,0.698971
2021-08-11 03:00:00.000 UTC,0.709433,0.699265,0.699265,0.70377
2021-08-11 02:00:00.000 UTC,0.709992,0.69896,0.709992,0.700013
2021-08-11 01:00:00.000 UTC,0.73275,0.705669,0.716067,0.707838
2021-08-11 00:00:00.000 UTC,0.708966,0.675538,0.675538,0.699324
2021-08-10 23:00:00.000 UTC,0.681076,0.670494,0.671778,0.679716
2021-08-10 22:00:00.000 UTC,0.675319,0.667198,0.675319,0.671044
2021-08-10 21:00:00.000 UTC,0.676016,0.670404,0.674992,0.672569
2021-08-10 20:00:00.000 UTC,0.680129,0.672019,0.672249,0.679002
2021-08-10 19:00:00.000 UTC,0.672606,0.665664,0.665664,0.672606
2021-08-10 18:00:00.000 UTC,0.667231,0.660669,0.663227,0.663749
2021-08-10 17:00:00.000 UTC,0.661959,0.652862,0.652862,0.661959
2021-08-10 16:00:00.000 UTC,0.671913,0.653416,0.671913,0.653416
2021-08-10 15:00:00.000 UTC,0.683025,0.669636,0.670355,0.669869
2021-08-10 14:00:00.000 UTC,0.680289,0.66837,0.680289,0.671135
2021-08-10 13:00:00.000 UTC,0.696234,0.674663,0.674663,0.676533
2021-08-10 12:00:00.000 UTC,0.690245,0.669442,0.68543,0.673766
2021-08-10 11:00:00.000 UTC,0.699184,0.661392,0.661392,0.692827
2021-08-10 10:00:00.000 UTC,0.679209,0.638818,0.638818,0.662187
2021-08-10 09:00:00.000 UTC,0.642787,0.631774,0.642787,0.637189
2021-08-10 08:00:00.000 UTC,0.641916,0.627942,0.627942,0.641789
2021-08-10 07:00:00.000 UTC,0.626809,0.624768,0.626809,0.626482
2021-08-10 06:00:00.000 UTC,0.626817,0.622259,0.623618,0.626706
2021-08-10 05:00:00.000 UTC,0.626262,0.623164,0.624266,0.623959
2021-08-10 04:00:00.000 UTC,0.628841,0.625767,0.628841,0.626137
2021-08-10 03:00:00.000 UTC,0.632138,0.627973,0.631297,0.62872
2021-08-10 02:00:00.000 UTC,0.638021,0.626502,0.626502,0.630309
2021-08-10 01:00:00.000 UTC,0.624981,0.619048,0.620993,0.624981
2021-08-10 00:00:00.000 UTC,0.630892,0.618136,0.625241,0.619028
2021-08-09 23:00:00.000 UTC,0.62788,0.624013,0.626046,0.625235
2021-08-09 22:00:00.000 UTC,0.626837,0.620788,0.620967,0.626837
2021-08-09 21:00:00.000 UTC,0.621149,0.616523,0.617581,0.620784
2021-08-09 20:00:00.000 UTC,0.623963,0.617985,0.622089,0.618369
2021-08-09 19:00:00.000 UTC,0.624776,0.621834,0.624776,0.621834
2021-08-09 18:00:00.000 UTC,0.626454,0.623552,0.625391,0.624985
2021-08-09 17:00:00.000 UTC,0.626286,0.625234,0.62532,0.625695
2021-08-09 16:00:00.000 UTC,0.628735,0.622775,0.62817,0.625511
2021-08-09 15:00:00.000 UTC,0.62923,0.620989,0.620989,0.62923
2021-08-09 14:00:00.000 UTC,0.62523,0.620587,0.620587,0.621506
2021-08-09 13:00:00.000 UTC,0.62768,0.623247,0.627547,0.623247
2021-08-09 12:00:00.000 UTC,0.626967,0.623447,0.626379,0.626967
2021-08-09 11:00:00.000 UTC,0.62839,0.623499,0.624043,0.625761
2021-08-09 10:00:00.000 UTC,0.625441,0.622866,0.623945,0.62353
2021-08-09 09:00:00.000 UTC,0.62417,0.619745,0.620337,0.62417
2021-08-09 08:00:00.000 UTC,0.620319,0.612291,0.616635,0.620319
2021-08-09 07:00:00.000 UTC,0.615576,0.608163,0.609054,0.615576
2021-08-09 06:00:00.000 UTC,0.616535,0.60812,0.616535,0.60812
2021-08-09 05:00:00.000 UTC,0.618583,0.610735,0.614758,0.611969
2021-08-09 04:00:00.000 UTC,0.617317,0.613653,0.617317,0.614716
2021-08-09 03:00:00.000 UTC,0.619068,0.61528,0.619068,0.618731
2021-08-09 02:00:00.000 UTC,0.621298,0.616098,0.617225,0.618705
2021-08-09 01:00:00.000 UTC,0.624592,0.606675,0.608558,0.619518
2021-08-09 00:00:00.000 UTC,0.618373,0.606319,0.618373,0.608563
2021-08-08 23:00:00.000 UTC,0.62437,0.616535,0.623709,0.61769
2021-08-08 22:00:00.000 UTC,0.6255,0.622503,0.623214,0.6255
2021-08-08 21:00:00.000 UTC,0.622852,0.613456,0.619975,0.622852
2021-08-08 20:00:00.000 UTC,0.62091,0.612189,0.61295,0.62091
2021-08-08 19:00:00.000 UTC,0.61462,0.607424,0.614215,0.611912
2021-08-08 18:00:00.000 UTC,0.616472,0.614014,0.614377,0.616472
2021-08-08 17:00:00.000 UTC,0.62093,0.612838,0.62093,0.615974
2021-08-08 16:00:00.000 UTC,0.627152,0.620116,0.625225,0.620116
2021-08-08 15:00:00.000 UTC,0.626648,0.6225,0.6225,0.625683
2021-08-08 14:00:00.000 UTC,0.635826,0.624232,0.635045,0.624649
2021-08-08 13:00:00.000 UTC,0.642273,0.63421,0.640384,0.63421
2021-08-08 12:00:00.000 UTC,0.641987,0.631282,0.631852,0.641987
2021-08-08 11:00:00.000 UTC,0.63933,0.630882,0.634305,0.632409
2021-08-08 10:00:00.000 UTC,0.641482,0.632195,0.639537,0.63498
2021-08-08 09:00:00.000 UTC,0.641702,0.63647,0.63647,0.638584
2021-08-08 08:00:00.000 UTC,0.646004,0.639757,0.641156,0.643099
2021-08-08 07:00:00.000 UTC,0.649691,0.643044,0.646782,0.643366
2021-08-08 06:00:00.000 UTC,0.650454,0.645064,0.650454,0.647182
2021-08-08 05:00:00.000 UTC,0.650941,0.641896,0.643316,0.650941
2021-08-08 04:00:00.000 UTC,0.649125,0.642281,0.649125,0.642281
2021-08-08 03:00:00.000 UTC,0.660488,0.641668,0.660488,0.650682
2021-08-08 02:00:00.000 UTC,0.663722,0.62376,0.624738,0.655429
2021-08-08 01:00:00.000 UTC,0.631998,0.622862,0.631998,0.62354
2021-08-08 00:00:00.000 UTC,0.637624,0.62795,0.637624,0.630652
2021-08-07 23:00:00.000 UTC,0.6412,0.63306,0.63306,0.637392
2021-08-07 22:00:00.000 UTC,0.63356,0.625207,0.625207,0.631262
2021-08-07 21:00:00.000 UTC,0.629679,0.625398,0.625398,0.628794
2021-08-07 20:00:00.000 UTC,0.628635,0.625294,0.627757,0.625767
2021-08-07 19:00:00.000 UTC,0.626895,0.624756,0.625943,0.626622
2021-08-07 18:00:00.000 UTC,0.625501,0.61988,0.622012,0.625501
2021-08-07 17:00:00.000 UTC,0.626495,0.619407,0.626495,0.622487
2021-08-07 16:00:00.000 UTC,0.628898,0.62017,0.628898,0.625566
2021-08-07 15:00:00.000 UTC,0.632,0.628448,0.631004,0.628448
2021-08-07 14:00:00.000 UTC,0.631094,0.627586,0.627586,0.629836
2021-08-07 13:00:00.000 UTC,0.632549,0.623063,0.625778,0.628743
2021-08-07 12:00:00.000 UTC,0.647505,0.633084,0.645493,0.633084
2021-08-07 11:00:00.000 UTC,0.645102,0.641604,0.644689,0.645025
2021-08-07 10:00:00.000 UTC,0.649274,0.644669,0.646788,0.645456
2021-08-07 09:00:00.000 UTC,0.6516,0.647937,0.650085,0.649559
2021-08-07 08:00:00.000 UTC,0.651753,0.642299,0.642299,0.65077
2021-08-07 07:00:00.000 UTC,0.641848,0.639594,0.639594,0.641431
2021-08-07 06:00:00.000 UTC,0.641982,0.637346,0.639313,0.639031
2021-08-07 05:00:00.000 UTC,0.641345,0.638476,0.640259,0.640921
2021-08-07 04:00:00.000 UTC,0.64347,0.639559,0.640796,0.64022
2021-08-07 03:00:00.000 UTC,0.641034,0.635757,0.638619,0.641034
2021-08-07 02:00:00.000 UTC,0.643413,0.632276,0.632276,0.639414
2021-08-07 01:00:00.000 UTC,0.633497,0.631027,0.633497,0.632258
2021-08-07 00:00:00.000 UTC,0.637116,0.631087,0.637116,0.632495
2021-08-06 23:00:00.000 UTC,0.63813,0.636368,0.63813,0.637921
2021-08-06 22:00:00.000 UTC,0.638549,0.633245,0.633245,0.638549
2021-08-06 21:00:00.000 UTC,0.638331,0.634852,0.637404,0.634852
2021-08-06 20:00:00.000 UTC,0.640425,0.637163,0.639943,0.637829
2021-08-06 19:00:00.000 UTC,0.644322,0.639431,0.640195,0.640502
2021-08-06 18:00:00.000 UTC,0.642291,0.640101,0.642291,0.640254
2021-08-06 17:00:00.000 UTC,0.641666,0.638263,0.639188,0.641666
2021-08-06 16:00:00.000 UTC,0.641987,0.638608,0.640091,0.63975
2021-08-06 15:00:00.000 UTC,0.640646,0.636122,0.636423,0.640546
2021-08-06 14:00:00.000 UTC,0.639092,0.634969,0.639092,0.636443
2021-08-06 13:00:00.000 UTC,0.640423,0.637594,0.637594,0.638653
2021-08-06 12:00:00.000 UTC,0.642274,0.636577,0.638046,0.639663
2021-08-06 11:00:00.000 UTC,0.642096,0.638476,0.642096,0.638476
2021-08-06 10:00:00.000 UTC,0.64324,0.635786,0.639504,0.642959
2021-08-06 09:00:00.000 UTC,0.645572,0.638996,0.639216,0.639179
2021-08-06 08:00:00.000 UTC,0.637346,0.63161,0.63161,0.637346
2021-08-06 07:00:00.000 UTC,0.630398,0.627645,0.629459,0.630008
2021-08-06 06:00:00.000 UTC,0.634303,0.626142,0.628777,0.626142
2021-08-06 05:00:00.000 UTC,0.628834,0.623388,0.623388,0.628834
2021-08-06 04:00:00.000 UTC,0.623261,0.621753,0.623046,0.623066
2021-08-06 03:00:00.000 UTC,0.626528,0.622658,0.625672,0.622658
2021-08-06 02:00:00.000 UTC,0.628624,0.624206,0.628624,0.626052
2021-08-06 01:00:00.000 UTC,0.627087,0.624329,0.625155,0.627087
2021-08-06 00:00:00.000 UTC,0.639564,0.626747,0.639564,0.626747
2021-08-05 23:00:00.000 UTC,0.642538,0.637637,0.637637,0.638763
2021-08-05 22:00:00.000 UTC,0.64174,0.637446,0.639446,0.639105
2021-08-05 21:00:00.000 UTC,0.645273,0.638971,0.642796,0.639725
2021-08-05 20:00:00.000 UTC,0.646512,0.626809,0.626809,0.64349
2021-08-05 19:00:00.000 UTC,0.634062,0.62756,0.632519,0.62756
2021-08-05 18:00:00.000 UTC,0.635693,0.631028,0.634853,0.631028
2021-08-05 17:00:00.000 UTC,0.635163,0.627784,0.627784,0.63391
2021-08-05 16:00:00.000 UTC,0.627359,0.620104,0.625596,0.6206
2021-08-05 15:00:00.000 UTC,0.631734,0.624927,0.627898,0.624927
2021-08-05 14:00:00.000 UTC,0.6271,0.613426,0.613426,0.622668
2021-08-05 13:00:00.000 UTC,0.620468,0.609442,0.609578,0.61265
2021-08-05 12:00:00.000 UTC,0.622102,0.613416,0.615824,0.618378
2021-08-05 11:00:00.000 UTC,0.624825,0.612799,0.613314,0.615031
2021-08-05 10:00:00.000 UTC,0.619618,0.611663,0.619003,0.613151
2021-08-05 09:00:00.000 UTC,0.626307,0.610635,0.625614,0.618831
2021-08-05 08:00:00.000 UTC,0.632111,0.627921,0.62914,0.627921
2021-08-05 07:00:00.000 UTC,0.630105,0.622602,0.628433,0.628681
2021-08-05 06:00:00.000 UTC,0.632133,0.624264,0.631339,0.627519
2021-08-05 05:00:00.000 UTC,0.638753,0.631417,0.632672,0.632072
2021-08-05 04:00:00.000 UTC,0.634982,0.631254,0.634597,0.631827
2021-08-05 03:00:00.000 UTC,0.633654,0.631281,0.631281,0.633481
2021-08-05 02:00:00.000 UTC,0.634556,0.629739,0.634556,0.632494
2021-08-05 01:00:00.000 UTC,0.633078,0.628998,0.631028,0.632144
2021-08-05 00:00:00.000 UTC,0.654133,0.636508,0.651308,0.636508
2021-08-04 23:00:00.000 UTC,0.66279,0.645831,0.64966,0.652754
2021-08-04 22:00:00.000 UTC,0.647335,0.638381,0.638669,0.639653
2021-08-04 21:00:00.000 UTC,0.640463,0.635687,0.637153,0.639324
2021-08-04 20:00:00.000 UTC,0.639063,0.635759,0.637637,0.637532
2021-08-04 19:00:00.000 UTC,0.637819,0.634134,0.634134,0.635634
2021-08-04 18:00:00.000 UTC,0.636172,0.631133,0.631133,0.63411
2021-08-04 17:00:00.000 UTC,0.642998,0.631835,0.642998,0.631835
2021-08-04 16:00:00.000 UTC,0.650993,0.639685,0.640354,0.643983
2021-08-04 15:00:00.000 UTC,0.651866,0.638038,0.640215,0.642585
2021-08-04 14:00:00.000 UTC,0.642124,0.632581,0.635959,0.634825
2021-08-04 13:00:00.000 UTC,0.634518,0.625923,0.625923,0.634441
2021-08-04 12:00:00.000 UTC,0.637113,0.626594,0.63315,0.626594
2021-08-04 11:00:00.000 UTC,0.642287,0.627331,0.642287,0.627331
2021-08-04 10:00:00.000 UTC,0.64242,0.634029,0.636259,0.634029
2021-08-04 09:00:00.000 UTC,0.634934,0.612587,0.612587,0.634934
2021-08-04 08:00:00.000 UTC,0.630441,0.615112,0.616332,0.616694
2021-08-04 07:00:00.000 UTC,0.61653,0.591907,0.600112,0.61653
2021-08-04 06:00:00.000 UTC,0.602546,0.593906,0.596513,0.60129
2021-08-04 05:00:00.000 UTC,0.601758,0.589211,0.589211,0.597145
2021-08-04 04:00:00.000 UTC,0.598087,0.587921,0.598087,0.588604
2021-08-04 03:00:00.000 UTC,0.602207,0.595127,0.599974,0.5994
2021-08-04 02:00:00.000 UTC,0.604733,0.600142,0.604733,0.600142
2021-08-04 01:00:00.000 UTC,0.607055,0.596137,0.596137,0.599886
2021-08-04 00:00:00.000 UTC,0.594135,0.584421,0.594135,0.587356
2021-08-03 23:00:00.000 UTC,0.598157,0.590015,0.59685,0.590015
2021-08-03 22:00:00.000 UTC,0.598874,0.593796,0.594836,0.596668
2021-08-03 21:00:00.000 UTC,0.593299,0.586275,0.593299,0.591781
2021-08-03 20:00:00.000 UTC,0.592371,0.581041,0.588274,0.591641
2021-08-03 19:00:00.000 UTC,0.59305,0.585743,0.58969,0.585743
2021-08-03 18:00:00.000 UTC,0.589189,0.579208,0.585774,0.589189
2021-08-03 17:00:00.000 UTC,0.589432,0.583303,0.586476,0.586693
2021-08-03 16:00:00.000 UTC,0.590656,0.586336,0.588745,0.590656
2021-08-03 15:00:00.000 UTC,0.592988,0.587687,0.592988,0.588115
2021-08-03 14:00:00.000 UTC,0.595114,0.587048,0.588498,0.592676
2021-08-03 13:00:00.000 UTC,0.595387,0.587345,0.593703,0.587949
2021-08-03 12:00:00.000 UTC,0.593045,0.579243,0.591656,0.593045
2021-08-03 11:00:00.000 UTC,0.59824,0.588843,0.59031,0.592979
2021-08-03 10:00:00.000 UTC,0.596757,0.589985,0.590144,0.591456
2021-08-03 09:00:00.000 UTC,0.596104,0.589126,0.59471,0.589621
2021-08-03 08:00:00.000 UTC,0.594821,0.587132,0.594529,0.594821
2021-08-03 07:00:00.000 UTC,0.595063,0.59035,0.593055,0.594724
2021-08-03 06:00:00.000 UTC,0.593504,0.589159,0.589159,0.593504
2021-08-03 05:00:00.000 UTC,0.590704,0.584954,0.59036,0.590704
2021-08-03 04:00:00.000 UTC,0.597027,0.593338,0.595692,0.593338
2021-08-03 03:00:00.000 UTC,0.598969,0.593667,0.598334,0.593667
2021-08-03 02:00:00.000 UTC,0.60123,0.594706,0.594706,0.597929
2021-08-03 01:00:00.000 UTC,0.609701,0.595969,0.609701,0.595969
2021-08-03 00:00:00.000 UTC,0.614675,0.607154,0.614675,0.61229
2021-08-02 23:00:00.000 UTC,0.618968,0.614137,0.616066,0.61586
2021-08-02 22:00:00.000 UTC,0.618091,0.612335,0.612916,0.616003
2021-08-02 21:00:00.000 UTC,0.612789,0.606997,0.606997,0.612763
2021-08-02 20:00:00.000 UTC,0.608437,0.604732,0.607504,0.608062
2021-08-02 19:00:00.000 UTC,0.614477,0.60767,0.614133,0.609158
2021-08-02 18:00:00.000 UTC,0.612662,0.610662,0.612374,0.612656
2021-08-02 17:00:00.000 UTC,0.611517,0.60912,0.611231,0.610241
2021-08-02 16:00:00.000 UTC,0.615791,0.610102,0.61572,0.61178
2021-08-02 15:00:00.000 UTC,0.62023,0.612662,0.612758,0.616363
2021-08-02 14:00:00.000 UTC,0.615286,0.611329,0.614182,0.613079
2021-08-02 13:00:00.000 UTC,0.614324,0.607924,0.613088,0.613871
2021-08-02 12:00:00.000 UTC,0.615909,0.610294,0.61553,0.613217
2021-08-02 11:00:00.000 UTC,0.622687,0.614779,0.622137,0.61644
2021-08-02 10:00:00.000 UTC,0.618203,0.608201,0.609859,0.617811
2021-08-02 09:00:00.000 UTC,0.611624,0.605124,0.606384,0.611624
2021-08-02 08:00:00.000 UTC,0.616219,0.606759,0.616219,0.606976
2021-08-02 07:00:00.000 UTC,0.622884,0.612382,0.622884,0.613017
2021-08-02 06:00:00.000 UTC,0.626177,0.62115,0.62384,0.62533
2021-08-02 05:00:00.000 UTC,0.628347,0.620863,0.627308,0.62273
2021-08-02 04:00:00.000 UTC,0.631804,0.625841,0.629217,0.625841
2021-08-02 03:00:00.000 UTC,0.633467,0.623348,0.623348,0.62965
2021-08-02 02:00:00.000 UTC,0.633151,0.6222,0.633151,0.623556
2021-08-02 01:00:00.000 UTC,0.646814,0.621323,0.624609,0.633774
2021-08-02 00:00:00.000 UTC,0.628395,0.591682,0.591682,0.623054
2021-08-01 23:00:00.000 UTC,0.602005,0.584097,0.598642,0.591492
2021-08-01 22:00:00.000 UTC,0.609006,0.594363,0.607702,0.596965
2021-08-01 21:00:00.000 UTC,0.609273,0.605163,0.608697,0.607833
2021-08-01 20:00:00.000 UTC,0.611022,0.605269,0.605269,0.609273
2021-08-01 19:00:00.000 UTC,0.606619,0.599282,0.603767,0.605976
2021-08-01 18:00:00.000 UTC,0.605159,0.595139,0.595139,0.604056
2021-08-01 17:00:00.000 UTC,0.601013,0.59439,0.599352,0.59439
2021-08-01 16:00:00.000 UTC,0.607448,0.591062,0.607448,0.600454
2021-08-01 15:00:00.000 UTC,0.620332,0.607015,0.619225,0.607015
2021-08-01 14:00:00.000 UTC,0.621878,0.618808,0.621515,0.620883
2021-08-01 13:00:00.000 UTC,0.622916,0.618887,0.62265,0.622097
2021-08-01 12:00:00.000 UTC,0.625346,0.621415,0.621415,0.623883
2021-08-01 11:00:00.000 UTC,0.62358,0.616056,0.62291,0.621125
2021-08-01 10:00:00.000 UTC,0.630734,0.624846,0.630734,0.624846
2021-08-01 09:00:00.000 UTC,0.630305,0.625073,0.625073,0.62919
2021-08-01 08:00:00.000 UTC,0.627145,0.624837,0.625492,0.625652
2021-08-01 07:00:00.000 UTC,0.627524,0.624548,0.625326,0.62651
2021-08-01 06:00:00.000 UTC,0.626837,0.624834,0.626398,0.626013
2021-08-01 05:00:00.000 UTC,0.629839,0.625777,0.62922,0.625777
2021-08-01 04:00:00.000 UTC,0.634425,0.629028,0.629028,0.62995
2021-08-01 03:00:00.000 UTC,0.629131,0.621951,0.62817,0.629131
2021-08-01 02:00:00.000 UTC,0.633983,0.62555,0.633599,0.627339
2021-08-01 01:00:00.000 UTC,0.641916,0.631977,0.641916,0.632512
2021-08-01 00:00:00.000 UTC,0.643455,0.636867,0.642225,0.641172
2021-07-31 23:00:00.000 UTC,0.651176,0.642423,0.648729,0.642423
2021-07-31 22:00:00.000 UTC,0.650401,0.64754,0.648925,0.648108
2021-07-31 21:00:00.000 UTC,0.649887,0.644207,0.644852,0.649887
2021-07-31 20:00:00.000 UTC,0.6452,0.636885,0.641435,0.645074
2021-07-31 19:00:00.000 UTC,0.642882,0.639291,0.639646,0.641231
2021-07-31 18:00:00.000 UTC,0.639743,0.634454,0.634783,0.639564
2021-07-31 17:00:00.000 UTC,0.637933,0.633757,0.637933,0.633757
2021-07-31 16:00:00.000 UTC,0.644374,0.637635,0.64295,0.637862
2021-07-31 15:00:00.000 UTC,0.641811,0.637666,0.637888,0.641515
2021-07-31 14:00:00.000 UTC,0.642713,0.636671,0.639991,0.639074
2021-07-31 13:00:00.000 UTC,0.646835,0.640042,0.646128,0.640042
2021-07-31 12:00:00.000 UTC,0.650343,0.646591,0.648454,0.646591
2021-07-31 11:00:00.000 UTC,0.649926,0.646445,0.647267,0.647678
2021-07-31 10:00:00.000 UTC,0.655401,0.64664,0.655401,0.64664
2021-07-31 09:00:00.000 UTC,0.669832,0.653481,0.65641,0.659846
2021-07-31 08:00:00.000 UTC,0.658894,0.649763,0.649763,0.653762
2021-07-31 07:00:00.000 UTC,0.650977,0.64816,0.650977,0.648521
2021-07-31 06:00:00.000 UTC,0.652081,0.644991,0.646772,0.652081
2021-07-31 05:00:00.000 UTC,0.654295,0.643544,0.654295,0.648028
2021-07-31 04:00:00.000 UTC,0.657664,0.648534,0.649822,0.650933
2021-07-31 03:00:00.000 UTC,0.65004,0.640564,0.645789,0.65004
2021-07-31 02:00:00.000 UTC,0.651584,0.643661,0.643661,0.645826
2021-07-31 01:00:00.000 UTC,0.642924,0.635891,0.639664,0.642924
2021-07-31 00:00:00.000 UTC,0.654364,0.639206,0.654364,0.639206
2021-07-30 23:00:00.000 UTC,0.659969,0.646644,0.646644,0.658097
2021-07-30 22:00:00.000 UTC,0.651038,0.64493,0.649282,0.646689
2021-07-30 21:00:00.000 UTC,0.657104,0.644148,0.644148,0.648709
2021-07-30 20:00:00.000 UTC,0.643726,0.638575,0.638575,0.641666
2021-07-30 19:00:00.000 UTC,0.636206,0.632499,0.634511,0.636206
2021-07-30 18:00:00.000 UTC,0.637904,0.630247,0.63282,0.634999
2021-07-30 17:00:00.000 UTC,0.634038,0.630371,0.630371,0.63221
2021-07-30 16:00:00.000 UTC,0.636095,0.630823,0.636095,0.631448
2021-07-30 15:00:00.000 UTC,0.636356,0.630871,0.634128,0.636356
2021-07-30 14:00:00.000 UTC,0.633673,0.628266,0.628266,0.632572
2021-07-30 13:00:00.000 UTC,0.633179,0.628225,0.628467,0.629818
2021-07-30 12:00:00.000 UTC,0.631602,0.626793,0.626793,0.628047
2021-07-30 11:00:00.000 UTC,0.638034,0.627429,0.638034,0.627429
2021-07-30 10:00:00.000 UTC,0.638052,0.629295,0.631657,0.638052
2021-07-30 09:00:00.000 UTC,0.631261,0.625521,0.631165,0.631261
2021-07-30 08:00:00.000 UTC,0.652783,0.626067,0.652398,0.626067
2021-07-30 07:00:00.000 UTC,0.672909,0.640404,0.640404,0.653072
2021-07-30 06:00:00.000 UTC,0.640215,0.635559,0.639922,0.639125
2021-07-30 05:00:00.000 UTC,0.641066,0.63675,0.640344,0.641066
2021-07-30 04:00:00.000 UTC,0.643038,0.638705,0.643038,0.638855
2021-07-30 03:00:00.000 UTC,0.645815,0.642427,0.642866,0.643331
2021-07-30 02:00:00.000 UTC,0.651336,0.643995,0.64878,0.644147
2021-07-30 01:00:00.000 UTC,0.650967,0.640621,0.643589,0.649051
2021-07-30 00:00:00.000 UTC,0.665026,0.645142,0.665026,0.645142
2021-07-29 23:00:00.000 UTC,0.667998,0.660544,0.6625,0.661864
2021-07-29 22:00:00.000 UTC,0.666655,0.656479,0.656561,0.661109
2021-07-29 21:00:00.000 UTC,0.665617,0.656231,0.665617,0.656802
2021-07-29 20:00:00.000 UTC,0.672505,0.664963,0.665299,0.664963
2021-07-29 19:00:00.000 UTC,0.666923,0.653066,0.653066,0.666923
2021-07-29 18:00:00.000 UTC,0.655717,0.651567,0.654587,0.65241
2021-07-29 17:00:00.000 UTC,0.656624,0.650814,0.650814,0.656624
2021-07-29 16:00:00.000 UTC,0.655426,0.64974,0.650671,0.650387
2021-07-29 15:00:00.000 UTC,0.660333,0.650781,0.660333,0.651179
2021-07-29 14:00:00.000 UTC,0.663739,0.65884,0.663396,0.660359
2021-07-29 13:00:00.000 UTC,0.660257,0.656418,0.657343,0.659647
2021-07-29 12:00:00.000 UTC,0.660043,0.655601,0.657205,0.657031
2021-07-29 11:00:00.000 UTC,0.666463,0.657909,0.661915,0.658742
2021-07-29 10:00:00.000 UTC,0.666777,0.662475,0.66555,0.663754
2021-07-29 09:00:00.000 UTC,0.666492,0.658688,0.659174,0.665138
2021-07-29 08:00:00.000 UTC,0.662989,0.658726,0.659107,0.659237
2021-07-29 07:00:00.000 UTC,0.667866,0.657197,0.663457,0.660918
2021-07-29 06:00:00.000 UTC,0.668049,0.661213,0.664634,0.661386
2021-07-29 05:00:00.000 UTC,0.668523,0.660147,0.662586,0.667752
2021-07-29 04:00:00.000 UTC,0.670995,0.659828,0.659828,0.664966
2021-07-29 03:00:00.000 UTC,0.65963,0.649967,0.649967,0.659543
2021-07-29 02:00:00.000 UTC,0.658593,0.651114,0.652727,0.651114
2021-07-29 01:00:00.000 UTC,0.665347,0.647155,0.66156,0.653095
2021-07-29 00:00:00.000 UTC,0.694634,0.670544,0.681994,0.67172
2021-07-28 23:00:00.000 UTC,0.683436,0.677171,0.677898,0.677826
2021-07-28 22:00:00.000 UTC,0.686952,0.676512,0.684103,0.676512
2021-07-28 21:00:00.000 UTC,0.687746,0.681954,0.683891,0.687746
2021-07-28 20:00:00.000 UTC,0.687344,0.681958,0.684522,0.682988
2021-07-28 19:00:00.000 UTC,0.691319,0.681222,0.681222,0.685692
2021-07-28 18:00:00.000 UTC,0.679797,0.658734,0.658734,0.679797
2021-07-28 17:00:00.000 UTC,0.686022,0.656517,0.686022,0.656517
2021-07-28 16:00:00.000 UTC,0.685378,0.67279,0.675571,0.685378
2021-07-28 15:00:00.000 UTC,0.677561,0.671667,0.671667,0.677187
2021-07-28 14:00:00.000 UTC,0.683508,0.670407,0.678558,0.670407
2021-07-28 13:00:00.000 UTC,0.68713,0.675256,0.67935,0.677841
2021-07-28 12:00:00.000 UTC,0.701819,0.683869,0.69367,0.683869
2021-07-28 11:00:00.000 UTC,0.692902,0.673739,0.68169,0.692902
2021-07-28 10:00:00.000 UTC,0.695902,0.685068,0.695902,0.685068
2021-07-28 09:00:00.000 UTC,0.698691,0.678177,0.682592,0.698691
2021-07-28 08:00:00.000 UTC,0.686915,0.6698,0.674165,0.680423
2021-07-28 07:00:00.000 UTC,0.702698,0.673912,0.690945,0.673912
2021-07-28 06:00:00.000 UTC,0.714197,0.69559,0.714197,0.69559
2021-07-28 05:00:00.000 UTC,0.719251,0.715005,0.715005,0.715809
2021-07-28 04:00:00.000 UTC,0.724353,0.718056,0.718185,0.721211
2021-07-28 03:00:00.000 UTC,0.723606,0.714491,0.723606,0.720181
2021-07-28 02:00:00.000 UTC,0.727903,0.715137,0.723516,0.725451
2021-07-28 01:00:00.000 UTC,0.751381,0.716519,0.727977,0.721356
2021-07-28 00:00:00.000 UTC,0.750082,0.675101,0.675101,0.731874
2021-07-27 23:00:00.000 UTC,0.686558,0.672511,0.679073,0.675396
2021-07-27 22:00:00.000 UTC,0.69714,0.678607,0.682718,0.687383
2021-07-27 21:00:00.000 UTC,0.690732,0.669983,0.675219,0.690732
2021-07-27 20:00:00.000 UTC,0.68001,0.655696,0.655696,0.673091
2021-07-27 19:00:00.000 UTC,0.660842,0.642774,0.657092,0.658682
2021-07-27 18:00:00.000 UTC,0.655619,0.634366,0.640468,0.655619
2021-07-27 17:00:00.000 UTC,0.647651,0.63478,0.644676,0.638757
2021-07-27 16:00:00.000 UTC,0.670769,0.639837,0.669003,0.639837
2021-07-27 15:00:00.000 UTC,0.698084,0.670432,0.698084,0.670432
2021-07-27 14:00:00.000 UTC,0.706784,0.666639,0.688957,0.696128
2021-07-27 13:00:00.000 UTC,0.701872,0.683417,0.701264,0.689685
2021-07-27 12:00:00.000 UTC,0.711112,0.695569,0.695569,0.70708
2021-07-27 11:00:00.000 UTC,0.726193,0.697385,0.713732,0.697385
2021-07-27 10:00:00.000 UTC,0.721592,0.699421,0.721592,0.715696
2021-07-27 09:00:00.000 UTC,0.741583,0.688046,0.696808,0.71426
2021-07-27 08:00:00.000 UTC,0.706479,0.652301,0.656726,0.706479
2021-07-27 07:00:00.000 UTC,0.66927,0.634459,0.634459,0.652527
2021-07-27 06:00:00.000 UTC,0.639637,0.620292,0.629342,0.632998
2021-07-27 05:00:00.000 UTC,0.63402,0.612161,0.613094,0.625864
2021-07-27 04:00:00.000 UTC,0.615322,0.594128,0.594128,0.611901
2021-07-27 03:00:00.000 UTC,0.596061,0.580062,0.583613,0.594611
2021-07-27 02:00:00.000 UTC,0.596319,0.583291,0.588798,0.586685
2021-07-27 01:00:00.000 UTC,0.616442,0.588899,0.616442,0.589778
2021-07-27 00:00:00.000 UTC,0.657073,0.610765,0.657073,0.614297
2021-07-26 23:00:00.000 UTC,0.667233,0.63165,0.63165,0.656208
2021-07-26 22:00:00.000 UTC,0.63189,0.61739,0.63189,0.62233
2021-07-26 21:00:00.000 UTC,0.631681,0.604828,0.606678,0.631681
2021-07-26 20:00:00.000 UTC,0.617373,0.606626,0.617029,0.606626
2021-07-26 19:00:00.000 UTC,0.630773,0.61324,0.61324,0.622533
2021-07-26 18:00:00.000 UTC,0.639008,0.611711,0.639008,0.611711
2021-07-26 17:00:00.000 UTC,0.643159,0.63309,0.633366,0.643159
2021-07-26 16:00:00.000 UTC,0.656092,0.638022,0.656092,0.638883
2021-07-26 15:00:00.000 UTC,0.657528,0.644206,0.644206,0.656413
2021-07-26 14:00:00.000 UTC,0.648051,0.639376,0.643425,0.643318
2021-07-26 13:00:00.000 UTC,0.666468,0.639718,0.666468,0.642266
2021-07-26 12:00:00.000 UTC,0.677164,0.670774,0.676116,0.672462
2021-07-26 11:00:00.000 UTC,0.689177,0.680964,0.680964,0.681598
2021-07-26 10:00:00.000 UTC,0.691323,0.677468,0.687925,0.6825
2021-07-26 09:00:00.000 UTC,0.691374,0.673655,0.677024,0.686695
2021-07-26 08:00:00.000 UTC,0.679332,0.668654,0.679332,0.679275
2021-07-26 07:00:00.000 UTC,0.676881,0.669376,0.676881,0.674415
2021-07-26 06:00:00.000 UTC,0.685826,0.675647,0.677554,0.678881
2021-07-26 05:00:00.000 UTC,0.67839,0.67164,0.673444,0.67759
2021-07-26 04:00:00.000 UTC,0.697224,0.66732,0.694348,0.672081
2021-07-26 03:00:00.000 UTC,0.702545,0.693304,0.701795,0.696518
2021-07-26 02:00:00.000 UTC,0.709246,0.690721,0.693469,0.706454
2021-07-26 01:00:00.000 UTC,0.734299,0.692858,0.734299,0.692858
2021-07-26 00:00:00.000 UTC,0.761531,0.733259,0.758359,0.739493
2021-07-25 23:00:00.000 UTC,0.763927,0.743961,0.743961,0.7506
2021-07-25 22:00:00.000 UTC,0.749994,0.733934,0.748837,0.741467
2021-07-25 21:00:00.000 UTC,0.766798,0.747593,0.766798,0.7486
2021-07-25 20:00:00.000 UTC,0.761349,0.710537,0.719369,0.761349
2021-07-25 19:00:00.000 UTC,0.722088,0.710945,0.711066,0.7169
2021-07-25 18:00:00.000 UTC,0.719142,0.709713,0.7191,0.709713
2021-07-25 17:00:00.000 UTC,0.729649,0.710467,0.710587,0.717786
2021-07-25 16:00:00.000 UTC,0.7152,0.701357,0.715133,0.706714
2021-07-25 15:00:00.000 UTC,0.72619,0.706032,0.708793,0.715073
2021-07-25 14:00:00.000 UTC,0.71811,0.698453,0.71811,0.707703
2021-07-25 13:00:00.000 UTC,0.754655,0.712297,0.752669,0.726548
2021-07-25 12:00:00.000 UTC,0.761606,0.750373,0.75954,0.750917
2021-07-25 11:00:00.000 UTC,0.761837,0.751061,0.751061,0.759644
2021-07-25 10:00:00.000 UTC,0.780802,0.750491,0.754642,0.754774
2021-07-25 09:00:00.000 UTC,0.75975,0.741897,0.759436,0.758642
2021-07-25 08:00:00.000 UTC,0.772007,0.752579,0.753715,0.758155
2021-07-25 07:00:00.000 UTC,0.779571,0.754324,0.770918,0.761373
2021-07-25 06:00:00.000 UTC,0.771028,0.718292,0.718292,0.771028
2021-07-25 05:00:00.000 UTC,0.729434,0.716961,0.717277,0.719217
2021-07-25 04:00:00.000 UTC,0.72241,0.692415,0.692415,0.712473
2021-07-25 03:00:00.000 UTC,0.71198,0.69912,0.69912,0.700647
2021-07-25 02:00:00.000 UTC,0.707289,0.684475,0.684475,0.705534
2021-07-25 01:00:00.000 UTC,0.724857,0.683832,0.718409,0.683832
2021-07-25 00:00:00.000 UTC,0.785209,0.701166,0.73832,0.714545
2021-07-24 23:00:00.000 UTC,0.754633,0.727146,0.751878,0.745575
2021-07-24 22:00:00.000 UTC,0.770419,0.738881,0.770419,0.759408
2021-07-24 21:00:00.000 UTC,0.759396,0.72354,0.726529,0.757271
2021-07-24 20:00:00.000 UTC,0.756895,0.72119,0.756895,0.735156
2021-07-24 19:00:00.000 UTC,0.789428,0.768434,0.778155,0.768434
2021-07-24 18:00:00.000 UTC,0.789139,0.769785,0.789139,0.783458
2021-07-24 17:00:00.000 UTC,0.805178,0.769564,0.805178,0.785765
2021-07-24 16:00:00.000 UTC,0.820882,0.797919,0.800828,0.801286
2021-07-24 15:00:00.000 UTC,0.846069,0.805162,0.817611,0.816028
2021-07-24 14:00:00.000 UTC,0.828678,0.80945,0.80945,0.817198
2021-07-24 13:00:00.000 UTC,0.822843,0.734127,0.738657,0.822188
2021-07-24 12:00:00.000 UTC,0.741825,0.731171,0.740299,0.736809
2021-07-24 11:00:00.000 UTC,0.74204,0.726714,0.739663,0.734225
2021-07-24 10:00:00.000 UTC,0.765469,0.736272,0.736272,0.745764
2021-07-24 09:00:00.000 UTC,0.738747,0.709944,0.709944,0.738747
2021-07-24 08:00:00.000 UTC,0.73539,0.705859,0.73539,0.705859
2021-07-24 07:00:00.000 UTC,0.747709,0.734905,0.741115,0.736133
2021-07-24 06:00:00.000 UTC,0.745203,0.735241,0.744226,0.738689
2021-07-24 05:00:00.000 UTC,0.749649,0.734714,0.747099,0.74147
2021-07-24 04:00:00.000 UTC,0.744599,0.729714,0.737892,0.740473
2021-07-24 03:00:00.000 UTC,0.734543,0.725399,0.731315,0.734543
2021-07-24 02:00:00.000 UTC,0.736121,0.72622,0.731596,0.731201
2021-07-24 01:00:00.000 UTC,0.749069,0.718225,0.749069,0.74286
2021-07-24 00:00:00.000 UTC,0.776831,0.645003,0.661131,0.760325
2021-07-23 23:00:00.000 UTC,0.684499,0.653525,0.682514,0.653525
2021-07-23 22:00:00.000 UTC,0.691474,0.649051,0.654483,0.683518
2021-07-23 21:00:00.000 UTC,0.670185,0.645594,0.670185,0.655707
2021-07-23 20:00:00.000 UTC,0.663865,0.634451,0.634451,0.647826
2021-07-23 19:00:00.000 UTC,0.641182,0.59521,0.59521,0.629865
2021-07-23 18:00:00.000 UTC,0.612729,0.590177,0.590655,0.596064
2021-07-23 17:00:00.000 UTC,0.592445,0.573737,0.576688,0.592445
2021-07-23 16:00:00.000 UTC,0.584627,0.571726,0.580102,0.584333
2021-07-23 15:00:00.000 UTC,0.602025,0.585522,0.602025,0.585522
2021-07-23 14:00:00.000 UTC,0.610346,0.564258,0.569342,0.604928
2021-07-23 13:00:00.000 UTC,0.57306,0.561531,0.568527,0.571032
2021-07-23 12:00:00.000 UTC,0.569965,0.551827,0.551942,0.568926
2021-07-23 11:00:00.000 UTC,0.555196,0.543619,0.543619,0.549949
2021-07-23 10:00:00.000 UTC,0.547162,0.535745,0.546644,0.543101
2021-07-23 09:00:00.000 UTC,0.5548,0.540394,0.540394,0.552467
2021-07-23 08:00:00.000 UTC,0.571497,0.552341,0.57043,0.553671
2021-07-23 07:00:00.000 UTC,0.580906,0.566889,0.580906,0.57592
2021-07-23 06:00:00.000 UTC,0.578129,0.56263,0.569397,0.573514
2021-07-23 05:00:00.000 UTC,0.585864,0.56645,0.576855,0.567514
2021-07-23 04:00:00.000 UTC,0.576273,0.560098,0.564049,0.576273
2021-07-23 03:00:00.000 UTC,0.56835,0.561108,0.565384,0.561193
2021-07-23 02:00:00.000 UTC,0.584162,0.551918,0.551918,0.565098
2021-07-23 01:00:00.000 UTC,0.546636,0.523068,0.526084,0.546636
2021-07-23 00:00:00.000 UTC,0.528727,0.503127,0.503127,0.526357
2021-07-22 23:00:00.000 UTC,0.504191,0.4932,0.496387,0.504191
2021-07-22 22:00:00.000 UTC,0.50219,0.493465,0.498787,0.494762
2021-07-22 21:00:00.000 UTC,0.506779,0.494653,0.496411,0.498595
2021-07-22 20:00:00.000 UTC,0.508785,0.496288,0.508785,0.499801
2021-07-22 19:00:00.000 UTC,0.508073,0.496467,0.497304,0.508073
2021-07-22 18:00:00.000 UTC,0.513611,0.496263,0.513611,0.504475
2021-07-22 17:00:00.000 UTC,0.514021,0.501628,0.514021,0.508087
2021-07-22 16:00:00.000 UTC,0.513444,0.50018,0.50018,0.513105
2021-07-22 15:00:00.000 UTC,0.498823,0.482309,0.490855,0.498823
2021-07-22 14:00:00.000 UTC,0.488483,0.480256,0.484117,0.482019
2021-07-22 13:00:00.000 UTC,0.486723,0.483157,0.483187,0.484733
2021-07-22 12:00:00.000 UTC,0.487154,0.476481,0.482989,0.48082
2021-07-22 11:00:00.000 UTC,0.489891,0.476591,0.489891,0.481777
2021-07-22 10:00:00.000 UTC,0.489978,0.475329,0.475767,0.483094
2021-07-22 09:00:00.000 UTC,0.497816,0.477865,0.493209,0.483477
2021-07-22 08:00:00.000 UTC,0.50513,0.49296,0.503366,0.494531
2021-07-22 07:00:00.000 UTC,0.508982,0.494538,0.494581,0.501253
2021-07-22 06:00:00.000 UTC,0.50366,0.491524,0.497709,0.492981
2021-07-22 05:00:00.000 UTC,0.512261,0.497888,0.508608,0.498014
2021-07-22 04:00:00.000 UTC,0.514469,0.496401,0.496401,0.506803
2021-07-22 03:00:00.000 UTC,0.507225,0.490328,0.490328,0.498199
2021-07-22 02:00:00.000 UTC,0.496206,0.488107,0.491852,0.489583
2021-07-22 01:00:00.000 UTC,0.503005,0.489407,0.49902,0.49152
2021-07-22 00:00:00.000 UTC,0.522101,0.471074,0.471074,0.49376
2021-07-21 23:00:00.000 UTC,0.490698,0.468619,0.470533,0.468619
2021-07-21 22:00:00.000 UTC,0.476321,0.446099,0.453855,0.466863
2021-07-21 21:00:00.000 UTC,0.446973,0.43258,0.434752,0.441154
2021-07-21 20:00:00.000 UTC,0.440273,0.429576,0.4352,0.440123
2021-07-21 19:00:00.000 UTC,0.438137,0.427708,0.436191,0.429018
2021-07-21 18:00:00.000 UTC,0.452442,0.441664,0.442903,0.443862
2021-07-21 17:00:00.000 UTC,0.456259,0.441954,0.456259,0.448802
2021-07-21 16:00:00.000 UTC,0.466826,0.445541,0.451032,0.458272
2021-07-21 15:00:00.000 UTC,0.456679,0.445283,0.453875,0.450838
2021-07-21 14:00:00.000 UTC,0.447566,0.438889,0.439723,0.447566
2021-07-21 13:00:00.000 UTC,0.439881,0.431997,0.431997,0.439175
2021-07-21 12:00:00.000 UTC,0.4406,0.431437,0.436223,0.431437
2021-07-21 11:00:00.000 UTC,0.441239,0.433995,0.435512,0.440186
2021-07-21 10:00:00.000 UTC,0.447526,0.439742,0.446603,0.439742
2021-07-21 09:00:00.000 UTC,0.441832,0.432724,0.435708,0.441832
2021-07-21 08:00:00.000 UTC,0.441045,0.427392,0.441045,0.433411
2021-07-21 07:00:00.000 UTC,0.445672,0.438158,0.442256,0.439907
2021-07-21 06:00:00.000 UTC,0.448952,0.4397,0.441968,0.448191
2021-07-21 05:00:00.000 UTC,0.449696,0.440788,0.445411,0.445208
2021-07-21 04:00:00.000 UTC,0.452041,0.422615,0.42518,0.452041
2021-07-21 03:00:00.000 UTC,0.430019,0.410264,0.411258,0.423221
2021-07-21 02:00:00.000 UTC,0.417852,0.389045,0.389045,0.411713
2021-07-21 01:00:00.000 UTC,0.395248,0.380575,0.382047,0.395248
2021-07-21 00:00:00.000 UTC,0.402023,0.377535,0.386127,0.377535
2021-07-20 23:00:00.000 UTC,0.39519,0.384401,0.387924,0.38582
2021-07-20 22:00:00.000 UTC,0.397465,0.387333,0.393158,0.387333
2021-07-20 21:00:00.000 UTC,0.405009,0.390818,0.405009,0.393276
2021-07-20 20:00:00.000 UTC,0.410078,0.397949,0.397949,0.40046
2021-07-20 19:00:00.000 UTC,0.407446,0.390422,0.39183,0.39936
2021-07-20 18:00:00.000 UTC,0.398292,0.385577,0.389127,0.392339
2021-07-20 17:00:00.000 UTC,0.393842,0.389184,0.393842,0.389962
2021-07-20 16:00:00.000 UTC,0.399307,0.389283,0.394038,0.394919
2021-07-20 15:00:00.000 UTC,0.401462,0.383002,0.383002,0.392345
2021-07-20 14:00:00.000 UTC,0.388515,0.377534,0.377534,0.382675
2021-07-20 13:00:00.000 UTC,0.392344,0.38097,0.392344,0.382455
2021-07-20 12:00:00.000 UTC,0.391019,0.379648,0.379993,0.391019
2021-07-20 11:00:00.000 UTC,0.390874,0.376176,0.386514,0.380598
2021-07-20 10:00:00.000 UTC,0.385425,0.371334,0.373394,0.385127
2021-07-20 09:00:00.000 UTC,0.389747,0.379399,0.389747,0.380556
2021-07-20 08:00:00.000 UTC,0.399815,0.384554,0.39421,0.384554
2021-07-20 07:00:00.000 UTC,0.397727,0.386569,0.386569,0.390924
2021-07-20 06:00:00.000 UTC,0.391393,0.385506,0.386754,0.387414
2021-07-20 05:00:00.000 UTC,0.392144,0.383475,0.392144,0.39212
2021-07-20 04:00:00.000 UTC,0.393175,0.382792,0.389633,0.393094
2021-07-20 03:00:00.000 UTC,0.398023,0.385918,0.392978,0.388024
2021-07-20 02:00:00.000 UTC,0.408081,0.393353,0.403802,0.394289
2021-07-20 01:00:00.000 UTC,0.429275,0.404644,0.429275,0.404644
2021-07-20 00:00:00.000 UTC,0.441928,0.43049,0.440226,0.43049
2021-07-19 23:00:00.000 UTC,0.449672,0.436555,0.439464,0.437433
2021-07-19 22:00:00.000 UTC,0.447591,0.435651,0.435651,0.440972
2021-07-19 21:00:00.000 UTC,0.449413,0.427728,0.427728,0.437616
2021-07-19 20:00:00.000 UTC,0.438196,0.426512,0.428163,0.428393
2021-07-19 19:00:00.000 UTC,0.43291,0.422154,0.43291,0.427519
2021-07-19 18:00:00.000 UTC,0.435137,0.427837,0.43461,0.433089
2021-07-19 17:00:00.000 UTC,0.439733,0.430154,0.439733,0.433855
2021-07-19 16:00:00.000 UTC,0.440193,0.426644,0.437212,0.4395
2021-07-19 15:00:00.000 UTC,0.447048,0.429653,0.431224,0.431622
2021-07-19 14:00:00.000 UTC,0.430071,0.420225,0.420286,0.430071
2021-07-19 13:00:00.000 UTC,0.429776,0.420346,0.426095,0.420346
2021-07-19 12:00:00.000 UTC,0.445922,0.426243,0.442146,0.426243
2021-07-19 11:00:00.000 UTC,0.452532,0.443523,0.44576,0.443523
2021-07-19 10:00:00.000 UTC,0.462645,0.44638,0.44719,0.44638
2021-07-19 09:00:00.000 UTC,0.455397,0.44608,0.455397,0.44608
2021-07-19 08:00:00.000 UTC,0.465566,0.453575,0.460007,0.457833
2021-07-19 07:00:00.000 UTC,0.468636,0.456292,0.465305,0.461119
2021-07-19 06:00:00.000 UTC,0.462484,0.451386,0.451386,0.462484
2021-07-19 05:00:00.000 UTC,0.461862,0.449497,0.460778,0.451267
2021-07-19 04:00:00.000 UTC,0.459504,0.447922,0.458487,0.449953
2021-07-19 03:00:00.000 UTC,0.45931,0.444321,0.444321,0.458978
2021-07-19 02:00:00.000 UTC,0.45843,0.443892,0.446435,0.444842
2021-07-19 01:00:00.000 UTC,0.46347,0.446206,0.46347,0.446206
2021-07-19 00:00:00.000 UTC,0.48541,0.458186,0.48541,0.460862
2021-07-18 23:00:00.000 UTC,0.492458,0.469588,0.47162,0.492458
2021-07-18 22:00:00.000 UTC,0.497001,0.471101,0.477985,0.471101
2021-07-18 21:00:00.000 UTC,0.481976,0.463091,0.463091,0.478326
2021-07-18 20:00:00.000 UTC,0.465161,0.456149,0.462374,0.464483
2021-07-18 19:00:00.000 UTC,0.463177,0.457088,0.459579,0.461592
2021-07-18 18:00:00.000 UTC,0.464286,0.459029,0.464196,0.459276
2021-07-18 17:00:00.000 UTC,0.476306,0.46147,0.471215,0.465625
2021-07-18 16:00:00.000 UTC,0.470325,0.45104,0.460321,0.470325
2021-07-18 15:00:00.000 UTC,0.465501,0.456018,0.462629,0.456432
2021-07-18 14:00:00.000 UTC,0.47346,0.463614,0.473267,0.466381
2021-07-18 13:00:00.000 UTC,0.492915,0.47155,0.492915,0.47155
2021-07-18 12:00:00.000 UTC,0.501904,0.489743,0.496844,0.496595
2021-07-18 11:00:00.000 UTC,0.509169,0.49626,0.509169,0.503075
2021-07-18 10:00:00.000 UTC,0.510109,0.494265,0.501448,0.510109
2021-07-18 09:00:00.000 UTC,0.50408,0.490243,0.492533,0.49869
2021-07-18 08:00:00.000 UTC,0.50259,0.489498,0.498148,0.489498
2021-07-18 07:00:00.000 UTC,0.505692,0.494397,0.494397,0.499377
2021-07-18 06:00:00.000 UTC,0.516444,0.494572,0.516444,0.494572
2021-07-18 05:00:00.000 UTC,0.524188,0.506854,0.506854,0.512121
2021-07-18 04:00:00.000 UTC,0.51551,0.504024,0.505551,0.506734
2021-07-18 03:00:00.000 UTC,0.514716,0.499568,0.511906,0.51306
2021-07-18 02:00:00.000 UTC,0.520297,0.511838,0.513473,0.513252
2021-07-18 01:00:00.000 UTC,0.525652,0.496118,0.496118,0.511944
2021-07-18 00:00:00.000 UTC,0.500566,0.448633,0.448633,0.496256
2021-07-17 23:00:00.000 UTC,0.454061,0.445579,0.449174,0.448771
2021-07-17 22:00:00.000 UTC,0.454861,0.446233,0.453206,0.449963
2021-07-17 21:00:00.000 UTC,0.461816,0.450133,0.451356,0.460545
2021-07-17 20:00:00.000 UTC,0.469611,0.454801,0.467883,0.454801
2021-07-17 19:00:00.000 UTC,0.487985,0.467164,0.485299,0.472296
2021-07-17 18:00:00.000 UTC,0.484313,0.456372,0.457678,0.471204
2021-07-17 17:00:00.000 UTC,0.45985,0.452374,0.458258,0.455619
2021-07-17 16:00:00.000 UTC,0.470789,0.437981,0.448741,0.459582
2021-07-17 15:00:00.000 UTC,0.449819,0.427142,0.428574,0.449819
2021-07-17 14:00:00.000 UTC,0.431535,0.428422,0.431535,0.429617
2021-07-17 13:00:00.000 UTC,0.440392,0.428268,0.440392,0.431037
2021-07-17 12:00:00.000 UTC,0.447008,0.437538,0.442449,0.439605
2021-07-17 11:00:00.000 UTC,0.445178,0.438283,0.445178,0.441402
2021-07-17 10:00:00.000 UTC,0.458107,0.439627,0.458107,0.439677
2021-07-17 09:00:00.000 UTC,0.461788,0.448653,0.457141,0.454452
2021-07-17 08:00:00.000 UTC,0.463899,0.441602,0.456226,0.461494
2021-07-17 07:00:00.000 UTC,0.478338,0.453185,0.478338,0.457086
2021-07-17 06:00:00.000 UTC,0.476957,0.447311,0.447311,0.476957
2021-07-17 05:00:00.000 UTC,0.464492,0.442081,0.442081,0.446373
2021-07-17 04:00:00.000 UTC,0.450508,0.438759,0.442693,0.438759
2021-07-17 03:00:00.000 UTC,0.454265,0.439883,0.447468,0.449033
2021-07-17 02:00:00.000 UTC,0.455928,0.443979,0.454902,0.447764
2021-07-17 01:00:00.000 UTC,0.472045,0.451946,0.472045,0.452807
2021-07-17 00:00:00.000 UTC,0.492742,0.469211,0.489748,0.469211
2021-07-16 23:00:00.000 UTC,0.494368,0.480985,0.493032,0.48519
2021-07-16 22:00:00.000 UTC,0.508377,0.491486,0.505956,0.491486
2021-07-16 21:00:00.000 UTC,0.523471,0.513179,0.51525,0.514773
2021-07-16 20:00:00.000 UTC,0.523398,0.513961,0.520572,0.513961
2021-07-16 19:00:00.000 UTC,0.529133,0.519887,0.524881,0.520525
2021-07-16 18:00:00.000 UTC,0.537586,0.517597,0.537586,0.524118
2021-07-16 17:00:00.000 UTC,0.543116,0.520781,0.532199,0.521097
2021-07-16 16:00:00.000 UTC,0.535197,0.516828,0.535197,0.532158
2021-07-16 15:00:00.000 UTC,0.538667,0.512279,0.520457,0.538667
2021-07-16 14:00:00.000 UTC,0.536196,0.524965,0.534544,0.532956
2021-07-16 13:00:00.000 UTC,0.548981,0.516121,0.516121,0.526227
2021-07-16 12:00:00.000 UTC,0.520862,0.495629,0.495629,0.520862
2021-07-16 11:00:00.000 UTC,0.508717,0.496287,0.500908,0.507728
2021-07-16 10:00:00.000 UTC,0.516107,0.500472,0.50944,0.502123
2021-07-16 09:00:00.000 UTC,0.523241,0.505061,0.509784,0.51069
2021-07-16 08:00:00.000 UTC,0.534589,0.507521,0.528161,0.519135
2021-07-16 07:00:00.000 UTC,0.54842,0.526536,0.548249,0.527448
2021-07-16 06:00:00.000 UTC,0.562135,0.542855,0.549399,0.547939
2021-07-16 05:00:00.000 UTC,0.561987,0.543873,0.561987,0.548017
2021-07-16 04:00:00.000 UTC,0.574165,0.556296,0.565467,0.561769
2021-07-16 03:00:00.000 UTC,0.599425,0.572956,0.599425,0.572956
2021-07-16 02:00:00.000 UTC,0.615284,0.586448,0.586448,0.600647
2021-07-16 01:00:00.000 UTC,0.591055,0.55928,0.560358,0.589934
2021-07-16 00:00:00.000 UTC,0.576006,0.536922,0.552724,0.556351
2021-07-15 23:00:00.000 UTC,0.576073,0.551113,0.576073,0.552268
2021-07-15 22:00:00.000 UTC,0.566117,0.522646,0.531133,0.566117
2021-07-15 21:00:00.000 UTC,0.533479,0.519292,0.528465,0.522422
2021-07-15 20:00:00.000 UTC,0.553995,0.527758,0.553995,0.528859
2021-07-15 19:00:00.000 UTC,0.550509,0.535773,0.544269,0.549872
2021-07-15 18:00:00.000 UTC,0.56538,0.540141,0.548652,0.541098
2021-07-15 17:00:00.000 UTC,0.566691,0.546169,0.565445,0.546169
2021-07-15 16:00:00.000 UTC,0.585142,0.561729,0.585142,0.564458
2021-07-15 15:00:00.000 UTC,0.613866,0.584221,0.593093,0.585283
2021-07-15 14:00:00.000 UTC,0.612436,0.589823,0.589823,0.599402
2021-07-15 13:00:00.000 UTC,0.624618,0.587796,0.618403,0.590281
2021-07-15 12:00:00.000 UTC,0.65209,0.619283,0.631369,0.619308
2021-07-15 11:00:00.000 UTC,0.651699,0.616472,0.616472,0.645705
2021-07-15 10:00:00.000 UTC,0.665155,0.613415,0.65041,0.619113
2021-07-15 09:00:00.000 UTC,0.672604,0.64893,0.663054,0.650969
2021-07-15 08:00:00.000 UTC,0.685582,0.639843,0.639843,0.656554
2021-07-15 07:00:00.000 UTC,0.651163,0.630722,0.638809,0.637892
2021-07-15 06:00:00.000 UTC,0.642258,0.62006,0.630586,0.635836
2021-07-15 05:00:00.000 UTC,0.674793,0.638707,0.674793,0.638718
2021-07-15 04:00:00.000 UTC,0.689651,0.669825,0.672306,0.67094
2021-07-15 03:00:00.000 UTC,0.700533,0.670257,0.680268,0.680689
2021-07-15 02:00:00.000 UTC,0.69038,0.658821,0.658821,0.689466
2021-07-15 01:00:00.000 UTC,0.69021,0.660312,0.672112,0.675259
2021-07-15 00:00:00.000 UTC,0.664152,0.574753,0.603646,0.644117
2021-07-14 23:00:00.000 UTC,0.602623,0.576016,0.602623,0.596703
2021-07-14 22:00:00.000 UTC,0.626356,0.576318,0.576318,0.595212
2021-07-14 21:00:00.000 UTC,0.580495,0.560587,0.560587,0.574744
2021-07-14 20:00:00.000 UTC,0.576753,0.532139,0.537367,0.576753
2021-07-14 19:00:00.000 UTC,0.554738,0.530608,0.537317,0.530608
2021-07-14 18:00:00.000 UTC,0.539096,0.514282,0.52603,0.53597
2021-07-14 17:00:00.000 UTC,0.530874,0.509525,0.523219,0.530874
2021-07-14 16:00:00.000 UTC,0.518862,0.501414,0.517927,0.518031
2021-07-14 15:00:00.000 UTC,0.528116,0.502092,0.510485,0.506854
2021-07-14 14:00:00.000 UTC,0.512015,0.492859,0.495354,0.511279
2021-07-14 13:00:00.000 UTC,0.50556,0.445753,0.445753,0.501023
2021-07-14 12:00:00.000 UTC,0.456872,0.442974,0.442974,0.445659
2021-07-14 11:00:00.000 UTC,0.449496,0.420514,0.420514,0.446657
2021-07-14 10:00:00.000 UTC,0.432939,0.405863,0.405863,0.419176
2021-07-14 09:00:00.000 UTC,0.411712,0.393826,0.393826,0.404579
2021-07-14 08:00:00.000 UTC,0.404493,0.396597,0.400031,0.396597
2021-07-14 07:00:00.000 UTC,0.406716,0.393985,0.397318,0.402496
2021-07-14 06:00:00.000 UTC,0.404557,0.391366,0.392179,0.394312
2021-07-14 05:00:00.000 UTC,0.415589,0.393999,0.414602,0.398293
2021-07-14 04:00:00.000 UTC,0.420427,0.413533,0.414692,0.414322
2021-07-14 03:00:00.000 UTC,0.447042,0.414252,0.447042,0.414252
2021-07-14 02:00:00.000 UTC,0.45439,0.44573,0.451916,0.446557
2021-07-14 01:00:00.000 UTC,0.45819,0.441164,0.44326,0.453559
2021-07-14 00:00:00.000 UTC,0.463992,0.435164,0.435164,0.454745
2021-07-13 23:00:00.000 UTC,0.450947,0.434696,0.450947,0.434696
2021-07-13 22:00:00.000 UTC,0.458951,0.444631,0.457703,0.448443
2021-07-13 21:00:00.000 UTC,0.460594,0.447186,0.447186,0.453442
2021-07-13 20:00:00.000 UTC,0.454553,0.439181,0.441052,0.446039
2021-07-13 19:00:00.000 UTC,0.461638,0.44145,0.458718,0.44145
2021-07-13 18:00:00.000 UTC,0.473928,0.460466,0.473928,0.461183
2021-07-13 17:00:00.000 UTC,0.467367,0.455153,0.455153,0.467367
2021-07-13 16:00:00.000 UTC,0.461313,0.44934,0.458022,0.461313
2021-07-13 15:00:00.000 UTC,0.46182,0.441393,0.441393,0.459015
2021-07-13 14:00:00.000 UTC,0.452203,0.432501,0.432501,0.447735
2021-07-13 13:00:00.000 UTC,0.434686,0.426681,0.430035,0.434686
2021-07-13 12:00:00.000 UTC,0.451993,0.426717,0.451993,0.426717
2021-07-13 11:00:00.000 UTC,0.45774,0.444593,0.457359,0.453236
2021-07-13 10:00:00.000 UTC,0.465878,0.451355,0.455796,0.45719
2021-07-13 09:00:00.000 UTC,0.45748,0.44795,0.45748,0.451958
2021-07-13 08:00:00.000 UTC,0.460197,0.451219,0.457548,0.456528
2021-07-13 07:00:00.000 UTC,0.468769,0.454415,0.454415,0.463447
2021-07-13 06:00:00.000 UTC,0.456963,0.444797,0.444918,0.456963
2021-07-13 05:00:00.000 UTC,0.457981,0.430973,0.457981,0.444127
2021-07-13 04:00:00.000 UTC,0.45644,0.428235,0.436351,0.45644
2021-07-13 03:00:00.000 UTC,0.437179,0.422736,0.422736,0.433103
2021-07-13 02:00:00.000 UTC,0.430691,0.418903,0.4246,0.425257
2021-07-13 01:00:00.000 UTC,0.428754,0.415289,0.428667,0.419689
2021-07-13 00:00:00.000 UTC,0.442947,0.419215,0.419215,0.434133
2021-07-12 23:00:00.000 UTC,0.431298,0.41951,0.425989,0.41951
2021-07-12 22:00:00.000 UTC,0.430532,0.423604,0.423604,0.425699
2021-07-12 21:00:00.000 UTC,0.428048,0.423558,0.423701,0.424873
2021-07-12 20:00:00.000 UTC,0.429367,0.420407,0.423821,0.422652
2021-07-12 19:00:00.000 UTC,0.431321,0.422135,0.422876,0.422626
2021-07-12 18:00:00.000 UTC,0.432702,0.42261,0.423185,0.432702
2021-07-12 17:00:00.000 UTC,0.431185,0.423486,0.42491,0.423486
2021-07-12 16:00:00.000 UTC,0.43694,0.424207,0.431488,0.425951
2021-07-12 15:00:00.000 UTC,0.441764,0.43313,0.436769,0.440307
2021-07-12 14:00:00.000 UTC,0.445,0.435319,0.445,0.438014
2021-07-12 13:00:00.000 UTC,0.443652,0.431872,0.436274,0.443652
2021-07-12 12:00:00.000 UTC,0.442532,0.432175,0.439616,0.442532
2021-07-12 11:00:00.000 UTC,0.442194,0.435997,0.441265,0.438324
2021-07-12 10:00:00.000 UTC,0.450084,0.441912,0.449908,0.44645
2021-07-12 09:00:00.000 UTC,0.469159,0.453153,0.469159,0.453215
2021-07-12 08:00:00.000 UTC,0.472002,0.464819,0.464819,0.469163
2021-07-12 07:00:00.000 UTC,0.472982,0.464339,0.464984,0.464772
2021-07-12 06:00:00.000 UTC,0.470526,0.461362,0.462293,0.465417
2021-07-12 05:00:00.000 UTC,0.466879,0.460698,0.462181,0.461555
2021-07-12 04:00:00.000 UTC,0.469207,0.463534,0.464279,0.466863
2021-07-12 03:00:00.000 UTC,0.475701,0.464977,0.473592,0.464977
2021-07-12 02:00:00.000 UTC,0.477412,0.464927,0.465071,0.472634
2021-07-12 01:00:00.000 UTC,0.476967,0.460241,0.476967,0.464657
2021-07-12 00:00:00.000 UTC,0.496606,0.475452,0.496606,0.475938
2021-07-11 23:00:00.000 UTC,0.496631,0.482316,0.496408,0.495299
2021-07-11 22:00:00.000 UTC,0.499324,0.483121,0.483121,0.499324
2021-07-11 21:00:00.000 UTC,0.487525,0.47669,0.47669,0.482507
2021-07-11 20:00:00.000 UTC,0.483553,0.474514,0.474913,0.477446
2021-07-11 19:00:00.000 UTC,0.482791,0.468199,0.469916,0.474722
2021-07-11 18:00:00.000 UTC,0.474417,0.467114,0.467762,0.47
2021-07-11 17:00:00.000 UTC,0.476608,0.468419,0.469683,0.468995
2021-07-11 16:00:00.000 UTC,0.478849,0.466762,0.475247,0.476821
2021-07-11 15:00:00.000 UTC,0.480962,0.474769,0.480962,0.475505
2021-07-11 14:00:00.000 UTC,0.48246,0.476565,0.478654,0.478411
2021-07-11 13:00:00.000 UTC,0.482585,0.476682,0.479062,0.481741
2021-07-11 12:00:00.000 UTC,0.496747,0.481253,0.496747,0.484339
2021-07-11 11:00:00.000 UTC,0.491828,0.480834,0.491828,0.487299
2021-07-11 10:00:00.000 UTC,0.501766,0.487412,0.487412,0.493683
2021-07-11 09:00:00.000 UTC,0.4909,0.47214,0.475744,0.4909
2021-07-11 08:00:00.000 UTC,0.481884,0.468127,0.469282,0.475689
2021-07-11 07:00:00.000 UTC,0.476296,0.465501,0.47341,0.470399
2021-07-11 06:00:00.000 UTC,0.472848,0.46196,0.467329,0.463635
2021-07-11 05:00:00.000 UTC,0.478183,0.465696,0.465696,0.468096
2021-07-11 04:00:00.000 UTC,0.47671,0.45976,0.473723,0.47671
2021-07-11 03:00:00.000 UTC,0.483032,0.473296,0.480284,0.477612
2021-07-11 02:00:00.000 UTC,0.482835,0.476293,0.478465,0.482539
2021-07-11 01:00:00.000 UTC,0.495873,0.478136,0.48691,0.480857
2021-07-11 00:00:00.000 UTC,0.509149,0.487314,0.490879,0.489309
2021-07-10 23:00:00.000 UTC,0.506051,0.489387,0.491912,0.493236
2021-07-10 22:00:00.000 UTC,0.500084,0.484755,0.484755,0.489913
2021-07-10 21:00:00.000 UTC,0.492321,0.469049,0.46987,0.483115
2021-07-10 20:00:00.000 UTC,0.48278,0.465865,0.48278,0.469315
2021-07-10 19:00:00.000 UTC,0.507911,0.486431,0.502747,0.486431
2021-07-10 18:00:00.000 UTC,0.513322,0.49479,0.513322,0.502014
2021-07-10 17:00:00.000 UTC,0.534021,0.500879,0.534021,0.512232
2021-07-10 16:00:00.000 UTC,0.541051,0.515671,0.522317,0.535845
2021-07-10 15:00:00.000 UTC,0.527882,0.510709,0.514838,0.521738
2021-07-10 14:00:00.000 UTC,0.522095,0.505062,0.505062,0.517549
2021-07-10 13:00:00.000 UTC,0.532348,0.506034,0.531374,0.506034
2021-07-10 12:00:00.000 UTC,0.525722,0.503099,0.514607,0.515631
2021-07-10 11:00:00.000 UTC,0.518778,0.498152,0.50002,0.508594
2021-07-10 10:00:00.000 UTC,0.519346,0.501688,0.516337,0.509623
2021-07-10 09:00:00.000 UTC,0.528611,0.51015,0.523704,0.51015
2021-07-10 08:00:00.000 UTC,0.540992,0.507563,0.512796,0.524709
2021-07-10 07:00:00.000 UTC,0.523689,0.501887,0.50882,0.520219
2021-07-10 06:00:00.000 UTC,0.522371,0.501131,0.501131,0.519202
2021-07-10 05:00:00.000 UTC,0.512304,0.495623,0.505091,0.501274
2021-07-10 04:00:00.000 UTC,0.527147,0.508033,0.518148,0.510605
2021-07-10 03:00:00.000 UTC,0.53019,0.51501,0.525478,0.526409
2021-07-10 02:00:00.000 UTC,0.530354,0.516316,0.518885,0.530354
2021-07-10 01:00:00.000 UTC,0.533159,0.521933,0.529471,0.526204
2021-07-10 00:00:00.000 UTC,0.54552,0.503223,0.503223,0.53038
2021-07-09 23:00:00.000 UTC,0.519214,0.476879,0.476879,0.501543
2021-07-09 22:00:00.000 UTC,0.494816,0.458321,0.458321,0.480758
2021-07-09 21:00:00.000 UTC,0.463544,0.44742,0.461232,0.463544
2021-07-09 20:00:00.000 UTC,0.462868,0.438729,0.438729,0.462868
2021-07-09 19:00:00.000 UTC,0.431206,0.418017,0.431206,0.422806
2021-07-09 18:00:00.000 UTC,0.4313,0.42266,0.429309,0.4313
2021-07-09 17:00:00.000 UTC,0.450749,0.431835,0.436925,0.431835
2021-07-09 16:00:00.000 UTC,0.472506,0.44142,0.457211,0.443482
2021-07-09 15:00:00.000 UTC,0.447288,0.409057,0.423308,0.447288
2021-07-09 14:00:00.000 UTC,0.43218,0.386815,0.391004,0.425716
2021-07-09 13:00:00.000 UTC,0.401073,0.380308,0.380308,0.394988
2021-07-09 12:00:00.000 UTC,0.386951,0.374269,0.374508,0.38643
2021-07-09 11:00:00.000 UTC,0.383644,0.372482,0.377326,0.374422
2021-07-09 10:00:00.000 UTC,0.387337,0.376501,0.385457,0.377098
2021-07-09 09:00:00.000 UTC,0.39115,0.377887,0.383202,0.384832
2021-07-09 08:00:00.000 UTC,0.39225,0.382943,0.39225,0.384906
2021-07-09 07:00:00.000 UTC,0.403977,0.38918,0.397508,0.38918
2021-07-09 06:00:00.000 UTC,0.406224,0.396675,0.406224,0.402038
2021-07-09 05:00:00.000 UTC,0.422219,0.405733,0.408915,0.405733
2021-07-09 04:00:00.000 UTC,0.405369,0.386405,0.386405,0.403094
2021-07-09 03:00:00.000 UTC,0.405992,0.392463,0.39293,0.392463
2021-07-09 02:00:00.000 UTC,0.392882,0.377405,0.387047,0.392882
2021-07-09 01:00:00.000 UTC,0.395283,0.378251,0.390496,0.378251
2021-07-09 00:00:00.000 UTC,0.440649,0.388175,0.440649,0.388175
2021-07-08 23:00:00.000 UTC,0.43961,0.390555,0.397987,0.43961
2021-07-08 22:00:00.000 UTC,0.41281,0.390008,0.40746,0.390008
2021-07-08 21:00:00.000 UTC,0.419138,0.404862,0.41328,0.406546
2021-07-08 20:00:00.000 UTC,0.424167,0.405669,0.420425,0.405669
2021-07-08 19:00:00.000 UTC,0.429813,0.419648,0.424498,0.420369
2021-07-08 18:00:00.000 UTC,0.432354,0.422834,0.422848,0.422853
2021-07-08 17:00:00.000 UTC,0.434607,0.416516,0.418157,0.433135
2021-07-08 16:00:00.000 UTC,0.435866,0.416184,0.426877,0.416309
2021-07-08 15:00:00.000 UTC,0.439895,0.423263,0.436347,0.425753
2021-07-08 14:00:00.000 UTC,0.464175,0.433815,0.453833,0.433815
2021-07-08 13:00:00.000 UTC,0.478003,0.454746,0.477904,0.454746
2021-07-08 12:00:00.000 UTC,0.488758,0.457919,0.472671,0.4795
2021-07-08 11:00:00.000 UTC,0.472003,0.449229,0.465341,0.458231
2021-07-08 10:00:00.000 UTC,0.479805,0.462341,0.47409,0.468068
2021-07-08 09:00:00.000 UTC,0.498223,0.469462,0.484197,0.478659
2021-07-08 08:00:00.000 UTC,0.491293,0.459915,0.467341,0.491293
2021-07-08 07:00:00.000 UTC,0.492813,0.459831,0.492813,0.459831
2021-07-08 06:00:00.000 UTC,0.51756,0.494445,0.50407,0.500202
2021-07-08 05:00:00.000 UTC,0.543796,0.511525,0.529683,0.512666
2021-07-08 04:00:00.000 UTC,0.539512,0.513035,0.522135,0.532376
2021-07-08 03:00:00.000 UTC,0.528071,0.480826,0.503082,0.528071
2021-07-08 02:00:00.000 UTC,0.50362,0.483409,0.492068,0.483409
2021-07-08 01:00:00.000 UTC,0.502617,0.432308,0.432308,0.4889
2021-07-08 00:00:00.000 UTC,0.415835,0.39626,0.404041,0.412894
2021-07-07 23:00:00.000 UTC,0.414756,0.398899,0.414756,0.403635
2021-07-07 22:00:00.000 UTC,0.422622,0.412212,0.421367,0.418064
2021-07-07 21:00:00.000 UTC,0.433157,0.42232,0.429474,0.425098
2021-07-07 20:00:00.000 UTC,0.445081,0.433312,0.441076,0.43454
2021-07-07 19:00:00.000 UTC,0.446575,0.414949,0.422955,0.441606
2021-07-07 18:00:00.000 UTC,0.423738,0.409823,0.4143,0.423738
2021-07-07 17:00:00.000 UTC,0.428085,0.408537,0.408537,0.415247
2021-07-07 16:00:00.000 UTC,0.418958,0.409215,0.417399,0.415186
2021-07-07 15:00:00.000 UTC,0.435229,0.418894,0.435229,0.419476
2021-07-07 14:00:00.000 UTC,0.444163,0.410129,0.419312,0.444163
2021-07-07 13:00:00.000 UTC,0.417899,0.406133,0.406133,0.416658
2021-07-07 12:00:00.000 UTC,0.422145,0.407668,0.418822,0.41144
2021-07-07 11:00:00.000 UTC,0.422524,0.414355,0.418365,0.414355
2021-07-07 10:00:00.000 UTC,0.423573,0.413028,0.422842,0.423399
2021-07-07 09:00:00.000 UTC,0.433796,0.409727,0.409727,0.425715
2021-07-07 08:00:00.000 UTC,0.415276,0.405424,0.407746,0.407691
2021-07-07 07:00:00.000 UTC,0.423714,0.410837,0.423714,0.412471
2021-07-07 06:00:00.000 UTC,0.429199,0.400065,0.407312,0.428069
2021-07-07 05:00:00.000 UTC,0.403841,0.37302,0.37302,0.403841
2021-07-07 04:00:00.000 UTC,0.377271,0.367865,0.377271,0.373584
2021-07-07 03:00:00.000 UTC,0.379228,0.358475,0.358475,0.367774
2021-07-07 02:00:00.000 UTC,0.363343,0.343575,0.348097,0.363343
2021-07-07 01:00:00.000 UTC,0.354552,0.343158,0.354378,0.343158
2021-07-07 00:00:00.000 UTC,0.35145,0.315068,0.315068,0.35145
2021-07-06 23:00:00.000 UTC,0.323802,0.313037,0.316565,0.313037
2021-07-06 22:00:00.000 UTC,0.324691,0.314772,0.314772,0.317186
2021-07-06 21:00:00.000 UTC,0.320197,0.313008,0.316807,0.319285
2021-07-06 20:00:00.000 UTC,0.322023,0.30653,0.307845,0.315642
2021-07-06 19:00:00.000 UTC,0.313853,0.305347,0.308372,0.313413
2021-07-06 18:00:00.000 UTC,0.313036,0.306543,0.312656,0.309115
2021-07-06 17:00:00.000 UTC,0.312394,0.304796,0.305466,0.312394
2021-07-06 16:00:00.000 UTC,0.312842,0.30751,0.31191,0.309796
2021-07-06 15:00:00.000 UTC,0.321378,0.310762,0.321378,0.31123
2021-07-06 14:00:00.000 UTC,0.32343,0.319093,0.319093,0.322998
2021-07-06 13:00:00.000 UTC,0.33357,0.318866,0.33357,0.323498
2021-07-06 12:00:00.000 UTC,0.330548,0.322749,0.329431,0.330548
2021-07-06 11:00:00.000 UTC,0.33129,0.31789,0.323741,0.33129
2021-07-06 10:00:00.000 UTC,0.323449,0.314907,0.319283,0.323449
2021-07-06 09:00:00.000 UTC,0.340217,0.318626,0.331135,0.322892
2021-07-06 08:00:00.000 UTC,0.332964,0.31122,0.321575,0.326958
2021-07-06 07:00:00.000 UTC,0.319048,0.305821,0.305821,0.317758
2021-07-06 06:00:00.000 UTC,0.311214,0.306553,0.306784,0.310514
2021-07-06 05:00:00.000 UTC,0.314948,0.306715,0.311127,0.306732
2021-07-06 04:00:00.000 UTC,0.317977,0.300346,0.302786,0.314272
2021-07-06 03:00:00.000 UTC,0.298498,0.279642,0.281624,0.296023
2021-07-06 02:00:00.000 UTC,0.283631,0.271809,0.274678,0.282047
2021-07-06 01:00:00.000 UTC,0.275772,0.269464,0.27317,0.275772
2021-07-06 00:00:00.000 UTC,0.274424,0.266647,0.266647,0.274308
2021-07-05 23:00:00.000 UTC,0.273264,0.266139,0.266139,0.271042
2021-07-05 22:00:00.000 UTC,0.269748,0.26624,0.267975,0.26624
2021-07-05 21:00:00.000 UTC,0.269552,0.264416,0.264416,0.268718
2021-07-05 20:00:00.000 UTC,0.268948,0.264479,0.266798,0.264691
2021-07-05 19:00:00.000 UTC,0.267167,0.265475,0.265475,0.266644
2021-07-05 18:00:00.000 UTC,0.266316,0.264177,0.264177,0.265679
2021-07-05 17:00:00.000 UTC,0.264821,0.259596,0.263605,0.261415
2021-07-05 16:00:00.000 UTC,0.266386,0.263144,0.266386,0.263827
2021-07-05 15:00:00.000 UTC,0.267321,0.262617,0.266645,0.267321
2021-07-05 14:00:00.000 UTC,0.266907,0.264587,0.265454,0.266397
2021-07-05 13:00:00.000 UTC,0.266052,0.261856,0.261856,0.26581
2021-07-05 12:00:00.000 UTC,0.263542,0.26101,0.263542,0.261937
2021-07-05 11:00:00.000 UTC,0.282187,0.263208,0.282187,0.263208
2021-07-05 10:00:00.000 UTC,0.282823,0.279515,0.279873,0.282823
2021-07-05 09:00:00.000 UTC,0.284072,0.276294,0.276294,0.278682
2021-07-05 08:00:00.000 UTC,0.271285,0.269009,0.269426,0.271285
2021-07-05 07:00:00.000 UTC,0.272726,0.267703,0.271294,0.268309
2021-07-05 06:00:00.000 UTC,0.27244,0.268116,0.269014,0.271251
2021-07-05 05:00:00.000 UTC,0.269319,0.265867,0.266715,0.269319
2021-07-05 04:00:00.000 UTC,0.268945,0.263378,0.267868,0.267855
2021-07-05 03:00:00.000 UTC,0.270285,0.267293,0.268089,0.267586
2021-07-05 02:00:00.000 UTC,0.270973,0.268276,0.269299,0.268276
2021-07-05 01:00:00.000 UTC,0.282734,0.269435,0.278372,0.26988
2021-07-05 00:00:00.000 UTC,0.287754,0.278732,0.27894,0.279973
2021-07-04 23:00:00.000 UTC,0.281693,0.278287,0.281693,0.278667
2021-07-04 22:00:00.000 UTC,0.288693,0.281409,0.288693,0.28235
2021-07-04 21:00:00.000 UTC,0.287439,0.282087,0.282087,0.287261
2021-07-04 20:00:00.000 UTC,0.285345,0.280485,0.281814,0.28219
2021-07-04 19:00:00.000 UTC,0.286646,0.281145,0.28641,0.281145
2021-07-04 18:00:00.000 UTC,0.286969,0.281669,0.281669,0.283975
2021-07-04 17:00:00.000 UTC,0.282696,0.279999,0.282133,0.28168
2021-07-04 16:00:00.000 UTC,0.285183,0.280464,0.28283,0.280464
2021-07-04 15:00:00.000 UTC,0.28759,0.282073,0.285433,0.282073
2021-07-04 14:00:00.000 UTC,0.290747,0.283514,0.290747,0.2848
2021-07-04 13:00:00.000 UTC,0.292193,0.28853,0.291174,0.289168
2021-07-04 12:00:00.000 UTC,0.30074,0.293423,0.295475,0.293779
2021-07-04 11:00:00.000 UTC,0.300746,0.29271,0.294579,0.29271
2021-07-04 10:00:00.000 UTC,0.297073,0.288688,0.289399,0.292926
2021-07-04 09:00:00.000 UTC,0.297347,0.289008,0.293885,0.289495
2021-07-04 08:00:00.000 UTC,0.294651,0.290464,0.290882,0.292663
2021-07-04 07:00:00.000 UTC,0.297845,0.284491,0.285058,0.295398
2021-07-04 06:00:00.000 UTC,0.284522,0.277279,0.277279,0.283741
2021-07-04 05:00:00.000 UTC,0.285419,0.276149,0.285419,0.280305
2021-07-04 04:00:00.000 UTC,0.280221,0.262739,0.262739,0.280221
2021-07-04 03:00:00.000 UTC,0.264103,0.261525,0.261525,0.262914
2021-07-04 02:00:00.000 UTC,0.262491,0.259606,0.260149,0.261697
2021-07-04 01:00:00.000 UTC,0.263652,0.258327,0.263652,0.260348
2021-07-04 00:00:00.000 UTC,0.269611,0.264013,0.26724,0.265903
2021-07-03 23:00:00.000 UTC,0.267593,0.262018,0.266036,0.267593
2021-07-03 22:00:00.000 UTC,0.271596,0.265121,0.271596,0.265121
2021-07-03 21:00:00.000 UTC,0.270278,0.268395,0.269066,0.270035
2021-07-03 20:00:00.000 UTC,0.272431,0.268674,0.272431,0.268985
2021-07-03 19:00:00.000 UTC,0.273264,0.268714,0.268714,0.270861
2021-07-03 18:00:00.000 UTC,0.274793,0.269039,0.272434,0.269039
2021-07-03 17:00:00.000 UTC,0.275654,0.268643,0.269494,0.272387
2021-07-03 16:00:00.000 UTC,0.271964,0.266991,0.270163,0.271964
2021-07-03 15:00:00.000 UTC,0.268574,0.265916,0.267507,0.267416
2021-07-03 14:00:00.000 UTC,0.272414,0.26065,0.263305,0.266944
2021-07-03 13:00:00.000 UTC,0.262807,0.256559,0.256559,0.262467
2021-07-03 12:00:00.000 UTC,0.258564,0.253627,0.253627,0.2566
2021-07-03 11:00:00.000 UTC,0.256325,0.251256,0.255534,0.25308
2021-07-03 10:00:00.000 UTC,0.257179,0.248836,0.248836,0.255433
2021-07-03 09:00:00.000 UTC,0.252407,0.246871,0.246871,0.248898
2021-07-03 08:00:00.000 UTC,0.248282,0.245094,0.248282,0.246694
2021-07-03 07:00:00.000 UTC,0.24839,0.239972,0.240554,0.245786
2021-07-03 06:00:00.000 UTC,0.241792,0.240044,0.240877,0.240367
2021-07-03 05:00:00.000 UTC,0.243357,0.240328,0.240612,0.243357
2021-07-03 04:00:00.000 UTC,0.240169,0.236874,0.236874,0.240169
2021-07-03 03:00:00.000 UTC,0.23706,0.235439,0.23706,0.236441
2021-07-03 02:00:00.000 UTC,0.240814,0.237045,0.239141,0.239043
2021-07-03 01:00:00.000 UTC,0.243014,0.237664,0.237664,0.238971
2021-07-03 00:00:00.000 UTC,0.246518,0.237223,0.246518,0.237223
2021-07-02 23:00:00.000 UTC,0.246721,0.242335,0.245992,0.245646
2021-07-02 22:00:00.000 UTC,0.249658,0.23396,0.234194,0.248312
2021-07-02 21:00:00.000 UTC,0.236892,0.231537,0.231537,0.234305
2021-07-02 20:00:00.000 UTC,0.231933,0.230675,0.231431,0.231685
2021-07-02 19:00:00.000 UTC,0.23205,0.2309,0.231498,0.231653
2021-07-02 18:00:00.000 UTC,0.23342,0.231062,0.233317,0.231483
2021-07-02 17:00:00.000 UTC,0.234481,0.23351,0.23351,0.233609
2021-07-02 16:00:00.000 UTC,0.236003,0.232904,0.236003,0.233307
2021-07-02 15:00:00.000 UTC,0.231667,0.229868,0.230224,0.231667
2021-07-02 14:00:00.000 UTC,0.231428,0.228954,0.229468,0.230075
2021-07-02 13:00:00.000 UTC,0.229178,0.226803,0.227187,0.229121
2021-07-02 12:00:00.000 UTC,0.227045,0.223839,0.224134,0.227045
2021-07-02 11:00:00.000 UTC,0.225703,0.224443,0.224533,0.224451
2021-07-02 10:00:00.000 UTC,0.227261,0.223944,0.225325,0.22424
2021-07-02 09:00:00.000 UTC,0.230249,0.223901,0.228717,0.225543
2021-07-02 08:00:00.000 UTC,0.233372,0.227994,0.228922,0.228571
2021-07-02 07:00:00.000 UTC,0.232636,0.223902,0.223902,0.232636
2021-07-02 06:00:00.000 UTC,0.227549,0.223189,0.225293,0.223479
2021-07-02 05:00:00.000 UTC,0.229317,0.225355,0.226927,0.225421
2021-07-02 04:00:00.000 UTC,0.229457,0.226352,0.228428,0.226748
2021-07-02 03:00:00.000 UTC,0.234783,0.229174,0.234055,0.229178
2021-07-02 02:00:00.000 UTC,0.23699,0.233993,0.23699,0.234491
2021-07-02 01:00:00.000 UTC,0.248385,0.238442,0.246116,0.238442
2021-07-02 00:00:00.000 UTC,0.252432,0.244902,0.252043,0.245803
2021-07-01 23:00:00.000 UTC,0.250227,0.24681,0.249942,0.250227
2021-07-01 22:00:00.000 UTC,0.250261,0.248808,0.249111,0.249733
2021-07-01 21:00:00.000 UTC,0.248717,0.246564,0.246782,0.248141
2021-07-01 20:00:00.000 UTC,0.249559,0.241791,0.241791,0.247976
2021-07-01 19:00:00.000 UTC,0.251826,0.241621,0.249461,0.245213
2021-07-01 18:00:00.000 UTC,0.250505,0.248803,0.249723,0.249478
2021-07-01 17:00:00.000 UTC,0.252062,0.247775,0.251924,0.249846
2021-07-01 16:00:00.000 UTC,0.256802,0.245919,0.248962,0.253313
2021-07-01 15:00:00.000 UTC,0.250247,0.245473,0.245473,0.249086
2021-07-01 14:00:00.000 UTC,0.251664,0.244669,0.251446,0.244669
2021-07-01 13:00:00.000 UTC,0.253729,0.248948,0.25206,0.248948
2021-07-01 12:00:00.000 UTC,0.258451,0.249535,0.258451,0.254209
2021-07-01 11:00:00.000 UTC,0.25959,0.249177,0.249177,0.25959
2021-07-01 10:00:00.000 UTC,0.25356,0.245734,0.25356,0.247256
2021-07-01 09:00:00.000 UTC,0.262843,0.252657,0.262354,0.253994
2021-07-01 08:00:00.000 UTC,0.268864,0.260141,0.26442,0.261713
2021-07-01 07:00:00.000 UTC,0.270832,0.259396,0.261166,0.265696
2021-07-01 06:00:00.000 UTC,0.265502,0.258559,0.25917,0.263673
2021-07-01 05:00:00.000 UTC,0.262295,0.255943,0.258902,0.259143
2021-07-01 04:00:00.000 UTC,0.258725,0.249759,0.254311,0.258725
2021-07-01 03:00:00.000 UTC,0.253981,0.246497,0.248065,0.253981
2021-07-01 02:00:00.000 UTC,0.258217,0.246947,0.258217,0.247744
2021-07-01 01:00:00.000 UTC,0.261882,0.252407,0.252407,0.25855
2021-07-01 00:00:00.000 UTC,0.254575,0.240601,0.245084,0.25186
2021-06-30 23:00:00.000 UTC,0.24774,0.237382,0.237382,0.24774
2021-06-30 22:00:00.000 UTC,0.241845,0.236448,0.236853,0.237225
2021-06-30 21:00:00.000 UTC,0.242307,0.235763,0.235763,0.238011
2021-06-30 20:00:00.000 UTC,0.235549,0.230453,0.230453,0.235549
2021-06-30 19:00:00.000 UTC,0.23581,0.231812,0.231903,0.233984
2021-06-30 18:00:00.000 UTC,0.235335,0.227168,0.227735,0.231803
2021-06-30 17:00:00.000 UTC,0.22736,0.223442,0.225469,0.22736
2021-06-30 16:00:00.000 UTC,0.229071,0.223937,0.224069,0.225837
2021-06-30 15:00:00.000 UTC,0.243196,0.226937,0.243196,0.226937
2021-06-30 14:00:00.000 UTC,0.244881,0.234259,0.237596,0.244881
2021-06-30 13:00:00.000 UTC,0.235054,0.227069,0.23342,0.235054
2021-06-30 12:00:00.000 UTC,0.237176,0.22685,0.229708,0.234678
2021-06-30 11:00:00.000 UTC,0.230789,0.219496,0.219496,0.230789
2021-06-30 10:00:00.000 UTC,0.221634,0.219002,0.219893,0.219275
2021-06-30 09:00:00.000 UTC,0.223599,0.220731,0.222516,0.221204
2021-06-30 08:00:00.000 UTC,0.231706,0.224625,0.229284,0.224625
2021-06-30 07:00:00.000 UTC,0.225615,0.218901,0.22215,0.223906
2021-06-30 06:00:00.000 UTC,0.222432,0.216057,0.216057,0.220731
2021-06-30 05:00:00.000 UTC,0.218917,0.215924,0.216738,0.218228
2021-06-30 04:00:00.000 UTC,0.222871,0.216696,0.222649,0.216696
2021-06-30 03:00:00.000 UTC,0.228729,0.218668,0.228729,0.223787
2021-06-30 02:00:00.000 UTC,0.230531,0.226716,0.230453,0.227403
2021-06-30 01:00:00.000 UTC,0.227299,0.22025,0.227299,0.226506
2021-06-30 00:00:00.000 UTC,0.23045,0.220169,0.227362,0.226012
2021-06-29 23:00:00.000 UTC,0.230592,0.221987,0.2229,0.225715
2021-06-29 22:00:00.000 UTC,0.223878,0.21883,0.223878,0.222882
2021-06-29 21:00:00.000 UTC,0.223784,0.219665,0.222432,0.223784
2021-06-29 20:00:00.000 UTC,0.227393,0.223322,0.226433,0.223322
2021-06-29 19:00:00.000 UTC,0.225641,0.22218,0.224435,0.225641
2021-06-29 18:00:00.000 UTC,0.225567,0.222305,0.225567,0.223073
2021-06-29 17:00:00.000 UTC,0.229841,0.225074,0.226567,0.225074
2021-06-29 16:00:00.000 UTC,0.226541,0.219114,0.220673,0.226541
2021-06-29 15:00:00.000 UTC,0.223426,0.220225,0.223426,0.220786
2021-06-29 14:00:00.000 UTC,0.223586,0.221229,0.223586,0.22141
2021-06-29 13:00:00.000 UTC,0.224316,0.217387,0.217425,0.224316
2021-06-29 12:00:00.000 UTC,0.219804,0.216445,0.219804,0.218173
2021-06-29 11:00:00.000 UTC,0.219878,0.217009,0.218072,0.217042
2021-06-29 10:00:00.000 UTC,0.22042,0.213481,0.213665,0.21974
2021-06-29 09:00:00.000 UTC,0.215273,0.213107,0.215273,0.213638
2021-06-29 08:00:00.000 UTC,0.217927,0.214525,0.217667,0.214634
2021-06-29 07:00:00.000 UTC,0.22246,0.217492,0.220315,0.217492
2021-06-29 06:00:00.000 UTC,0.225115,0.21669,0.219437,0.223338
2021-06-29 05:00:00.000 UTC,0.220381,0.215734,0.217716,0.220381
2021-06-29 04:00:00.000 UTC,0.219325,0.21351,0.214502,0.217876
2021-06-29 03:00:00.000 UTC,0.215759,0.21251,0.213019,0.214291
2021-06-29 02:00:00.000 UTC,0.218757,0.213129,0.214684,0.213289
2021-06-29 01:00:00.000 UTC,0.214478,0.208941,0.209305,0.214478
2021-06-29 00:00:00.000 UTC,0.210302,0.203589,0.203774,0.208719
2021-06-28 23:00:00.000 UTC,0.20509,0.200833,0.201694,0.20509
2021-06-28 22:00:00.000 UTC,0.20522,0.200614,0.20522,0.201336
2021-06-28 21:00:00.000 UTC,0.204081,0.201754,0.20233,0.202649
2021-06-28 20:00:00.000 UTC,0.204095,0.200124,0.202347,0.20201
2021-06-28 19:00:00.000 UTC,0.203655,0.197892,0.198006,0.203655
2021-06-28 18:00:00.000 UTC,0.200046,0.19801,0.199666,0.198229
2021-06-28 17:00:00.000 UTC,0.20175,0.198292,0.20175,0.198292
2021-06-28 16:00:00.000 UTC,0.203004,0.200988,0.202248,0.201977
2021-06-28 15:00:00.000 UTC,0.203341,0.200679,0.202651,0.201733
2021-06-28 14:00:00.000 UTC,0.205154,0.199899,0.20028,0.203122
2021-06-28 13:00:00.000 UTC,0.202686,0.200586,0.202686,0.201847
2021-06-28 12:00:00.000 UTC,0.202619,0.200224,0.200224,0.200589
2021-06-28 11:00:00.000 UTC,0.201486,0.198329,0.198649,0.201486
2021-06-28 10:00:00.000 UTC,0.200612,0.197576,0.200197,0.197576
2021-06-28 09:00:00.000 UTC,0.203379,0.200425,0.201152,0.200425
2021-06-28 08:00:00.000 UTC,0.202598,0.200253,0.20114,0.201634
2021-06-28 07:00:00.000 UTC,0.198663,0.196037,0.196466,0.197528
2021-06-28 06:00:00.000 UTC,0.19558,0.192831,0.194131,0.194871
2021-06-28 05:00:00.000 UTC,0.194119,0.191519,0.191519,0.194119
2021-06-28 04:00:00.000 UTC,0.193834,0.191285,0.193106,0.192036
2021-06-28 03:00:00.000 UTC,0.191277,0.188777,0.189175,0.191277
2021-06-28 02:00:00.000 UTC,0.190344,0.189256,0.189994,0.189256
2021-06-28 01:00:00.000 UTC,0.191547,0.189841,0.191234,0.190024
2021-06-28 00:00:00.000 UTC,0.191446,0.189184,0.189955,0.191446
2021-06-27 23:00:00.000 UTC,0.190408,0.187932,0.188478,0.190083
2021-06-27 22:00:00.000 UTC,0.188635,0.182455,0.182455,0.188635
2021-06-27 21:00:00.000 UTC,0.182358,0.179152,0.179456,0.18112
2021-06-27 20:00:00.000 UTC,0.182103,0.179913,0.182103,0.181192
2021-06-27 19:00:00.000 UTC,0.180339,0.177226,0.177389,0.180339
2021-06-27 18:00:00.000 UTC,0.181026,0.177238,0.180648,0.177238
2021-06-27 17:00:00.000 UTC,0.180987,0.180304,0.180987,0.180422
2021-06-27 16:00:00.000 UTC,0.182326,0.180386,0.180687,0.18095
2021-06-27 15:00:00.000 UTC,0.181901,0.180458,0.181115,0.181598
2021-06-27 14:00:00.000 UTC,0.182892,0.180632,0.182892,0.181235
2021-06-27 13:00:00.000 UTC,0.185495,0.182097,0.185036,0.182097
2021-06-27 12:00:00.000 UTC,0.183591,0.180709,0.181041,0.183591
2021-06-27 11:00:00.000 UTC,0.182817,0.180569,0.180832,0.181529
2021-06-27 10:00:00.000 UTC,0.181587,0.179287,0.180555,0.179287
2021-06-27 09:00:00.000 UTC,0.183993,0.181332,0.183993,0.181333
2021-06-27 08:00:00.000 UTC,0.18524,0.183998,0.184231,0.183998
2021-06-27 07:00:00.000 UTC,0.185053,0.182857,0.183429,0.185053
2021-06-27 06:00:00.000 UTC,0.187558,0.18412,0.184634,0.18412
2021-06-27 05:00:00.000 UTC,0.188372,0.184593,0.187976,0.184593
2021-06-27 04:00:00.000 UTC,0.188781,0.187097,0.187304,0.188718
2021-06-27 03:00:00.000 UTC,0.189676,0.186867,0.189676,0.187457
2021-06-27 02:00:00.000 UTC,0.190154,0.187086,0.187086,0.189432
2021-06-27 01:00:00.000 UTC,0.189737,0.183576,0.183576,0.187201
2021-06-27 00:00:00.000 UTC,0.184361,0.182247,0.183573,0.182413
2021-06-26 23:00:00.000 UTC,0.18458,0.182799,0.18458,0.183127
2021-06-26 22:00:00.000 UTC,0.184168,0.177989,0.177989,0.184168
2021-06-26 21:00:00.000 UTC,0.178102,0.175816,0.177568,0.178102
2021-06-26 20:00:00.000 UTC,0.179472,0.177343,0.17875,0.177603
2021-06-26 19:00:00.000 UTC,0.179159,0.178546,0.178546,0.179004
2021-06-26 18:00:00.000 UTC,0.181847,0.178858,0.180153,0.179217
2021-06-26 17:00:00.000 UTC,0.17778,0.176127,0.176364,0.177283
2021-06-26 16:00:00.000 UTC,0.178272,0.174506,0.17801,0.177581
2021-06-26 15:00:00.000 UTC,0.179026,0.176456,0.178221,0.17725
2021-06-26 14:00:00.000 UTC,0.179595,0.175458,0.176902,0.179595
2021-06-26 13:00:00.000 UTC,0.180639,0.177248,0.180149,0.177248
2021-06-26 12:00:00.000 UTC,0.181889,0.17967,0.180502,0.179703
2021-06-26 11:00:00.000 UTC,0.181287,0.175251,0.175251,0.18042
2021-06-26 10:00:00.000 UTC,0.177561,0.174475,0.17611,0.174475
2021-06-26 09:00:00.000 UTC,0.177126,0.171546,0.172181,0.176078
2021-06-26 08:00:00.000 UTC,0.176868,0.172046,0.176868,0.172427
2021-06-26 07:00:00.000 UTC,0.183785,0.177454,0.183785,0.177454
2021-06-26 06:00:00.000 UTC,0.187179,0.183937,0.18637,0.183937
2021-06-26 05:00:00.000 UTC,0.188908,0.186161,0.187964,0.186167
2021-06-26 04:00:00.000 UTC,0.186079,0.18461,0.184777,0.186079
2021-06-26 03:00:00.000 UTC,0.185294,0.183636,0.183636,0.185055
2021-06-26 02:00:00.000 UTC,0.18465,0.182691,0.183318,0.183676
2021-06-26 01:00:00.000 UTC,0.18937,0.181864,0.18937,0.181864
2021-06-26 00:00:00.000 UTC,0.189576,0.183244,0.184266,0.189537
2021-06-25 23:00:00.000 UTC,0.187528,0.18315,0.18468,0.185383
2021-06-25 22:00:00.000 UTC,0.191455,0.185043,0.188042,0.185043
2021-06-25 21:00:00.000 UTC,0.191568,0.187797,0.191568,0.188581
2021-06-25 20:00:00.000 UTC,0.19145,0.186494,0.186856,0.19145
2021-06-25 19:00:00.000 UTC,0.190503,0.185965,0.186803,0.186164
2021-06-25 18:00:00.000 UTC,0.188628,0.183893,0.18445,0.186434
2021-06-25 17:00:00.000 UTC,0.188965,0.183938,0.186938,0.184479
2021-06-25 16:00:00.000 UTC,0.191107,0.186036,0.188885,0.188495
2021-06-25 15:00:00.000 UTC,0.191926,0.189078,0.191926,0.191471
2021-06-25 14:00:00.000 UTC,0.200889,0.192306,0.197615,0.192588
2021-06-25 13:00:00.000 UTC,0.200924,0.19782,0.199651,0.19828
2021-06-25 12:00:00.000 UTC,0.201525,0.193313,0.194984,0.199277
2021-06-25 11:00:00.000 UTC,0.198268,0.19333,0.197569,0.193981
2021-06-25 10:00:00.000 UTC,0.197457,0.194872,0.195932,0.196911
2021-06-25 09:00:00.000 UTC,0.200743,0.196098,0.200668,0.196098
2021-06-25 08:00:00.000 UTC,0.199752,0.195915,0.199013,0.199584
2021-06-25 07:00:00.000 UTC,0.201826,0.198455,0.201826,0.20061
2021-06-25 06:00:00.000 UTC,0.2031,0.200658,0.200658,0.2031
2021-06-25 05:00:00.000 UTC,0.20626,0.200045,0.206227,0.200814
2021-06-25 04:00:00.000 UTC,0.211331,0.20654,0.211331,0.207884
2021-06-25 03:00:00.000 UTC,0.212125,0.206039,0.209141,0.212125
2021-06-25 02:00:00.000 UTC,0.211537,0.204209,0.204209,0.209899
2021-06-25 01:00:00.000 UTC,0.206033,0.200874,0.206033,0.205064
2021-06-25 00:00:00.000 UTC,0.209747,0.203031,0.203031,0.207214
2021-06-24 23:00:00.000 UTC,0.205262,0.201599,0.202468,0.204377
2021-06-24 22:00:00.000 UTC,0.207606,0.202998,0.207293,0.202998
2021-06-24 21:00:00.000 UTC,0.206585,0.204113,0.206322,0.206505
2021-06-24 20:00:00.000 UTC,0.207247,0.204009,0.207247,0.206284
2021-06-24 19:00:00.000 UTC,0.205461,0.203546,0.204985,0.205386
2021-06-24 18:00:00.000 UTC,0.209389,0.205326,0.205326,0.205408
2021-06-24 17:00:00.000 UTC,0.208063,0.20317,0.20317,0.205214
2021-06-24 16:00:00.000 UTC,0.204373,0.20201,0.203416,0.204373
2021-06-24 15:00:00.000 UTC,0.205507,0.203813,0.204847,0.203813
2021-06-24 14:00:00.000 UTC,0.208138,0.20328,0.208138,0.204974
2021-06-24 13:00:00.000 UTC,0.212298,0.206708,0.206708,0.207412
2021-06-24 12:00:00.000 UTC,0.206928,0.198195,0.19923,0.206928
2021-06-24 11:00:00.000 UTC,0.200881,0.195709,0.1961,0.198751
2021-06-24 10:00:00.000 UTC,0.199332,0.195566,0.196467,0.19591
2021-06-24 09:00:00.000 UTC,0.200424,0.196215,0.197048,0.196215
2021-06-24 08:00:00.000 UTC,0.198168,0.193504,0.193671,0.198168
2021-06-24 07:00:00.000 UTC,0.198357,0.192808,0.193706,0.194939
2021-06-24 06:00:00.000 UTC,0.195464,0.19055,0.195464,0.194862
2021-06-24 05:00:00.000 UTC,0.193411,0.18597,0.188419,0.192048
2021-06-24 04:00:00.000 UTC,0.189697,0.185009,0.185335,0.186434
2021-06-24 03:00:00.000 UTC,0.188524,0.182064,0.183665,0.188056
2021-06-24 02:00:00.000 UTC,0.185725,0.181831,0.185725,0.181831
2021-06-24 01:00:00.000 UTC,0.190745,0.185484,0.189473,0.18584
2021-06-24 00:00:00.000 UTC,0.196204,0.190923,0.19491,0.191407
2021-06-23 23:00:00.000 UTC,0.194612,0.188631,0.191147,0.194353
2021-06-23 22:00:00.000 UTC,0.190693,0.187985,0.188466,0.190654
2021-06-23 21:00:00.000 UTC,0.187845,0.182533,0.182533,0.187845
2021-06-23 20:00:00.000 UTC,0.187043,0.1838,0.184937,0.184857
2021-06-23 19:00:00.000 UTC,0.187939,0.184492,0.186343,0.185635
2021-06-23 18:00:00.000 UTC,0.188554,0.18437,0.188554,0.18437
2021-06-23 17:00:00.000 UTC,0.191302,0.188723,0.189475,0.189175
2021-06-23 16:00:00.000 UTC,0.19246,0.189948,0.191032,0.191141
2021-06-23 15:00:00.000 UTC,0.198458,0.190698,0.197833,0.191066
2021-06-23 14:00:00.000 UTC,0.198389,0.194876,0.195875,0.198389
2021-06-23 13:00:00.000 UTC,0.20298,0.197312,0.200081,0.197849
2021-06-23 12:00:00.000 UTC,0.199308,0.195041,0.19531,0.198866
2021-06-23 11:00:00.000 UTC,0.200379,0.194341,0.200379,0.195589
2021-06-23 10:00:00.000 UTC,0.207236,0.189204,0.189447,0.20007
2021-06-23 09:00:00.000 UTC,0.190743,0.188659,0.189246,0.190066
2021-06-23 08:00:00.000 UTC,0.193561,0.190396,0.191604,0.190396
2021-06-23 07:00:00.000 UTC,0.19251,0.190393,0.192195,0.192036
2021-06-23 06:00:00.000 UTC,0.193756,0.191811,0.193756,0.192407
2021-06-23 05:00:00.000 UTC,0.193849,0.189877,0.191444,0.193849
2021-06-23 04:00:00.000 UTC,0.192507,0.188082,0.18877,0.192507
2021-06-23 03:00:00.000 UTC,0.188795,0.187252,0.188511,0.188795
2021-06-23 02:00:00.000 UTC,0.190236,0.188007,0.188007,0.189245
2021-06-23 01:00:00.000 UTC,0.187095,0.184608,0.184644,0.186878
2021-06-23 00:00:00.000 UTC,0.183344,0.169254,0.175247,0.183344
2021-06-22 23:00:00.000 UTC,0.178467,0.174879,0.177382,0.176091
2021-06-22 22:00:00.000 UTC,0.179783,0.174451,0.174451,0.175986
2021-06-22 21:00:00.000 UTC,0.179747,0.17272,0.179747,0.173428
2021-06-22 20:00:00.000 UTC,0.178951,0.174087,0.174297,0.178951
2021-06-22 19:00:00.000 UTC,0.177674,0.174417,0.177674,0.174701
2021-06-22 18:00:00.000 UTC,0.18022,0.174555,0.176577,0.178186
2021-06-22 17:00:00.000 UTC,0.176318,0.173329,0.176318,0.176038
2021-06-22 16:00:00.000 UTC,0.17531,0.170134,0.170134,0.17531
2021-06-22 15:00:00.000 UTC,0.16997,0.16142,0.163004,0.16997
2021-06-22 14:00:00.000 UTC,0.161141,0.15188,0.152232,0.161141
2021-06-22 13:00:00.000 UTC,0.158391,0.150999,0.157146,0.150999
2021-06-22 12:00:00.000 UTC,0.165099,0.155584,0.165099,0.155985
2021-06-22 11:00:00.000 UTC,0.171961,0.16604,0.171961,0.166651
2021-06-22 10:00:00.000 UTC,0.174891,0.168655,0.172271,0.171785
2021-06-22 09:00:00.000 UTC,0.17397,0.171674,0.173587,0.171721
2021-06-22 08:00:00.000 UTC,0.184336,0.173202,0.184212,0.173914
2021-06-22 07:00:00.000 UTC,0.186819,0.183856,0.183856,0.18437
2021-06-22 06:00:00.000 UTC,0.186747,0.182754,0.183491,0.184692
2021-06-22 05:00:00.000 UTC,0.192641,0.183138,0.192641,0.183138
2021-06-22 04:00:00.000 UTC,0.193371,0.188843,0.193371,0.189307
2021-06-22 03:00:00.000 UTC,0.194522,0.185964,0.188383,0.193875
2021-06-22 02:00:00.000 UTC,0.186504,0.182014,0.185097,0.186504
2021-06-22 01:00:00.000 UTC,0.184717,0.178785,0.178785,0.184191
2021-06-22 00:00:00.000 UTC,0.181957,0.173246,0.181957,0.178122
2021-06-21 23:00:00.000 UTC,0.18756,0.181021,0.181021,0.181789
2021-06-21 22:00:00.000 UTC,0.190594,0.183583,0.188716,0.183583
2021-06-21 21:00:00.000 UTC,0.199199,0.190371,0.198482,0.190371
2021-06-21 20:00:00.000 UTC,0.202787,0.197435,0.197435,0.199032
2021-06-21 19:00:00.000 UTC,0.20281,0.195813,0.202089,0.196218
2021-06-21 18:00:00.000 UTC,0.201453,0.192638,0.192638,0.201453
2021-06-21 17:00:00.000 UTC,0.195469,0.192599,0.192599,0.192772
2021-06-21 16:00:00.000 UTC,0.201663,0.192345,0.199585,0.192345
2021-06-21 15:00:00.000 UTC,0.202735,0.198703,0.202735,0.198703
2021-06-21 14:00:00.000 UTC,0.203909,0.199684,0.203909,0.202829
2021-06-21 13:00:00.000 UTC,0.203132,0.19421,0.19862,0.202731
2021-06-21 12:00:00.000 UTC,0.202717,0.198634,0.199662,0.198934
2021-06-21 11:00:00.000 UTC,0.201111,0.194597,0.200998,0.199969
2021-06-21 10:00:00.000 UTC,0.21203,0.201904,0.21203,0.201904
2021-06-21 09:00:00.000 UTC,0.212195,0.206436,0.211516,0.210278
2021-06-21 08:00:00.000 UTC,0.213042,0.209317,0.211218,0.210099
2021-06-21 07:00:00.000 UTC,0.216061,0.210441,0.214188,0.21126
2021-06-21 06:00:00.000 UTC,0.22773,0.212693,0.22673,0.212693
2021-06-21 05:00:00.000 UTC,0.225861,0.221227,0.22399,0.224545
2021-06-21 04:00:00.000 UTC,0.226232,0.22047,0.225782,0.220987
2021-06-21 03:00:00.000 UTC,0.228711,0.225709,0.227394,0.225709
2021-06-21 02:00:00.000 UTC,0.233819,0.228322,0.232939,0.228322
2021-06-21 01:00:00.000 UTC,0.236153,0.232841,0.234227,0.23316
2021-06-21 00:00:00.000 UTC,0.239189,0.236284,0.238455,0.236284
2021-06-20 23:00:00.000 UTC,0.239798,0.237482,0.239798,0.239666
2021-06-20 22:00:00.000 UTC,0.240801,0.239456,0.240278,0.240221
2021-06-20 21:00:00.000 UTC,0.240986,0.239205,0.240986,0.240427
2021-06-20 20:00:00.000 UTC,0.241248,0.236799,0.236799,0.241248
2021-06-20 19:00:00.000 UTC,0.238989,0.233576,0.233576,0.236939
2021-06-20 18:00:00.000 UTC,0.233459,0.230736,0.230736,0.233459
2021-06-20 17:00:00.000 UTC,0.232721,0.230724,0.230782,0.230788
2021-06-20 16:00:00.000 UTC,0.232488,0.230178,0.230646,0.23094
2021-06-20 15:00:00.000 UTC,0.23176,0.227746,0.227746,0.231125
2021-06-20 14:00:00.000 UTC,0.22824,0.224482,0.22824,0.227318
2021-06-20 13:00:00.000 UTC,0.227976,0.225345,0.226138,0.225751
2021-06-20 12:00:00.000 UTC,0.227477,0.222928,0.227477,0.225924
2021-06-20 11:00:00.000 UTC,0.232499,0.225316,0.232499,0.225316
2021-06-20 10:00:00.000 UTC,0.242027,0.233795,0.242027,0.233795
2021-06-20 09:00:00.000 UTC,0.244924,0.241141,0.244463,0.243402
2021-06-20 08:00:00.000 UTC,0.246742,0.243958,0.245872,0.244441
2021-06-20 07:00:00.000 UTC,0.246266,0.245085,0.246195,0.245545
2021-06-20 06:00:00.000 UTC,0.247718,0.246587,0.247568,0.246587
2021-06-20 05:00:00.000 UTC,0.248227,0.246936,0.247012,0.247456
2021-06-20 04:00:00.000 UTC,0.247081,0.243858,0.244697,0.246992
2021-06-20 03:00:00.000 UTC,0.246552,0.241752,0.24179,0.24523
2021-06-20 02:00:00.000 UTC,0.244251,0.2407,0.243845,0.2407
2021-06-20 01:00:00.000 UTC,0.244622,0.241628,0.241628,0.243975
2021-06-20 00:00:00.000 UTC,0.247354,0.24139,0.247091,0.24139
2021-06-19 23:00:00.000 UTC,0.251198,0.247609,0.24819,0.247609
2021-06-19 22:00:00.000 UTC,0.251099,0.247505,0.251099,0.247984
2021-06-19 21:00:00.000 UTC,0.252292,0.250581,0.252222,0.251064
2021-06-19 20:00:00.000 UTC,0.251582,0.249391,0.249716,0.251582
2021-06-19 19:00:00.000 UTC,0.249432,0.246788,0.246788,0.249432
2021-06-19 18:00:00.000 UTC,0.250274,0.246166,0.250274,0.246759
2021-06-19 17:00:00.000 UTC,0.251175,0.248155,0.249181,0.250114
2021-06-19 16:00:00.000 UTC,0.253409,0.25071,0.251854,0.251168
2021-06-19 15:00:00.000 UTC,0.253491,0.251197,0.252682,0.251373
2021-06-19 14:00:00.000 UTC,0.252738,0.249362,0.251869,0.252576
2021-06-19 13:00:00.000 UTC,0.251862,0.249888,0.250856,0.251862
2021-06-19 12:00:00.000 UTC,0.254349,0.251176,0.252643,0.251176
2021-06-19 11:00:00.000 UTC,0.252239,0.250742,0.250742,0.252203
2021-06-19 10:00:00.000 UTC,0.251047,0.249555,0.250164,0.251047
2021-06-19 09:00:00.000 UTC,0.252131,0.250664,0.252131,0.250664
2021-06-19 08:00:00.000 UTC,0.253425,0.251948,0.253018,0.252086
2021-06-19 07:00:00.000 UTC,0.25203,0.250262,0.251532,0.251937
2021-06-19 06:00:00.000 UTC,0.252501,0.250135,0.250135,0.251923
2021-06-19 05:00:00.000 UTC,0.251152,0.248406,0.248406,0.250448
2021-06-19 04:00:00.000 UTC,0.251598,0.247445,0.247445,0.248003
2021-06-19 03:00:00.000 UTC,0.252506,0.247757,0.252194,0.247757
2021-06-19 02:00:00.000 UTC,0.259321,0.252463,0.25512,0.252463
2021-06-19 01:00:00.000 UTC,0.259602,0.254043,0.254043,0.25545
2021-06-19 00:00:00.000 UTC,0.260411,0.254432,0.260104,0.254432
2021-06-18 23:00:00.000 UTC,0.260401,0.250826,0.25167,0.25935
2021-06-18 22:00:00.000 UTC,0.251172,0.250204,0.250204,0.251041
2021-06-18 21:00:00.000 UTC,0.249474,0.245871,0.245871,0.249474
2021-06-18 20:00:00.000 UTC,0.248471,0.24592,0.246283,0.24592
2021-06-18 19:00:00.000 UTC,0.246322,0.24439,0.24439,0.246322
2021-06-18 18:00:00.000 UTC,0.25488,0.246131,0.25175,0.249964
2021-06-18 17:00:00.000 UTC,0.256689,0.252451,0.255886,0.255758
2021-06-18 16:00:00.000 UTC,0.256123,0.252769,0.256123,0.255478
2021-06-18 15:00:00.000 UTC,0.257834,0.25301,0.257834,0.256272
2021-06-18 14:00:00.000 UTC,0.26027,0.254954,0.259307,0.255272
2021-06-18 13:00:00.000 UTC,0.26299,0.259065,0.260168,0.259065
2021-06-18 12:00:00.000 UTC,0.264865,0.259774,0.261651,0.260217
2021-06-18 11:00:00.000 UTC,0.267349,0.263606,0.263606,0.264726
2021-06-18 10:00:00.000 UTC,0.266291,0.259923,0.266291,0.263158
2021-06-18 09:00:00.000 UTC,0.269719,0.266953,0.267634,0.266953
2021-06-18 08:00:00.000 UTC,0.268958,0.2671,0.267222,0.268169
2021-06-18 07:00:00.000 UTC,0.269001,0.265435,0.265435,0.267598
2021-06-18 06:00:00.000 UTC,0.269588,0.265676,0.269235,0.265676
2021-06-18 05:00:00.000 UTC,0.271222,0.267109,0.267709,0.270047
2021-06-18 04:00:00.000 UTC,0.267674,0.26536,0.26562,0.267674
2021-06-18 03:00:00.000 UTC,0.268575,0.264805,0.264995,0.265842
2021-06-18 02:00:00.000 UTC,0.268689,0.262637,0.268689,0.26493
2021-06-18 01:00:00.000 UTC,0.271933,0.264998,0.271933,0.269021
2021-06-18 00:00:00.000 UTC,0.275224,0.270379,0.271632,0.272153
2021-06-17 23:00:00.000 UTC,0.274235,0.271598,0.273148,0.271686
2021-06-17 22:00:00.000 UTC,0.272666,0.270656,0.272666,0.272544
2021-06-17 21:00:00.000 UTC,0.272912,0.269652,0.271478,0.272912
2021-06-17 20:00:00.000 UTC,0.271448,0.269196,0.269617,0.271448
2021-06-17 19:00:00.000 UTC,0.269981,0.267849,0.267849,0.26975
2021-06-17 18:00:00.000 UTC,0.272837,0.266493,0.268047,0.267648
2021-06-17 17:00:00.000 UTC,0.276804,0.268179,0.276804,0.268179
2021-06-17 16:00:00.000 UTC,0.280819,0.272942,0.277307,0.276262
2021-06-17 15:00:00.000 UTC,0.283191,0.272369,0.272697,0.283191
2021-06-17 14:00:00.000 UTC,0.277219,0.271946,0.273498,0.27215
2021-06-17 13:00:00.000 UTC,0.273777,0.271736,0.272538,0.273777
2021-06-17 12:00:00.000 UTC,0.277996,0.271927,0.275122,0.272994
2021-06-17 11:00:00.000 UTC,0.279273,0.274125,0.279273,0.274954
2021-06-17 10:00:00.000 UTC,0.280678,0.275156,0.276812,0.278772
2021-06-17 09:00:00.000 UTC,0.282175,0.276277,0.282175,0.276277
2021-06-17 08:00:00.000 UTC,0.282936,0.278489,0.28124,0.278489
2021-06-17 07:00:00.000 UTC,0.28661,0.280537,0.281762,0.281368
2021-06-17 06:00:00.000 UTC,0.281861,0.278645,0.279468,0.281773
2021-06-17 05:00:00.000 UTC,0.281801,0.279109,0.281801,0.279481
2021-06-17 04:00:00.000 UTC,0.284172,0.279645,0.279649,0.280499
2021-06-17 03:00:00.000 UTC,0.279463,0.278109,0.27847,0.279463
2021-06-17 02:00:00.000 UTC,0.282213,0.277688,0.281737,0.278605
2021-06-17 01:00:00.000 UTC,0.282339,0.277884,0.279717,0.281646
2021-06-17 00:00:00.000 UTC,0.28506,0.270026,0.270026,0.278118
2021-06-16 23:00:00.000 UTC,0.272996,0.268553,0.2714,0.269622
2021-06-16 22:00:00.000 UTC,0.279605,0.271725,0.274633,0.271725
2021-06-16 21:00:00.000 UTC,0.274172,0.271825,0.272386,0.273409
2021-06-16 20:00:00.000 UTC,0.27295,0.272177,0.272814,0.272688
2021-06-16 19:00:00.000 UTC,0.275233,0.273299,0.27405,0.273299
2021-06-16 18:00:00.000 UTC,0.27454,0.271591,0.272244,0.27291
2021-06-16 17:00:00.000 UTC,0.271952,0.268458,0.269202,0.271952
2021-06-16 16:00:00.000 UTC,0.275976,0.271412,0.273319,0.271412
2021-06-16 15:00:00.000 UTC,0.274759,0.270194,0.272817,0.272771
2021-06-16 14:00:00.000 UTC,0.278551,0.27562,0.277352,0.275856
2021-06-16 13:00:00.000 UTC,0.280588,0.276639,0.27856,0.276843
2021-06-16 12:00:00.000 UTC,0.279121,0.275627,0.278495,0.279121
2021-06-16 11:00:00.000 UTC,0.287311,0.276726,0.287311,0.276726
2021-06-16 10:00:00.000 UTC,0.293649,0.28515,0.293384,0.28515
2021-06-16 09:00:00.000 UTC,0.298048,0.292363,0.297391,0.294467
2021-06-16 08:00:00.000 UTC,0.300779,0.293517,0.293517,0.299895
2021-06-16 07:00:00.000 UTC,0.296673,0.290906,0.293496,0.294241
2021-06-16 06:00:00.000 UTC,0.292936,0.279696,0.279696,0.292936
2021-06-16 05:00:00.000 UTC,0.281508,0.279148,0.281508,0.27963
2021-06-16 04:00:00.000 UTC,0.282727,0.280438,0.282727,0.281854
2021-06-16 03:00:00.000 UTC,0.283682,0.278671,0.279872,0.282672
2021-06-16 02:00:00.000 UTC,0.282962,0.279581,0.280231,0.279581
2021-06-16 01:00:00.000 UTC,0.282379,0.276961,0.281418,0.279224
2021-06-16 00:00:00.000 UTC,0.286042,0.280224,0.286042,0.281525
2021-06-15 23:00:00.000 UTC,0.288883,0.282775,0.285765,0.285829
2021-06-15 22:00:00.000 UTC,0.282924,0.279217,0.279217,0.282464
2021-06-15 21:00:00.000 UTC,0.281059,0.277845,0.280696,0.278469
2021-06-15 20:00:00.000 UTC,0.280803,0.279109,0.279855,0.280184
2021-06-15 19:00:00.000 UTC,0.285264,0.280142,0.283528,0.28277
2021-06-15 18:00:00.000 UTC,0.289154,0.283698,0.283698,0.283783
2021-06-15 17:00:00.000 UTC,0.286595,0.282456,0.285879,0.282882
2021-06-15 16:00:00.000 UTC,0.287028,0.274784,0.274784,0.287028
2021-06-15 15:00:00.000 UTC,0.277404,0.274372,0.275671,0.274372
2021-06-15 14:00:00.000 UTC,0.278501,0.274855,0.278501,0.275622
2021-06-15 13:00:00.000 UTC,0.281116,0.278597,0.279739,0.278597
2021-06-15 12:00:00.000 UTC,0.28277,0.277861,0.281176,0.27955
2021-06-15 11:00:00.000 UTC,0.279863,0.275952,0.279321,0.279863
2021-06-15 10:00:00.000 UTC,0.280826,0.277736,0.280826,0.277736
2021-06-15 09:00:00.000 UTC,0.279066,0.275698,0.279066,0.278136
2021-06-15 08:00:00.000 UTC,0.284334,0.280071,0.282141,0.280071
2021-06-15 07:00:00.000 UTC,0.283989,0.279397,0.28237,0.282252
2021-06-15 06:00:00.000 UTC,0.28279,0.280485,0.280702,0.282586
2021-06-15 05:00:00.000 UTC,0.283403,0.281945,0.283092,0.282264
2021-06-15 04:00:00.000 UTC,0.286426,0.279193,0.279972,0.283717
2021-06-15 03:00:00.000 UTC,0.283901,0.276881,0.276881,0.280317
2021-06-15 02:00:00.000 UTC,0.279321,0.275672,0.275687,0.27702
2021-06-15 01:00:00.000 UTC,0.283069,0.276476,0.283069,0.277717
2021-06-15 00:00:00.000 UTC,0.288167,0.283238,0.284696,0.284678
2021-06-14 23:00:00.000 UTC,0.284748,0.278455,0.278455,0.284748
2021-06-14 22:00:00.000 UTC,0.280578,0.277384,0.277384,0.278292
2021-06-14 21:00:00.000 UTC,0.277697,0.275429,0.275785,0.276345
2021-06-14 20:00:00.000 UTC,0.27775,0.275355,0.275489,0.275875
2021-06-14 19:00:00.000 UTC,0.277308,0.27338,0.274365,0.275543
2021-06-14 18:00:00.000 UTC,0.278218,0.274409,0.277705,0.274409
2021-06-14 17:00:00.000 UTC,0.27935,0.27739,0.278117,0.278019
2021-06-14 16:00:00.000 UTC,0.282882,0.276424,0.281275,0.276477
2021-06-14 15:00:00.000 UTC,0.280374,0.278689,0.280129,0.280374
2021-06-14 14:00:00.000 UTC,0.282519,0.28027,0.28139,0.280548
2021-06-14 13:00:00.000 UTC,0.282374,0.273371,0.273371,0.282112
2021-06-14 12:00:00.000 UTC,0.273132,0.269682,0.272235,0.273132
2021-06-14 11:00:00.000 UTC,0.273389,0.272466,0.272683,0.272466
2021-06-14 10:00:00.000 UTC,0.273295,0.271167,0.271581,0.272652
2021-06-14 09:00:00.000 UTC,0.273889,0.272029,0.272995,0.272029
2021-06-14 08:00:00.000 UTC,0.278094,0.274701,0.278094,0.275053
2021-06-14 07:00:00.000 UTC,0.281818,0.277374,0.277699,0.27831
2021-06-14 06:00:00.000 UTC,0.282473,0.277094,0.280464,0.277094
2021-06-14 05:00:00.000 UTC,0.282151,0.272821,0.274007,0.280878
2021-06-14 04:00:00.000 UTC,0.27351,0.269552,0.271649,0.27351
2021-06-14 03:00:00.000 UTC,0.272367,0.269619,0.272367,0.270918
2021-06-14 02:00:00.000 UTC,0.273041,0.27049,0.273041,0.271444
2021-06-14 01:00:00.000 UTC,0.275379,0.270798,0.271716,0.273158
2021-06-14 00:00:00.000 UTC,0.279216,0.271973,0.279216,0.272129
2021-06-13 23:00:00.000 UTC,0.2762,0.273903,0.275195,0.2762
2021-06-13 22:00:00.000 UTC,0.277785,0.274245,0.275293,0.275554
2021-06-13 21:00:00.000 UTC,0.277678,0.275614,0.276058,0.277263
2021-06-13 20:00:00.000 UTC,0.277288,0.265731,0.265731,0.277288
2021-06-13 19:00:00.000 UTC,0.268293,0.264949,0.266458,0.265697
2021-06-13 18:00:00.000 UTC,0.267726,0.266166,0.266166,0.26661
2021-06-13 17:00:00.000 UTC,0.265903,0.263082,0.263229,0.265903
2021-06-13 16:00:00.000 UTC,0.263454,0.257529,0.257613,0.263267
2021-06-13 15:00:00.000 UTC,0.257242,0.2552,0.255214,0.257242
2021-06-13 14:00:00.000 UTC,0.258636,0.25553,0.258636,0.25553
2021-06-13 13:00:00.000 UTC,0.260965,0.258269,0.260794,0.259051
2021-06-13 12:00:00.000 UTC,0.26221,0.258789,0.26221,0.258789
2021-06-13 11:00:00.000 UTC,0.263088,0.260642,0.263056,0.262316
2021-06-13 10:00:00.000 UTC,0.262888,0.26224,0.262381,0.262776
2021-06-13 09:00:00.000 UTC,0.26208,0.260507,0.260507,0.26153
2021-06-13 08:00:00.000 UTC,0.262083,0.259533,0.260608,0.260522
2021-06-13 07:00:00.000 UTC,0.261236,0.260165,0.260165,0.261075
2021-06-13 06:00:00.000 UTC,0.260027,0.258643,0.259754,0.259786
2021-06-13 05:00:00.000 UTC,0.262631,0.25917,0.261137,0.259703
2021-06-13 04:00:00.000 UTC,0.26196,0.259196,0.26094,0.261368
2021-06-13 03:00:00.000 UTC,0.265718,0.25929,0.265718,0.261201
2021-06-13 02:00:00.000 UTC,0.267849,0.265613,0.267182,0.265943
2021-06-13 01:00:00.000 UTC,0.271805,0.266227,0.270784,0.266227
2021-06-13 00:00:00.000 UTC,0.26708,0.260956,0.262655,0.26708
2021-06-12 23:00:00.000 UTC,0.271033,0.266032,0.267185,0.266032
2021-06-12 22:00:00.000 UTC,0.270951,0.265237,0.268377,0.266198
2021-06-12 21:00:00.000 UTC,0.271265,0.267035,0.267836,0.268557
2021-06-12 20:00:00.000 UTC,0.269956,0.266839,0.267878,0.268079
2021-06-12 19:00:00.000 UTC,0.271163,0.267908,0.270746,0.267908
2021-06-12 18:00:00.000 UTC,0.273681,0.269147,0.269783,0.271299
2021-06-12 17:00:00.000 UTC,0.269818,0.266382,0.266382,0.269818
2021-06-12 16:00:00.000 UTC,0.27001,0.266831,0.27001,0.266831
2021-06-12 15:00:00.000 UTC,0.274197,0.269698,0.271802,0.270041
2021-06-12 14:00:00.000 UTC,0.275305,0.270704,0.274288,0.271525
2021-06-12 13:00:00.000 UTC,0.275002,0.271447,0.273207,0.274007
2021-06-12 12:00:00.000 UTC,0.27515,0.266497,0.266642,0.273348
2021-06-12 11:00:00.000 UTC,0.270122,0.264505,0.270053,0.266593
2021-06-12 10:00:00.000 UTC,0.273223,0.258217,0.263048,0.273223
2021-06-12 09:00:00.000 UTC,0.266784,0.262583,0.263006,0.26264
2021-06-12 08:00:00.000 UTC,0.266878,0.262505,0.266878,0.262505
2021-06-12 07:00:00.000 UTC,0.270647,0.263998,0.264245,0.263998
2021-06-12 06:00:00.000 UTC,0.264689,0.260001,0.260001,0.263725
2021-06-12 05:00:00.000 UTC,0.269258,0.259054,0.265284,0.259054
2021-06-12 04:00:00.000 UTC,0.271848,0.263135,0.270826,0.265905
2021-06-12 03:00:00.000 UTC,0.277731,0.268769,0.273406,0.268769
2021-06-12 02:00:00.000 UTC,0.285318,0.270974,0.281922,0.275077
2021-06-12 01:00:00.000 UTC,0.301979,0.285882,0.301979,0.286017
2021-06-12 00:00:00.000 UTC,0.310239,0.292802,0.310239,0.301625
2021-06-11 23:00:00.000 UTC,0.312736,0.301647,0.311068,0.307337
2021-06-11 22:00:00.000 UTC,0.311622,0.301816,0.30238,0.311575
2021-06-11 21:00:00.000 UTC,0.311647,0.299323,0.311643,0.299384
2021-06-11 20:00:00.000 UTC,0.31337,0.308033,0.312961,0.31248
2021-06-11 19:00:00.000 UTC,0.316535,0.310669,0.316535,0.312553
2021-06-11 18:00:00.000 UTC,0.319127,0.311978,0.315075,0.314032
2021-06-11 17:00:00.000 UTC,0.321346,0.316255,0.321346,0.320483
2021-06-11 16:00:00.000 UTC,0.323887,0.31493,0.31493,0.31795
2021-06-11 15:00:00.000 UTC,0.326602,0.314296,0.325281,0.314296
2021-06-11 14:00:00.000 UTC,0.334414,0.325719,0.33059,0.328921
2021-06-11 13:00:00.000 UTC,0.338278,0.330597,0.337445,0.334287
2021-06-11 12:00:00.000 UTC,0.346287,0.329239,0.331033,0.33821
2021-06-11 11:00:00.000 UTC,0.338307,0.32934,0.335927,0.329498
2021-06-11 10:00:00.000 UTC,0.337996,0.327249,0.328243,0.335851
2021-06-11 09:00:00.000 UTC,0.331688,0.316622,0.32172,0.331688
2021-06-11 08:00:00.000 UTC,0.31748,0.29648,0.29648,0.31366
2021-06-11 07:00:00.000 UTC,0.297329,0.28901,0.28901,0.29625
2021-06-11 06:00:00.000 UTC,0.292199,0.289062,0.292199,0.289348
2021-06-11 05:00:00.000 UTC,0.294028,0.292436,0.293655,0.292524
2021-06-11 04:00:00.000 UTC,0.292878,0.288486,0.288486,0.292878
2021-06-11 03:00:00.000 UTC,0.289735,0.287348,0.287348,0.28752
2021-06-11 02:00:00.000 UTC,0.286853,0.283666,0.286853,0.286263
2021-06-11 01:00:00.000 UTC,0.29661,0.284707,0.29661,0.287168
2021-06-11 00:00:00.000 UTC,0.301318,0.293956,0.301318,0.293956
2021-06-10 23:00:00.000 UTC,0.301827,0.289373,0.294733,0.301827
2021-06-10 22:00:00.000 UTC,0.29319,0.283312,0.283312,0.292123
2021-06-10 21:00:00.000 UTC,0.283618,0.281264,0.283348,0.283103
2021-06-10 20:00:00.000 UTC,0.288545,0.27795,0.288545,0.283065
2021-06-10 19:00:00.000 UTC,0.288234,0.285777,0.287516,0.286906
2021-06-10 18:00:00.000 UTC,0.287771,0.286556,0.286722,0.286898
2021-06-10 17:00:00.000 UTC,0.298423,0.285709,0.296613,0.287102
2021-06-10 16:00:00.000 UTC,0.304315,0.289218,0.289639,0.301686
2021-06-10 15:00:00.000 UTC,0.297488,0.289097,0.292574,0.289097
2021-06-10 14:00:00.000 UTC,0.300263,0.291797,0.300263,0.292056
2021-06-10 13:00:00.000 UTC,0.29803,0.293551,0.294417,0.296996
2021-06-10 12:00:00.000 UTC,0.298308,0.293453,0.298308,0.295343
2021-06-10 11:00:00.000 UTC,0.300241,0.295954,0.298203,0.297815
2021-06-10 10:00:00.000 UTC,0.302943,0.297824,0.300169,0.297824
2021-06-10 09:00:00.000 UTC,0.300696,0.290533,0.292648,0.300578
2021-06-10 08:00:00.000 UTC,0.298232,0.292261,0.297022,0.292261
2021-06-10 07:00:00.000 UTC,0.297551,0.294248,0.296628,0.296302
2021-06-10 06:00:00.000 UTC,0.300239,0.290602,0.293645,0.297175
2021-06-10 05:00:00.000 UTC,0.296021,0.285724,0.285724,0.295114
2021-06-10 04:00:00.000 UTC,0.289812,0.285161,0.287835,0.285917
2021-06-10 03:00:00.000 UTC,0.291038,0.286212,0.286212,0.2881
2021-06-10 02:00:00.000 UTC,0.287932,0.285038,0.285038,0.286341
2021-06-10 01:00:00.000 UTC,0.290149,0.28581,0.287188,0.287637
2021-06-10 00:00:00.000 UTC,0.290849,0.286123,0.290678,0.287402
2021-06-09 23:00:00.000 UTC,0.289916,0.288823,0.289393,0.289916
2021-06-09 22:00:00.000 UTC,0.288751,0.284162,0.284626,0.28777
2021-06-09 21:00:00.000 UTC,0.285371,0.282852,0.283646,0.284496
2021-06-09 20:00:00.000 UTC,0.286801,0.281713,0.286801,0.282416
2021-06-09 19:00:00.000 UTC,0.287204,0.282173,0.283569,0.287204
2021-06-09 18:00:00.000 UTC,0.289347,0.283106,0.287336,0.284602
2021-06-09 17:00:00.000 UTC,0.29036,0.287384,0.288593,0.287384
2021-06-09 16:00:00.000 UTC,0.291034,0.286958,0.288715,0.289147
2021-06-09 15:00:00.000 UTC,0.290476,0.278011,0.278011,0.288064
2021-06-09 14:00:00.000 UTC,0.284017,0.27855,0.27855,0.28066
2021-06-09 13:00:00.000 UTC,0.283581,0.279284,0.283581,0.280554
2021-06-09 12:00:00.000 UTC,0.28791,0.279114,0.279114,0.283714
2021-06-09 11:00:00.000 UTC,0.278406,0.274876,0.275034,0.277898
2021-06-09 10:00:00.000 UTC,0.277501,0.271074,0.272177,0.277501
2021-06-09 09:00:00.000 UTC,0.276629,0.269739,0.269739,0.273622
2021-06-09 08:00:00.000 UTC,0.276209,0.270534,0.276209,0.270852
2021-06-09 07:00:00.000 UTC,0.281513,0.27697,0.279515,0.277981
2021-06-09 06:00:00.000 UTC,0.279051,0.272461,0.274302,0.279051
2021-06-09 05:00:00.000 UTC,0.277363,0.271281,0.271593,0.274336
2021-06-09 04:00:00.000 UTC,0.269193,0.266158,0.26753,0.267905
2021-06-09 03:00:00.000 UTC,0.270581,0.266191,0.26859,0.268926
2021-06-09 02:00:00.000 UTC,0.271785,0.263693,0.26558,0.269898
2021-06-09 01:00:00.000 UTC,0.272663,0.268083,0.272663,0.268083
2021-06-09 00:00:00.000 UTC,0.282591,0.272088,0.281988,0.272088
2021-06-08 23:00:00.000 UTC,0.282915,0.280713,0.281184,0.281716
2021-06-08 22:00:00.000 UTC,0.283305,0.279025,0.281245,0.279025
2021-06-08 21:00:00.000 UTC,0.283037,0.279186,0.279702,0.282219
2021-06-08 20:00:00.000 UTC,0.281356,0.272252,0.273747,0.279588
2021-06-08 19:00:00.000 UTC,0.272951,0.270206,0.270206,0.272947
2021-06-08 18:00:00.000 UTC,0.273313,0.267355,0.267355,0.273195
2021-06-08 17:00:00.000 UTC,0.267648,0.260735,0.266274,0.267648
2021-06-08 16:00:00.000 UTC,0.268177,0.259773,0.259773,0.262729
2021-06-08 15:00:00.000 UTC,0.261519,0.25702,0.260643,0.260169
2021-06-08 14:00:00.000 UTC,0.272242,0.262924,0.269922,0.264547
2021-06-08 13:00:00.000 UTC,0.274286,0.270387,0.273404,0.270387
2021-06-08 12:00:00.000 UTC,0.285084,0.274021,0.284311,0.274021
2021-06-08 11:00:00.000 UTC,0.282971,0.274037,0.274037,0.282971
2021-06-08 10:00:00.000 UTC,0.28051,0.274555,0.274905,0.277396
2021-06-08 09:00:00.000 UTC,0.280599,0.274906,0.280536,0.274906
2021-06-08 08:00:00.000 UTC,0.284798,0.278117,0.278117,0.28055
2021-06-08 07:00:00.000 UTC,0.280615,0.27019,0.272118,0.277913
2021-06-08 06:00:00.000 UTC,0.276909,0.27249,0.274583,0.27249
2021-06-08 05:00:00.000 UTC,0.277802,0.272247,0.27508,0.272943
2021-06-08 04:00:00.000 UTC,0.279342,0.274357,0.274357,0.277641
2021-06-08 03:00:00.000 UTC,0.276679,0.270805,0.275076,0.274456
2021-06-08 02:00:00.000 UTC,0.293408,0.277496,0.293408,0.277496
2021-06-08 01:00:00.000 UTC,0.296673,0.290092,0.291094,0.290092
2021-06-08 00:00:00.000 UTC,0.299579,0.292186,0.298575,0.2936
2021-06-07 23:00:00.000 UTC,0.306477,0.297211,0.306477,0.298354
2021-06-07 22:00:00.000 UTC,0.305114,0.302153,0.304497,0.302153
2021-06-07 21:00:00.000 UTC,0.317217,0.30471,0.314895,0.30471
2021-06-07 20:00:00.000 UTC,0.32408,0.320374,0.321253,0.320374
2021-06-07 19:00:00.000 UTC,0.321129,0.319011,0.319011,0.321012
2021-06-07 18:00:00.000 UTC,0.32369,0.319269,0.321266,0.319522
2021-06-07 17:00:00.000 UTC,0.322963,0.32081,0.322467,0.320973
2021-06-07 16:00:00.000 UTC,0.323115,0.322282,0.322588,0.322637
2021-06-07 15:00:00.000 UTC,0.323321,0.322407,0.322949,0.322984
2021-06-07 14:00:00.000 UTC,0.326501,0.322281,0.325046,0.32244
2021-06-07 13:00:00.000 UTC,0.328888,0.325618,0.327982,0.326188
2021-06-07 12:00:00.000 UTC,0.328877,0.325858,0.326353,0.327969
2021-06-07 11:00:00.000 UTC,0.3283,0.326633,0.3283,0.326633
2021-06-07 10:00:00.000 UTC,0.33302,0.325841,0.325841,0.328854
2021-06-07 09:00:00.000 UTC,0.326292,0.323196,0.323694,0.325886
2021-06-07 08:00:00.000 UTC,0.325357,0.323133,0.323925,0.323377
2021-06-07 07:00:00.000 UTC,0.324261,0.323031,0.324261,0.323864
2021-06-07 06:00:00.000 UTC,0.327708,0.324099,0.327708,0.324099
2021-06-07 05:00:00.000 UTC,0.328012,0.325485,0.325512,0.327912
2021-06-07 04:00:00.000 UTC,0.32742,0.325364,0.32622,0.325841
2021-06-07 03:00:00.000 UTC,0.32913,0.32562,0.32913,0.325689
2021-06-07 02:00:00.000 UTC,0.329409,0.326642,0.328224,0.329409
2021-06-07 01:00:00.000 UTC,0.327334,0.323988,0.326204,0.327334
2021-06-07 00:00:00.000 UTC,0.325469,0.321997,0.324482,0.325469
2021-06-06 23:00:00.000 UTC,0.324408,0.320961,0.321054,0.324318
2021-06-06 22:00:00.000 UTC,0.326218,0.319115,0.326218,0.320248
2021-06-06 21:00:00.000 UTC,0.327091,0.321514,0.321514,0.326351
2021-06-06 20:00:00.000 UTC,0.320791,0.317914,0.318294,0.320791
2021-06-06 19:00:00.000 UTC,0.319368,0.318097,0.319368,0.318397
2021-06-06 18:00:00.000 UTC,0.322053,0.319191,0.322053,0.319716
2021-06-06 17:00:00.000 UTC,0.326932,0.322255,0.325079,0.322255
2021-06-06 16:00:00.000 UTC,0.325894,0.322777,0.322861,0.325894
2021-06-06 15:00:00.000 UTC,0.324208,0.321942,0.321942,0.322674
2021-06-06 14:00:00.000 UTC,0.321026,0.317673,0.317999,0.321026
2021-06-06 13:00:00.000 UTC,0.324241,0.318235,0.322463,0.318235
2021-06-06 12:00:00.000 UTC,0.328353,0.322127,0.322127,0.323734
2021-06-06 11:00:00.000 UTC,0.322285,0.320003,0.321561,0.321701
2021-06-06 10:00:00.000 UTC,0.325962,0.321166,0.325639,0.321405
2021-06-06 09:00:00.000 UTC,0.325714,0.324685,0.32481,0.325245
2021-06-06 08:00:00.000 UTC,0.325713,0.321573,0.321573,0.323372
2021-06-06 07:00:00.000 UTC,0.321255,0.319924,0.320578,0.32117
2021-06-06 06:00:00.000 UTC,0.324326,0.319905,0.323232,0.321188
2021-06-06 05:00:00.000 UTC,0.323167,0.319391,0.319685,0.322985
2021-06-06 04:00:00.000 UTC,0.320359,0.318405,0.318405,0.319573
2021-06-06 03:00:00.000 UTC,0.319019,0.317721,0.318974,0.318496
2021-06-06 02:00:00.000 UTC,0.319996,0.318678,0.318678,0.319094
2021-06-06 01:00:00.000 UTC,0.320659,0.316388,0.316388,0.319204
2021-06-06 00:00:00.000 UTC,0.318678,0.316707,0.31771,0.316922
2021-06-05 23:00:00.000 UTC,0.317287,0.31276,0.31276,0.317287
2021-06-05 22:00:00.000 UTC,0.315285,0.31163,0.31163,0.312484
2021-06-05 21:00:00.000 UTC,0.320644,0.311943,0.320644,0.311943
2021-06-05 20:00:00.000 UTC,0.322763,0.3185,0.319093,0.321299
2021-06-05 19:00:00.000 UTC,0.324268,0.320887,0.322696,0.320887
2021-06-05 18:00:00.000 UTC,0.323083,0.320354,0.320354,0.322822
2021-06-05 17:00:00.000 UTC,0.321611,0.319516,0.319516,0.320197
2021-06-05 16:00:00.000 UTC,0.321774,0.318665,0.321774,0.318817
2021-06-05 15:00:00.000 UTC,0.321354,0.315313,0.315621,0.321354
2021-06-05 14:00:00.000 UTC,0.318941,0.315292,0.317122,0.315886
2021-06-05 13:00:00.000 UTC,0.318349,0.315825,0.317168,0.318349
2021-06-05 12:00:00.000 UTC,0.320833,0.316357,0.319237,0.317644
2021-06-05 11:00:00.000 UTC,0.329236,0.321422,0.329236,0.323656
2021-06-05 10:00:00.000 UTC,0.329376,0.322416,0.326237,0.322416
2021-06-05 09:00:00.000 UTC,0.344505,0.331697,0.344505,0.331697
2021-06-05 08:00:00.000 UTC,0.344824,0.338278,0.339245,0.344824
2021-06-05 07:00:00.000 UTC,0.344916,0.340403,0.34266,0.340403
2021-06-05 06:00:00.000 UTC,0.341851,0.336727,0.336727,0.341851
2021-06-05 05:00:00.000 UTC,0.338766,0.335799,0.338731,0.337255
2021-06-05 04:00:00.000 UTC,0.338596,0.336327,0.336327,0.338498
2021-06-05 03:00:00.000 UTC,0.337881,0.335764,0.337033,0.336171
2021-06-05 02:00:00.000 UTC,0.339673,0.335761,0.339673,0.336414
2021-06-05 01:00:00.000 UTC,0.339718,0.337286,0.337954,0.339667
2021-06-05 00:00:00.000 UTC,0.340845,0.332951,0.334165,0.337879
2021-06-04 23:00:00.000 UTC,0.339138,0.328559,0.335448,0.335623
2021-06-04 22:00:00.000 UTC,0.33661,0.331393,0.33316,0.336576
2021-06-04 21:00:00.000 UTC,0.335109,0.332147,0.332147,0.333717
2021-06-04 20:00:00.000 UTC,0.334191,0.327323,0.327323,0.333209
2021-06-04 19:00:00.000 UTC,0.339029,0.326463,0.329642,0.326463
2021-06-04 18:00:00.000 UTC,0.331299,0.328955,0.330763,0.330204
2021-06-04 17:00:00.000 UTC,0.332151,0.32576,0.325949,0.331033
2021-06-04 16:00:00.000 UTC,0.329619,0.325062,0.326316,0.325062
2021-06-04 15:00:00.000 UTC,0.326574,0.324971,0.325432,0.326259
2021-06-04 14:00:00.000 UTC,0.325021,0.317575,0.324716,0.325021
2021-06-04 13:00:00.000 UTC,0.326045,0.321958,0.322077,0.324289
2021-06-04 12:00:00.000 UTC,0.322429,0.308474,0.317454,0.321772
2021-06-04 11:00:00.000 UTC,0.320944,0.316862,0.319132,0.317426
2021-06-04 10:00:00.000 UTC,0.326015,0.319529,0.325003,0.319529
2021-06-04 09:00:00.000 UTC,0.325154,0.320455,0.32119,0.324755
2021-06-04 08:00:00.000 UTC,0.324307,0.321091,0.322756,0.322546
2021-06-04 07:00:00.000 UTC,0.329931,0.319585,0.322802,0.323339
2021-06-04 06:00:00.000 UTC,0.330092,0.3268,0.327638,0.328175
2021-06-04 05:00:00.000 UTC,0.346597,0.325943,0.344027,0.328644
2021-06-04 04:00:00.000 UTC,0.341555,0.33712,0.338651,0.341521
2021-06-04 03:00:00.000 UTC,0.342032,0.337469,0.341082,0.339357
2021-06-04 02:00:00.000 UTC,0.340798,0.335952,0.339677,0.340682
2021-06-04 01:00:00.000 UTC,0.356056,0.339124,0.356056,0.339267
2021-06-04 00:00:00.000 UTC,0.367408,0.355587,0.363208,0.356007
2021-06-03 23:00:00.000 UTC,0.369787,0.362422,0.365708,0.362422
2021-06-03 22:00:00.000 UTC,0.370416,0.360896,0.362046,0.367699
2021-06-03 21:00:00.000 UTC,0.361093,0.357453,0.358148,0.361093
2021-06-03 20:00:00.000 UTC,0.35757,0.353431,0.353524,0.356933
2021-06-03 19:00:00.000 UTC,0.354338,0.349816,0.351974,0.353463
2021-06-03 18:00:00.000 UTC,0.354162,0.34982,0.350822,0.351126
2021-06-03 17:00:00.000 UTC,0.354019,0.3505,0.351904,0.3505
2021-06-03 16:00:00.000 UTC,0.353441,0.346014,0.346543,0.353441
2021-06-03 15:00:00.000 UTC,0.350384,0.338499,0.338499,0.345417
2021-06-03 14:00:00.000 UTC,0.339834,0.337347,0.337347,0.338234
2021-06-03 13:00:00.000 UTC,0.344809,0.335558,0.344219,0.336413
2021-06-03 12:00:00.000 UTC,0.343968,0.339072,0.341664,0.343968
2021-06-03 11:00:00.000 UTC,0.350773,0.341094,0.350773,0.342934
2021-06-03 10:00:00.000 UTC,0.354494,0.34835,0.350336,0.34835
2021-06-03 09:00:00.000 UTC,0.351233,0.347584,0.347597,0.351233
2021-06-03 08:00:00.000 UTC,0.351059,0.345669,0.345669,0.346728
2021-06-03 07:00:00.000 UTC,0.348226,0.340569,0.340569,0.346987
2021-06-03 06:00:00.000 UTC,0.340998,0.3364,0.339152,0.340573
2021-06-03 05:00:00.000 UTC,0.340225,0.333082,0.333082,0.339121
2021-06-03 04:00:00.000 UTC,0.332835,0.330659,0.330659,0.332835
2021-06-03 03:00:00.000 UTC,0.331278,0.327949,0.328085,0.330658
2021-06-03 02:00:00.000 UTC,0.328162,0.32283,0.325762,0.328162
2021-06-03 01:00:00.000 UTC,0.333905,0.32672,0.329258,0.32672
2021-06-03 00:00:00.000 UTC,0.333311,0.328403,0.333311,0.328403
2021-06-02 23:00:00.000 UTC,0.335813,0.325567,0.325621,0.333918
2021-06-02 22:00:00.000 UTC,0.330028,0.324914,0.329725,0.324914
2021-06-02 21:00:00.000 UTC,0.331364,0.329185,0.329185,0.330675
2021-06-02 20:00:00.000 UTC,0.3299,0.326718,0.3299,0.328952
2021-06-02 19:00:00.000 UTC,0.330215,0.328625,0.329128,0.329832
2021-06-02 18:00:00.000 UTC,0.329618,0.327752,0.329461,0.329618
2021-06-02 17:00:00.000 UTC,0.330307,0.327603,0.329495,0.329011
2021-06-02 16:00:00.000 UTC,0.331542,0.328743,0.331542,0.328743
2021-06-02 15:00:00.000 UTC,0.338077,0.331513,0.334746,0.331513
2021-06-02 14:00:00.000 UTC,0.336967,0.330406,0.331919,0.33501
2021-06-02 13:00:00.000 UTC,0.335477,0.322441,0.323906,0.333489
2021-06-02 12:00:00.000 UTC,0.324175,0.318321,0.318321,0.324175
2021-06-02 11:00:00.000 UTC,0.32042,0.318222,0.319829,0.318588
2021-06-02 10:00:00.000 UTC,0.324904,0.319602,0.324904,0.319602
2021-06-02 09:00:00.000 UTC,0.326471,0.323756,0.323756,0.325046
2021-06-02 08:00:00.000 UTC,0.3235,0.322117,0.323402,0.323157
2021-06-02 07:00:00.000 UTC,0.324697,0.319267,0.319267,0.323799
2021-06-02 06:00:00.000 UTC,0.321126,0.319265,0.3208,0.319265
2021-06-02 05:00:00.000 UTC,0.32075,0.31829,0.319272,0.32075
2021-06-02 04:00:00.000 UTC,0.320965,0.318513,0.318838,0.31881
2021-06-02 03:00:00.000 UTC,0.32104,0.317587,0.317903,0.318937
2021-06-02 02:00:00.000 UTC,0.318849,0.317415,0.317415,0.318531
2021-06-02 01:00:00.000 UTC,0.317309,0.313673,0.316987,0.31726
2021-06-02 00:00:00.000 UTC,0.322372,0.31443,0.322372,0.317913
2021-06-01 23:00:00.000 UTC,0.323151,0.315113,0.315113,0.322372
2021-06-01 22:00:00.000 UTC,0.318386,0.314787,0.318161,0.315172
2021-06-01 21:00:00.000 UTC,0.320217,0.316292,0.317062,0.317281
2021-06-01 20:00:00.000 UTC,0.316761,0.312731,0.312731,0.316629
2021-06-01 19:00:00.000 UTC,0.320852,0.312707,0.320852,0.312707
2021-06-01 18:00:00.000 UTC,0.321689,0.317658,0.317658,0.321649
2021-06-01 17:00:00.000 UTC,0.317081,0.313428,0.313428,0.316955
2021-06-01 16:00:00.000 UTC,0.316831,0.313428,0.314608,0.313428
2021-06-01 15:00:00.000 UTC,0.316979,0.314608,0.316878,0.314608
2021-06-01 14:00:00.000 UTC,0.321818,0.317086,0.32094,0.317086
2021-06-01 13:00:00.000 UTC,0.323042,0.312177,0.314858,0.321949
2021-06-01 12:00:00.000 UTC,0.320311,0.315626,0.320311,0.31577
2021-06-01 11:00:00.000 UTC,0.322269,0.317928,0.31912,0.320796
2021-06-01 10:00:00.000 UTC,0.320543,0.31672,0.31672,0.318651
2021-06-01 09:00:00.000 UTC,0.319245,0.315083,0.315388,0.317702
2021-06-01 08:00:00.000 UTC,0.327909,0.314325,0.326192,0.315725
2021-06-01 07:00:00.000 UTC,0.328291,0.324311,0.324311,0.326098
2021-06-01 06:00:00.000 UTC,0.330139,0.32329,0.330139,0.32329
2021-06-01 05:00:00.000 UTC,0.331086,0.325685,0.326791,0.33064
2021-06-01 04:00:00.000 UTC,0.328905,0.322282,0.322282,0.327961
2021-06-01 03:00:00.000 UTC,0.32595,0.320296,0.321561,0.321429
2021-06-01 02:00:00.000 UTC,0.324952,0.32037,0.324938,0.322188
2021-06-01 01:00:00.000 UTC,0.331202,0.325339,0.331202,0.32652
2021-06-01 00:00:00.000 UTC,0.334075,0.331807,0.334075,0.331807
2021-05-31 23:00:00.000 UTC,0.334089,0.327392,0.327392,0.334089
2021-05-31 22:00:00.000 UTC,0.328647,0.323444,0.325431,0.328496
2021-05-31 21:00:00.000 UTC,0.325558,0.319285,0.319285,0.325558
2021-05-31 20:00:00.000 UTC,0.322038,0.317949,0.320781,0.31943
2021-05-31 19:00:00.000 UTC,0.319657,0.315828,0.315828,0.319657
2021-05-31 18:00:00.000 UTC,0.318581,0.315524,0.318581,0.315524
2021-05-31 17:00:00.000 UTC,0.325352,0.317052,0.325352,0.317496
2021-05-31 16:00:00.000 UTC,0.328786,0.324274,0.324274,0.325087
2021-05-31 15:00:00.000 UTC,0.325709,0.319343,0.319343,0.324718
2021-05-31 14:00:00.000 UTC,0.324965,0.313913,0.324965,0.318601
2021-05-31 13:00:00.000 UTC,0.324899,0.316753,0.316753,0.319154
2021-05-31 12:00:00.000 UTC,0.32567,0.317908,0.322141,0.317908
2021-05-31 11:00:00.000 UTC,0.327225,0.323145,0.327225,0.323145
2021-05-31 10:00:00.000 UTC,0.325993,0.31642,0.31642,0.325993
2021-05-31 09:00:00.000 UTC,0.320069,0.316996,0.319327,0.317011
2021-05-31 08:00:00.000 UTC,0.319527,0.311759,0.315528,0.319527
2021-05-31 07:00:00.000 UTC,0.318008,0.312485,0.312485,0.317347
2021-05-31 06:00:00.000 UTC,0.309217,0.301628,0.301628,0.309217
2021-05-31 05:00:00.000 UTC,0.302281,0.297943,0.298277,0.301605
2021-05-31 04:00:00.000 UTC,0.301398,0.297147,0.300853,0.299129
2021-05-31 03:00:00.000 UTC,0.299877,0.296277,0.299877,0.29854
2021-05-31 02:00:00.000 UTC,0.300058,0.295337,0.298989,0.300058
2021-05-31 01:00:00.000 UTC,0.308486,0.298539,0.307813,0.299053
2021-05-31 00:00:00.000 UTC,0.317257,0.307626,0.315629,0.308823
2021-05-30 23:00:00.000 UTC,0.317045,0.312493,0.317045,0.314628
2021-05-30 22:00:00.000 UTC,0.329538,0.315902,0.318384,0.318575
2021-05-30 21:00:00.000 UTC,0.320278,0.318948,0.319915,0.31932
2021-05-30 20:00:00.000 UTC,0.320458,0.316608,0.31834,0.320055
2021-05-30 19:00:00.000 UTC,0.324976,0.319538,0.32182,0.319538
2021-05-30 18:00:00.000 UTC,0.320353,0.314306,0.314306,0.320353
2021-05-30 17:00:00.000 UTC,0.314396,0.312013,0.312013,0.314053
2021-05-30 16:00:00.000 UTC,0.312691,0.307805,0.310103,0.310218
2021-05-30 15:00:00.000 UTC,0.309482,0.307293,0.307891,0.309164
2021-05-30 14:00:00.000 UTC,0.317617,0.308439,0.317617,0.308684
2021-05-30 13:00:00.000 UTC,0.321911,0.316503,0.317353,0.317042
2021-05-30 12:00:00.000 UTC,0.332655,0.316614,0.32834,0.316614
2021-05-30 11:00:00.000 UTC,0.328269,0.321702,0.321702,0.326825
2021-05-30 10:00:00.000 UTC,0.319578,0.313998,0.319578,0.318871
2021-05-30 09:00:00.000 UTC,0.321148,0.316463,0.321148,0.320796
2021-05-30 08:00:00.000 UTC,0.323187,0.312628,0.312628,0.319329
2021-05-30 07:00:00.000 UTC,0.313866,0.309397,0.311756,0.312655
2021-05-30 06:00:00.000 UTC,0.310294,0.303463,0.303463,0.310294
2021-05-30 05:00:00.000 UTC,0.303577,0.291326,0.291326,0.303577
2021-05-30 04:00:00.000 UTC,0.294581,0.291498,0.293351,0.292205
2021-05-30 03:00:00.000 UTC,0.293194,0.289246,0.2906,0.29247
2021-05-30 02:00:00.000 UTC,0.290697,0.284646,0.285778,0.290382
2021-05-30 01:00:00.000 UTC,0.288659,0.283271,0.286381,0.285762
2021-05-30 00:00:00.000 UTC,0.308235,0.284541,0.305653,0.28516
2021-05-29 23:00:00.000 UTC,0.309134,0.29652,0.297357,0.305926
2021-05-29 22:00:00.000 UTC,0.302149,0.296641,0.302149,0.296641
2021-05-29 21:00:00.000 UTC,0.300211,0.290126,0.290126,0.300211
2021-05-29 20:00:00.000 UTC,0.292783,0.285319,0.291328,0.288391
2021-05-29 19:00:00.000 UTC,0.291068,0.28612,0.290289,0.290901
2021-05-29 18:00:00.000 UTC,0.291119,0.287168,0.289101,0.288247
2021-05-29 17:00:00.000 UTC,0.302491,0.288824,0.302491,0.288824
2021-05-29 16:00:00.000 UTC,0.30196,0.296013,0.296013,0.301227
2021-05-29 15:00:00.000 UTC,0.304252,0.295085,0.304252,0.295085
2021-05-29 14:00:00.000 UTC,0.30907,0.303665,0.307658,0.304429
2021-05-29 13:00:00.000 UTC,0.31389,0.302952,0.313518,0.305537
2021-05-29 12:00:00.000 UTC,0.31774,0.31148,0.31774,0.311523
2021-05-29 11:00:00.000 UTC,0.324142,0.310073,0.317082,0.317625
2021-05-29 10:00:00.000 UTC,0.324502,0.317701,0.323805,0.317701
2021-05-29 09:00:00.000 UTC,0.326104,0.320878,0.326104,0.323664
2021-05-29 08:00:00.000 UTC,0.329461,0.32257,0.322641,0.326683
2021-05-29 07:00:00.000 UTC,0.325642,0.319668,0.324055,0.322281
2021-05-29 06:00:00.000 UTC,0.329528,0.32583,0.32769,0.32583
2021-05-29 05:00:00.000 UTC,0.331605,0.319194,0.321607,0.328137
2021-05-29 04:00:00.000 UTC,0.335801,0.325633,0.32809,0.335801
2021-05-29 03:00:00.000 UTC,0.327629,0.323123,0.323756,0.325569
2021-05-29 02:00:00.000 UTC,0.325619,0.322445,0.32282,0.323009
2021-05-29 01:00:00.000 UTC,0.328434,0.32258,0.325513,0.32258
2021-05-29 00:00:00.000 UTC,0.345931,0.324843,0.338766,0.324843
2021-05-28 23:00:00.000 UTC,0.341367,0.325678,0.325678,0.341178
2021-05-28 22:00:00.000 UTC,0.328813,0.320469,0.320469,0.324515
2021-05-28 21:00:00.000 UTC,0.33142,0.315504,0.33142,0.318678
2021-05-28 20:00:00.000 UTC,0.349022,0.333599,0.346939,0.333599
2021-05-28 19:00:00.000 UTC,0.352107,0.346722,0.350535,0.347737
2021-05-28 18:00:00.000 UTC,0.350943,0.336936,0.339486,0.350943
2021-05-28 17:00:00.000 UTC,0.344035,0.337254,0.337254,0.340176
2021-05-28 16:00:00.000 UTC,0.353168,0.340732,0.352019,0.344447
2021-05-28 15:00:00.000 UTC,0.360845,0.33898,0.341604,0.351712
2021-05-28 14:00:00.000 UTC,0.353583,0.334566,0.340937,0.345043
2021-05-28 13:00:00.000 UTC,0.343921,0.328029,0.328029,0.342
2021-05-28 12:00:00.000 UTC,0.325162,0.309444,0.309444,0.324769
2021-05-28 11:00:00.000 UTC,0.327746,0.308905,0.324861,0.308905
2021-05-28 10:00:00.000 UTC,0.330049,0.323519,0.327627,0.325216
2021-05-28 09:00:00.000 UTC,0.345782,0.320573,0.331969,0.328894
2021-05-28 08:00:00.000 UTC,0.348677,0.341798,0.342712,0.343046
2021-05-28 07:00:00.000 UTC,0.344808,0.330134,0.331639,0.340428
2021-05-28 06:00:00.000 UTC,0.344478,0.33012,0.339316,0.330467
2021-05-28 05:00:00.000 UTC,0.359968,0.338183,0.348164,0.338183
2021-05-28 04:00:00.000 UTC,0.375859,0.349978,0.36166,0.350809
2021-05-28 03:00:00.000 UTC,0.376174,0.36024,0.36841,0.36024
2021-05-28 02:00:00.000 UTC,0.37123,0.362488,0.362784,0.365885
2021-05-28 01:00:00.000 UTC,0.364468,0.352648,0.355327,0.363099
2021-05-28 00:00:00.000 UTC,0.389595,0.335939,0.335939,0.355041
2021-05-27 23:00:00.000 UTC,0.340626,0.334378,0.338228,0.3375
2021-05-27 22:00:00.000 UTC,0.346031,0.338603,0.346031,0.338603
2021-05-27 21:00:00.000 UTC,0.347819,0.335187,0.337614,0.34689
2021-05-27 20:00:00.000 UTC,0.350325,0.337782,0.341596,0.338903
2021-05-27 19:00:00.000 UTC,0.348712,0.340017,0.348712,0.340966
2021-05-27 18:00:00.000 UTC,0.350761,0.337207,0.338693,0.348836
2021-05-27 17:00:00.000 UTC,0.338715,0.334459,0.334459,0.338589
2021-05-27 16:00:00.000 UTC,0.34105,0.333041,0.34105,0.333762
2021-05-27 15:00:00.000 UTC,0.344857,0.338946,0.342539,0.340735
2021-05-27 14:00:00.000 UTC,0.348268,0.343282,0.344547,0.343282
2021-05-27 13:00:00.000 UTC,0.352293,0.343818,0.343818,0.347163
2021-05-27 12:00:00.000 UTC,0.35663,0.343385,0.356548,0.344658
2021-05-27 11:00:00.000 UTC,0.356236,0.349829,0.349829,0.356095
2021-05-27 10:00:00.000 UTC,0.35752,0.349742,0.354303,0.349742
2021-05-27 09:00:00.000 UTC,0.35983,0.356258,0.356929,0.356258
2021-05-27 08:00:00.000 UTC,0.361509,0.342885,0.347281,0.35994
2021-05-27 07:00:00.000 UTC,0.354676,0.34821,0.354676,0.348874
2021-05-27 06:00:00.000 UTC,0.356296,0.346438,0.35293,0.35413
2021-05-27 05:00:00.000 UTC,0.351991,0.342557,0.344847,0.351659
2021-05-27 04:00:00.000 UTC,0.346697,0.332633,0.337332,0.337685
2021-05-27 03:00:00.000 UTC,0.34446,0.329489,0.34446,0.332188
2021-05-27 02:00:00.000 UTC,0.349881,0.337846,0.349881,0.341028
2021-05-27 01:00:00.000 UTC,0.361249,0.348461,0.358025,0.354808
2021-05-27 00:00:00.000 UTC,0.376292,0.354368,0.371928,0.359317
2021-05-26 23:00:00.000 UTC,0.385675,0.368697,0.381054,0.369848
2021-05-26 22:00:00.000 UTC,0.385471,0.359514,0.359514,0.378971
2021-05-26 21:00:00.000 UTC,0.367009,0.355218,0.367009,0.362113
2021-05-26 20:00:00.000 UTC,0.373215,0.345138,0.345138,0.36917
2021-05-26 19:00:00.000 UTC,0.355756,0.342859,0.348185,0.343849
2021-05-26 18:00:00.000 UTC,0.34957,0.342786,0.34396,0.347697
2021-05-26 17:00:00.000 UTC,0.34694,0.336234,0.339824,0.34197
2021-05-26 16:00:00.000 UTC,0.348297,0.337491,0.344126,0.342424
2021-05-26 15:00:00.000 UTC,0.349942,0.315787,0.324093,0.349942
2021-05-26 14:00:00.000 UTC,0.310361,0.300438,0.300438,0.310361
2021-05-26 13:00:00.000 UTC,0.320252,0.304799,0.320252,0.304799
2021-05-26 12:00:00.000 UTC,0.322707,0.316217,0.316217,0.320635
2021-05-26 11:00:00.000 UTC,0.314655,0.310763,0.314655,0.312963
2021-05-26 10:00:00.000 UTC,0.321382,0.310825,0.319779,0.314244
2021-05-26 09:00:00.000 UTC,0.319246,0.314331,0.315987,0.319246
2021-05-26 08:00:00.000 UTC,0.327212,0.314115,0.326957,0.316403
2021-05-26 07:00:00.000 UTC,0.332292,0.318878,0.319557,0.326401
2021-05-26 06:00:00.000 UTC,0.320701,0.306049,0.306342,0.320701
2021-05-26 05:00:00.000 UTC,0.31255,0.30768,0.308307,0.30768
2021-05-26 04:00:00.000 UTC,0.309127,0.303008,0.307685,0.30767
2021-05-26 03:00:00.000 UTC,0.307265,0.301105,0.301105,0.307265
2021-05-26 02:00:00.000 UTC,0.30376,0.297401,0.297401,0.300681
2021-05-26 01:00:00.000 UTC,0.296855,0.289785,0.289785,0.296855
2021-05-26 00:00:00.000 UTC,0.295513,0.285872,0.293303,0.289877
2021-05-25 23:00:00.000 UTC,0.294776,0.291997,0.294776,0.291997
2021-05-25 22:00:00.000 UTC,0.297447,0.288563,0.288563,0.296141
2021-05-25 21:00:00.000 UTC,0.289114,0.282515,0.282515,0.288422
2021-05-25 20:00:00.000 UTC,0.283357,0.276828,0.276828,0.283357
2021-05-25 19:00:00.000 UTC,0.287571,0.276902,0.287309,0.276902
2021-05-25 18:00:00.000 UTC,0.28869,0.281723,0.281723,0.287139
2021-05-25 17:00:00.000 UTC,0.286809,0.277825,0.285938,0.282479
2021-05-25 16:00:00.000 UTC,0.286796,0.28233,0.285844,0.286796
2021-05-25 15:00:00.000 UTC,0.285991,0.277278,0.282203,0.285991
2021-05-25 14:00:00.000 UTC,0.286952,0.27435,0.27435,0.284596
2021-05-25 13:00:00.000 UTC,0.280151,0.270129,0.270129,0.276458
2021-05-25 12:00:00.000 UTC,0.273394,0.265516,0.273394,0.269363
2021-05-25 11:00:00.000 UTC,0.274436,0.267883,0.271459,0.267883
2021-05-25 10:00:00.000 UTC,0.281262,0.267748,0.281262,0.272278
2021-05-25 09:00:00.000 UTC,0.28952,0.281278,0.28763,0.281278
2021-05-25 08:00:00.000 UTC,0.300704,0.286972,0.295841,0.286972
2021-05-25 07:00:00.000 UTC,0.301714,0.294367,0.301714,0.29587
2021-05-25 06:00:00.000 UTC,0.301025,0.289793,0.29253,0.301025
2021-05-25 05:00:00.000 UTC,0.292592,0.284056,0.290331,0.292592
2021-05-25 04:00:00.000 UTC,0.292238,0.281862,0.287604,0.292238
2021-05-25 03:00:00.000 UTC,0.296094,0.286594,0.296094,0.286677
2021-05-25 02:00:00.000 UTC,0.303396,0.294531,0.298471,0.298411
2021-05-25 01:00:00.000 UTC,0.31625,0.297471,0.314562,0.298239
2021-05-25 00:00:00.000 UTC,0.319704,0.311048,0.311048,0.316991
2021-05-24 23:00:00.000 UTC,0.311901,0.303803,0.303803,0.311901
2021-05-24 22:00:00.000 UTC,0.311199,0.298685,0.307505,0.301935
2021-05-24 21:00:00.000 UTC,0.319169,0.310225,0.31474,0.310498
2021-05-24 20:00:00.000 UTC,0.320121,0.311678,0.315215,0.31398
2021-05-24 19:00:00.000 UTC,0.318354,0.308041,0.31198,0.314617
2021-05-24 18:00:00.000 UTC,0.319196,0.310562,0.312228,0.31197
2021-05-24 17:00:00.000 UTC,0.309197,0.287565,0.288923,0.309197
2021-05-24 16:00:00.000 UTC,0.299304,0.283646,0.293384,0.287997
2021-05-24 15:00:00.000 UTC,0.297896,0.290539,0.290539,0.291755
2021-05-24 14:00:00.000 UTC,0.299628,0.288437,0.288437,0.289924
2021-05-24 13:00:00.000 UTC,0.30155,0.287236,0.30155,0.295458
2021-05-24 12:00:00.000 UTC,0.303336,0.288208,0.292167,0.303086
2021-05-24 11:00:00.000 UTC,0.294959,0.275094,0.275094,0.291755
2021-05-24 10:00:00.000 UTC,0.284418,0.271285,0.281942,0.274588
2021-05-24 09:00:00.000 UTC,0.287082,0.277009,0.287082,0.277009
2021-05-24 08:00:00.000 UTC,0.291777,0.281994,0.290352,0.285492
2021-05-24 07:00:00.000 UTC,0.290798,0.278286,0.278286,0.290798
2021-05-24 06:00:00.000 UTC,0.271407,0.264157,0.266146,0.271407
2021-05-24 05:00:00.000 UTC,0.270369,0.262469,0.262469,0.264999
2021-05-24 04:00:00.000 UTC,0.276736,0.262951,0.276736,0.262951
2021-05-24 03:00:00.000 UTC,0.276833,0.269183,0.269183,0.270537
2021-05-24 02:00:00.000 UTC,0.277836,0.265724,0.277836,0.269628
2021-05-24 01:00:00.000 UTC,0.281426,0.268752,0.281426,0.27278
2021-05-24 00:00:00.000 UTC,0.298505,0.280371,0.294716,0.280371
2021-05-23 23:00:00.000 UTC,0.298911,0.282819,0.282819,0.291556
2021-05-23 22:00:00.000 UTC,0.30024,0.284724,0.287856,0.284724
2021-05-23 21:00:00.000 UTC,0.29494,0.277889,0.277889,0.28523
2021-05-23 20:00:00.000 UTC,0.280921,0.263835,0.263835,0.27966
2021-05-23 19:00:00.000 UTC,0.276012,0.263461,0.276012,0.264041
2021-05-23 18:00:00.000 UTC,0.273334,0.259359,0.266836,0.273334
2021-05-23 17:00:00.000 UTC,0.286799,0.252833,0.252833,0.270395
2021-05-23 16:00:00.000 UTC,0.270284,0.240773,0.263178,0.248793
2021-05-23 15:00:00.000 UTC,0.28163,0.261996,0.278861,0.261996
2021-05-23 14:00:00.000 UTC,0.278821,0.262679,0.268355,0.27867
2021-05-23 13:00:00.000 UTC,0.267989,0.253958,0.264806,0.267989
2021-05-23 12:00:00.000 UTC,0.297102,0.267734,0.289402,0.267734
2021-05-23 11:00:00.000 UTC,0.296153,0.288347,0.296153,0.289059
2021-05-23 10:00:00.000 UTC,0.303946,0.288164,0.288164,0.300107
2021-05-23 09:00:00.000 UTC,0.302757,0.288204,0.293856,0.288204
2021-05-23 08:00:00.000 UTC,0.324436,0.298553,0.324016,0.298553
2021-05-23 07:00:00.000 UTC,0.339709,0.319613,0.339709,0.319613
2021-05-23 06:00:00.000 UTC,0.361208,0.339365,0.361208,0.339365
2021-05-23 05:00:00.000 UTC,0.363541,0.357914,0.363541,0.358747
2021-05-23 04:00:00.000 UTC,0.374808,0.362595,0.374808,0.365328
2021-05-23 03:00:00.000 UTC,0.378318,0.366925,0.36911,0.377809
2021-05-23 02:00:00.000 UTC,0.373095,0.364128,0.370288,0.368969
2021-05-23 01:00:00.000 UTC,0.384816,0.372397,0.384816,0.372397
2021-05-23 00:00:00.000 UTC,0.437532,0.376474,0.437532,0.385623
2021-05-22 23:00:00.000 UTC,0.485229,0.40052,0.407533,0.439837
2021-05-22 22:00:00.000 UTC,0.460323,0.391742,0.406879,0.410098
2021-05-22 21:00:00.000 UTC,0.387948,0.341677,0.341802,0.387948
2021-05-22 20:00:00.000 UTC,0.346301,0.331787,0.331787,0.344882
2021-05-22 19:00:00.000 UTC,0.347392,0.333876,0.347392,0.333876
2021-05-22 18:00:00.000 UTC,0.350191,0.33876,0.347892,0.343152
2021-05-22 17:00:00.000 UTC,0.362523,0.345798,0.361465,0.348976
2021-05-22 16:00:00.000 UTC,0.401306,0.360043,0.400167,0.362905
2021-05-22 15:00:00.000 UTC,0.387595,0.327079,0.335927,0.387595
2021-05-22 14:00:00.000 UTC,0.35349,0.304719,0.304719,0.35349
2021-05-22 13:00:00.000 UTC,0.322969,0.292514,0.292514,0.306208
2021-05-22 12:00:00.000 UTC,0.300283,0.293512,0.297784,0.293783
2021-05-22 11:00:00.000 UTC,0.301335,0.296397,0.300571,0.297502
2021-05-22 10:00:00.000 UTC,0.301939,0.290076,0.292525,0.301785
2021-05-22 09:00:00.000 UTC,0.296235,0.286867,0.293808,0.294783
2021-05-22 08:00:00.000 UTC,0.296714,0.289077,0.289077,0.295056
2021-05-22 07:00:00.000 UTC,0.290391,0.279967,0.288859,0.290391
2021-05-22 06:00:00.000 UTC,0.289856,0.279603,0.289856,0.288329
2021-05-22 05:00:00.000 UTC,0.292856,0.279027,0.292856,0.289239
2021-05-22 04:00:00.000 UTC,0.303249,0.28695,0.300049,0.28695
2021-05-22 03:00:00.000 UTC,0.320746,0.298871,0.308411,0.298871
2021-05-22 02:00:00.000 UTC,0.320072,0.308703,0.315325,0.308703
2021-05-22 01:00:00.000 UTC,0.341816,0.303161,0.303706,0.31638
2021-05-22 00:00:00.000 UTC,0.303438,0.282425,0.292562,0.303438
2021-05-21 23:00:00.000 UTC,0.289369,0.276754,0.277642,0.289369
2021-05-21 22:00:00.000 UTC,0.280776,0.269549,0.271175,0.276923
2021-05-21 21:00:00.000 UTC,0.269742,0.243255,0.258538,0.269035
2021-05-21 20:00:00.000 UTC,0.272365,0.260154,0.272365,0.260154
2021-05-21 19:00:00.000 UTC,0.288566,0.26881,0.288566,0.270968
2021-05-21 18:00:00.000 UTC,0.301849,0.281269,0.294294,0.286985
2021-05-21 17:00:00.000 UTC,0.295963,0.288611,0.291952,0.293134
2021-05-21 16:00:00.000 UTC,0.295993,0.280772,0.282297,0.293283
2021-05-21 15:00:00.000 UTC,0.304333,0.289112,0.301773,0.297323
2021-05-21 14:00:00.000 UTC,0.338899,0.293102,0.338899,0.304876
2021-05-21 13:00:00.000 UTC,0.337056,0.325267,0.326574,0.337056
2021-05-21 12:00:00.000 UTC,0.330924,0.325546,0.325546,0.327951
2021-05-21 11:00:00.000 UTC,0.327453,0.320945,0.327453,0.323231
2021-05-21 10:00:00.000 UTC,0.342007,0.330742,0.333418,0.330742
2021-05-21 09:00:00.000 UTC,0.33763,0.333439,0.335255,0.333439
2021-05-21 08:00:00.000 UTC,0.332022,0.323051,0.329226,0.332022
2021-05-21 07:00:00.000 UTC,0.335219,0.326402,0.333599,0.331298
2021-05-21 06:00:00.000 UTC,0.336648,0.329184,0.336648,0.331288
2021-05-21 05:00:00.000 UTC,0.351675,0.332472,0.336102,0.340679
2021-05-21 04:00:00.000 UTC,0.345013,0.328778,0.345013,0.333253
2021-05-21 03:00:00.000 UTC,0.347401,0.33707,0.345822,0.345442
2021-05-21 02:00:00.000 UTC,0.342746,0.334477,0.334477,0.342746
2021-05-21 01:00:00.000 UTC,0.339985,0.333661,0.339159,0.334705
2021-05-21 00:00:00.000 UTC,0.33714,0.311328,0.311328,0.33714
2021-05-20 23:00:00.000 UTC,0.309552,0.301818,0.305212,0.30953
2021-05-20 22:00:00.000 UTC,0.306445,0.291082,0.304238,0.300002
2021-05-20 21:00:00.000 UTC,0.303004,0.294133,0.295011,0.303004
2021-05-20 20:00:00.000 UTC,0.300822,0.294615,0.298596,0.294642
2021-05-20 19:00:00.000 UTC,0.300202,0.293167,0.29625,0.298691
2021-05-20 18:00:00.000 UTC,0.296223,0.286866,0.293762,0.296223
2021-05-20 17:00:00.000 UTC,0.293219,0.28573,0.286384,0.293219
2021-05-20 16:00:00.000 UTC,0.303445,0.279421,0.303445,0.282862
2021-05-20 15:00:00.000 UTC,0.315485,0.302395,0.302395,0.309578
2021-05-20 14:00:00.000 UTC,0.309499,0.302932,0.304791,0.305095
2021-05-20 13:00:00.000 UTC,0.314498,0.301317,0.30564,0.304781
2021-05-20 12:00:00.000 UTC,0.305048,0.290082,0.294426,0.305048
2021-05-20 11:00:00.000 UTC,0.292929,0.282766,0.286669,0.291757
2021-05-20 10:00:00.000 UTC,0.286754,0.281841,0.283191,0.285243
2021-05-20 09:00:00.000 UTC,0.284274,0.274643,0.28258,0.283913
2021-05-20 08:00:00.000 UTC,0.290673,0.279092,0.286681,0.280538
2021-05-20 07:00:00.000 UTC,0.294192,0.280065,0.280065,0.287698
2021-05-20 06:00:00.000 UTC,0.282059,0.271495,0.278172,0.280323
2021-05-20 05:00:00.000 UTC,0.277111,0.267148,0.267148,0.276858
2021-05-20 04:00:00.000 UTC,0.270326,0.258415,0.258415,0.264985
2021-05-20 03:00:00.000 UTC,0.256742,0.251223,0.251905,0.256742
2021-05-20 02:00:00.000 UTC,0.249531,0.237935,0.237935,0.248861
2021-05-20 01:00:00.000 UTC,0.238022,0.227284,0.227284,0.233858
2021-05-20 00:00:00.000 UTC,0.259139,0.222649,0.249478,0.222649
2021-05-19 23:00:00.000 UTC,0.275519,0.252503,0.275519,0.252503
2021-05-19 22:00:00.000 UTC,0.27518,0.264006,0.2655,0.273393
2021-05-19 21:00:00.000 UTC,0.26911,0.254029,0.265935,0.264376
2021-05-19 20:00:00.000 UTC,0.283772,0.26738,0.276828,0.26738
2021-05-19 19:00:00.000 UTC,0.280824,0.274955,0.275657,0.276818
2021-05-19 18:00:00.000 UTC,0.292239,0.274473,0.292239,0.278045
2021-05-19 17:00:00.000 UTC,0.304177,0.293444,0.300052,0.294104
2021-05-19 16:00:00.000 UTC,0.30893,0.275373,0.285389,0.30893
2021-05-19 15:00:00.000 UTC,0.284724,0.26405,0.266753,0.282518
2021-05-19 14:00:00.000 UTC,0.259762,0.246876,0.257527,0.259762
2021-05-19 13:00:00.000 UTC,0.270492,0.217178,0.242522,0.251017
2021-05-19 12:00:00.000 UTC,0.308469,0.256299,0.305322,0.256299
2021-05-19 11:00:00.000 UTC,0.336403,0.297172,0.336403,0.303004
2021-05-19 10:00:00.000 UTC,0.356232,0.334321,0.356232,0.334321
2021-05-19 09:00:00.000 UTC,0.352723,0.34572,0.350902,0.352723
2021-05-19 08:00:00.000 UTC,0.351694,0.343028,0.35135,0.351694
2021-05-19 07:00:00.000 UTC,0.350641,0.336043,0.341648,0.350641
2021-05-19 06:00:00.000 UTC,0.347827,0.340104,0.340104,0.34018
2021-05-19 05:00:00.000 UTC,0.347686,0.33364,0.33364,0.338826
2021-05-19 04:00:00.000 UTC,0.360711,0.329545,0.359317,0.329545
2021-05-19 03:00:00.000 UTC,0.364959,0.36158,0.361991,0.361665
2021-05-19 02:00:00.000 UTC,0.372623,0.363433,0.370252,0.363433
2021-05-19 01:00:00.000 UTC,0.392019,0.369282,0.392019,0.370039
2021-05-19 00:00:00.000 UTC,0.401458,0.391281,0.393186,0.394302
2021-05-18 23:00:00.000 UTC,0.39341,0.384511,0.392944,0.39341
2021-05-18 22:00:00.000 UTC,0.398078,0.391598,0.393359,0.395828
2021-05-18 21:00:00.000 UTC,0.398489,0.391908,0.395633,0.39337
2021-05-18 20:00:00.000 UTC,0.397268,0.390866,0.397268,0.395817
2021-05-18 19:00:00.000 UTC,0.396692,0.390665,0.391595,0.396068
2021-05-18 18:00:00.000 UTC,0.398575,0.390252,0.398575,0.390462
2021-05-18 17:00:00.000 UTC,0.401298,0.399315,0.401298,0.399315
2021-05-18 16:00:00.000 UTC,0.398426,0.386109,0.387184,0.398426
2021-05-18 15:00:00.000 UTC,0.392747,0.384544,0.386388,0.387047
2021-05-18 14:00:00.000 UTC,0.390546,0.382344,0.390546,0.382348
2021-05-18 13:00:00.000 UTC,0.393185,0.385063,0.390446,0.390012
2021-05-18 12:00:00.000 UTC,0.407148,0.391071,0.407148,0.391071
2021-05-18 11:00:00.000 UTC,0.408816,0.403353,0.403353,0.408816
2021-05-18 10:00:00.000 UTC,0.40456,0.399916,0.40072,0.403223
2021-05-18 09:00:00.000 UTC,0.405058,0.398861,0.405058,0.401185
2021-05-18 08:00:00.000 UTC,0.414563,0.404898,0.414563,0.404898
2021-05-18 07:00:00.000 UTC,0.412148,0.407001,0.407001,0.409834
2021-05-18 06:00:00.000 UTC,0.417806,0.409453,0.416703,0.409453
2021-05-18 05:00:00.000 UTC,0.414028,0.406461,0.410688,0.413385
2021-05-18 04:00:00.000 UTC,0.413309,0.399867,0.399867,0.412231
2021-05-18 03:00:00.000 UTC,0.401652,0.39378,0.396568,0.400006
2021-05-18 02:00:00.000 UTC,0.395076,0.387802,0.395073,0.39489
2021-05-18 01:00:00.000 UTC,0.394389,0.386375,0.386651,0.394208
2021-05-18 00:00:00.000 UTC,0.388509,0.372941,0.376082,0.387442
2021-05-17 23:00:00.000 UTC,0.377734,0.367664,0.36768,0.376968
2021-05-17 22:00:00.000 UTC,0.380748,0.366931,0.373893,0.366931
2021-05-17 21:00:00.000 UTC,0.391099,0.384041,0.387183,0.384964
2021-05-17 20:00:00.000 UTC,0.388158,0.383041,0.383529,0.388158
2021-05-17 19:00:00.000 UTC,0.384508,0.379714,0.379714,0.384508
2021-05-17 18:00:00.000 UTC,0.381403,0.362606,0.362949,0.381403
2021-05-17 17:00:00.000 UTC,0.365605,0.361423,0.364382,0.363737
2021-05-17 16:00:00.000 UTC,0.372783,0.365267,0.369085,0.365267
2021-05-17 15:00:00.000 UTC,0.378232,0.36879,0.378232,0.36879
2021-05-17 14:00:00.000 UTC,0.387465,0.374732,0.386773,0.378084
2021-05-17 13:00:00.000 UTC,0.392821,0.385199,0.391055,0.386017
2021-05-17 12:00:00.000 UTC,0.395562,0.388724,0.394425,0.3908
2021-05-17 11:00:00.000 UTC,0.394144,0.382472,0.390329,0.393106
2021-05-17 10:00:00.000 UTC,0.398323,0.386862,0.39317,0.386862
2021-05-17 09:00:00.000 UTC,0.394537,0.389597,0.394537,0.39347
2021-05-17 08:00:00.000 UTC,0.396502,0.391432,0.395137,0.395841
2021-05-17 07:00:00.000 UTC,0.395245,0.387108,0.387108,0.394305
2021-05-17 06:00:00.000 UTC,0.391579,0.377026,0.377026,0.386867
2021-05-17 05:00:00.000 UTC,0.385186,0.368844,0.383609,0.368844
2021-05-17 04:00:00.000 UTC,0.382806,0.374294,0.377874,0.380557
2021-05-17 03:00:00.000 UTC,0.394047,0.382249,0.392677,0.382249
2021-05-17 02:00:00.000 UTC,0.400336,0.393421,0.39751,0.393595
2021-05-17 01:00:00.000 UTC,0.413398,0.398461,0.413398,0.398709
2021-05-17 00:00:00.000 UTC,0.417026,0.411635,0.417026,0.416049
2021-05-16 23:00:00.000 UTC,0.414083,0.405195,0.406519,0.414083
2021-05-16 22:00:00.000 UTC,0.410852,0.403711,0.403711,0.406906
2021-05-16 21:00:00.000 UTC,0.403114,0.393338,0.395367,0.402815
2021-05-16 20:00:00.000 UTC,0.403238,0.392832,0.400324,0.394141
2021-05-16 19:00:00.000 UTC,0.407666,0.397048,0.407666,0.397048
2021-05-16 18:00:00.000 UTC,0.422576,0.410454,0.422576,0.410454
2021-05-16 17:00:00.000 UTC,0.435177,0.41756,0.42627,0.422294
2021-05-16 16:00:00.000 UTC,0.443754,0.42523,0.443754,0.426368
2021-05-16 15:00:00.000 UTC,0.441647,0.434798,0.441647,0.434798
2021-05-16 14:00:00.000 UTC,0.456076,0.441501,0.449948,0.442754
2021-05-16 13:00:00.000 UTC,0.450369,0.447706,0.447706,0.449919
2021-05-16 12:00:00.000 UTC,0.455641,0.447904,0.454129,0.448752
2021-05-16 11:00:00.000 UTC,0.463248,0.453404,0.462641,0.453404
2021-05-16 10:00:00.000 UTC,0.465673,0.456311,0.457211,0.462642
2021-05-16 09:00:00.000 UTC,0.456006,0.446043,0.446043,0.456006
2021-05-16 08:00:00.000 UTC,0.448228,0.445033,0.447106,0.445678
2021-05-16 07:00:00.000 UTC,0.449939,0.445424,0.449939,0.446729
2021-05-16 06:00:00.000 UTC,0.450997,0.445261,0.44679,0.44887
2021-05-16 05:00:00.000 UTC,0.449365,0.43685,0.43685,0.449365
2021-05-16 04:00:00.000 UTC,0.443861,0.437266,0.438988,0.437266
2021-05-16 03:00:00.000 UTC,0.443371,0.437512,0.441752,0.437512
2021-05-16 02:00:00.000 UTC,0.441817,0.440671,0.441127,0.440794
2021-05-16 01:00:00.000 UTC,0.441829,0.435038,0.435038,0.441619
2021-05-16 00:00:00.000 UTC,0.442745,0.432414,0.434245,0.43366
2021-05-15 23:00:00.000 UTC,0.44885,0.433765,0.44885,0.433765
2021-05-15 22:00:00.000 UTC,0.467304,0.45102,0.45383,0.45138
2021-05-15 21:00:00.000 UTC,0.461524,0.454585,0.455396,0.454929
2021-05-15 20:00:00.000 UTC,0.4582,0.452124,0.452124,0.456202
2021-05-15 19:00:00.000 UTC,0.453788,0.440971,0.453788,0.450667
2021-05-15 18:00:00.000 UTC,0.457932,0.450924,0.452204,0.452647
2021-05-15 17:00:00.000 UTC,0.459891,0.44892,0.459891,0.457009
2021-05-15 16:00:00.000 UTC,0.470126,0.456539,0.470126,0.457988
2021-05-15 15:00:00.000 UTC,0.483937,0.468733,0.480032,0.469239
2021-05-15 14:00:00.000 UTC,0.491998,0.47854,0.488584,0.480399
2021-05-15 13:00:00.000 UTC,0.492059,0.487152,0.48991,0.487673
2021-05-15 12:00:00.000 UTC,0.501985,0.486263,0.490101,0.489413
2021-05-15 11:00:00.000 UTC,0.499766,0.454212,0.454212,0.48824
2021-05-15 10:00:00.000 UTC,0.466516,0.446852,0.466516,0.451694
2021-05-15 09:00:00.000 UTC,0.458616,0.444445,0.445607,0.458616
2021-05-15 08:00:00.000 UTC,0.445779,0.439891,0.442536,0.444765
2021-05-15 07:00:00.000 UTC,0.451608,0.445325,0.451608,0.445325
2021-05-15 06:00:00.000 UTC,0.466248,0.451408,0.465089,0.451408
2021-05-15 05:00:00.000 UTC,0.466395,0.455612,0.460125,0.463601
2021-05-15 04:00:00.000 UTC,0.469977,0.458318,0.458318,0.460762
2021-05-15 03:00:00.000 UTC,0.455737,0.444612,0.449814,0.455737
2021-05-15 02:00:00.000 UTC,0.456769,0.449717,0.450291,0.450395
2021-05-15 01:00:00.000 UTC,0.450491,0.431324,0.431324,0.450491
2021-05-15 00:00:00.000 UTC,0.445463,0.433143,0.441754,0.434681
2021-05-14 23:00:00.000 UTC,0.44344,0.437763,0.437763,0.443159
2021-05-14 22:00:00.000 UTC,0.442741,0.435494,0.438294,0.438302
2021-05-14 21:00:00.000 UTC,0.439875,0.434903,0.434903,0.435431
2021-05-14 20:00:00.000 UTC,0.446185,0.436641,0.443609,0.438728
2021-05-14 19:00:00.000 UTC,0.457489,0.447022,0.457489,0.453265
2021-05-14 18:00:00.000 UTC,0.46019,0.450346,0.452345,0.46019
2021-05-14 17:00:00.000 UTC,0.454603,0.451387,0.451466,0.452354
2021-05-14 16:00:00.000 UTC,0.45898,0.447491,0.457572,0.451346
2021-05-14 15:00:00.000 UTC,0.459048,0.455217,0.455217,0.45716
2021-05-14 14:00:00.000 UTC,0.457878,0.447434,0.449616,0.457878
2021-05-14 13:00:00.000 UTC,0.450654,0.440099,0.443953,0.450654
2021-05-14 12:00:00.000 UTC,0.450287,0.441904,0.446979,0.441904
2021-05-14 11:00:00.000 UTC,0.45276,0.444552,0.444552,0.446816
2021-05-14 10:00:00.000 UTC,0.445628,0.441651,0.443503,0.443447
2021-05-14 09:00:00.000 UTC,0.447385,0.44045,0.441241,0.442876
2021-05-14 08:00:00.000 UTC,0.4409,0.428506,0.428506,0.4409
2021-05-14 07:00:00.000 UTC,0.431147,0.4145,0.4145,0.429649
2021-05-14 06:00:00.000 UTC,0.426795,0.412251,0.426795,0.41312
2021-05-14 05:00:00.000 UTC,0.426368,0.420663,0.423177,0.426368
2021-05-14 04:00:00.000 UTC,0.427782,0.417789,0.42341,0.4219
2021-05-14 03:00:00.000 UTC,0.426454,0.420907,0.420907,0.423748
2021-05-14 02:00:00.000 UTC,0.430085,0.421743,0.430085,0.422579
2021-05-14 01:00:00.000 UTC,0.432005,0.425496,0.426953,0.430289
2021-05-14 00:00:00.000 UTC,0.428814,0.422413,0.424162,0.428814
2021-05-13 23:00:00.000 UTC,0.422682,0.401175,0.408246,0.422682
2021-05-13 22:00:00.000 UTC,0.420919,0.406515,0.411676,0.410495
2021-05-13 21:00:00.000 UTC,0.413929,0.405646,0.408017,0.411102
2021-05-13 20:00:00.000 UTC,0.408896,0.397299,0.3978,0.407943
2021-05-13 19:00:00.000 UTC,0.403676,0.390936,0.390936,0.399971
2021-05-13 18:00:00.000 UTC,0.407484,0.393073,0.406149,0.393073
2021-05-13 17:00:00.000 UTC,0.406921,0.39405,0.406921,0.405477
2021-05-13 16:00:00.000 UTC,0.42762,0.408563,0.416534,0.408563
2021-05-13 15:00:00.000 UTC,0.427715,0.41153,0.427715,0.416096
2021-05-13 14:00:00.000 UTC,0.43442,0.427566,0.432095,0.427681
2021-05-13 13:00:00.000 UTC,0.432702,0.423094,0.426407,0.432282
2021-05-13 12:00:00.000 UTC,0.429396,0.419276,0.419572,0.42617
2021-05-13 11:00:00.000 UTC,0.418071,0.401545,0.404587,0.418071
2021-05-13 10:00:00.000 UTC,0.424393,0.404267,0.404267,0.406499
2021-05-13 09:00:00.000 UTC,0.430097,0.402321,0.426733,0.402321
2021-05-13 08:00:00.000 UTC,0.44074,0.428667,0.440109,0.428667
2021-05-13 07:00:00.000 UTC,0.45027,0.439322,0.449968,0.440439
2021-05-13 06:00:00.000 UTC,0.448161,0.444325,0.444573,0.448161
2021-05-13 05:00:00.000 UTC,0.446891,0.436871,0.436871,0.445656
2021-05-13 04:00:00.000 UTC,0.440107,0.433511,0.433511,0.434459
2021-05-13 03:00:00.000 UTC,0.439025,0.425894,0.439025,0.430101
2021-05-13 02:00:00.000 UTC,0.441933,0.433521,0.436932,0.440865
2021-05-13 01:00:00.000 UTC,0.442481,0.434392,0.440715,0.436735
2021-05-13 00:00:00.000 UTC,0.443897,0.416953,0.430208,0.440589
2021-05-12 23:00:00.000 UTC,0.475967,0.444248,0.472798,0.446961
2021-05-12 22:00:00.000 UTC,0.478752,0.456254,0.478752,0.466045
2021-05-12 21:00:00.000 UTC,0.479314,0.476646,0.477549,0.479038
2021-05-12 20:00:00.000 UTC,0.477572,0.472365,0.475073,0.477572
2021-05-12 19:00:00.000 UTC,0.473459,0.46081,0.467929,0.473459
2021-05-12 18:00:00.000 UTC,0.477305,0.464467,0.477305,0.468188
2021-05-12 17:00:00.000 UTC,0.482286,0.476445,0.47866,0.476445
2021-05-12 16:00:00.000 UTC,0.48536,0.472743,0.48536,0.477588
2021-05-12 15:00:00.000 UTC,0.496983,0.485779,0.496436,0.486179
2021-05-12 14:00:00.000 UTC,0.50511,0.49772,0.502432,0.49772
2021-05-12 13:00:00.000 UTC,0.513966,0.49495,0.502072,0.502875
2021-05-12 12:00:00.000 UTC,0.51107,0.502607,0.50512,0.503208
2021-05-12 11:00:00.000 UTC,0.504533,0.497,0.497,0.504527
2021-05-12 10:00:00.000 UTC,0.523654,0.498105,0.523654,0.498105
2021-05-12 09:00:00.000 UTC,0.525401,0.521422,0.523725,0.523993
2021-05-12 08:00:00.000 UTC,0.528363,0.517401,0.526916,0.520525
2021-05-12 07:00:00.000 UTC,0.531805,0.519681,0.521182,0.526056
2021-05-12 06:00:00.000 UTC,0.526076,0.521139,0.523073,0.523063
2021-05-12 05:00:00.000 UTC,0.529531,0.522435,0.529531,0.522435
2021-05-12 04:00:00.000 UTC,0.529061,0.522573,0.52573,0.529061
2021-05-12 03:00:00.000 UTC,0.522659,0.51479,0.516675,0.522659
2021-05-12 02:00:00.000 UTC,0.516714,0.506878,0.50859,0.516714
2021-05-12 01:00:00.000 UTC,0.511409,0.507052,0.511287,0.509297
2021-05-12 00:00:00.000 UTC,0.510123,0.503148,0.504795,0.510123
2021-05-11 23:00:00.000 UTC,0.504141,0.498129,0.498129,0.504141
2021-05-11 22:00:00.000 UTC,0.498466,0.491657,0.491657,0.496039
2021-05-11 21:00:00.000 UTC,0.502046,0.491498,0.501157,0.491498
2021-05-11 20:00:00.000 UTC,0.502183,0.499486,0.502183,0.500963
2021-05-11 19:00:00.000 UTC,0.502012,0.498506,0.49891,0.50179
2021-05-11 18:00:00.000 UTC,0.515688,0.498481,0.499255,0.499665
2021-05-11 17:00:00.000 UTC,0.498559,0.49524,0.496616,0.497368
2021-05-11 16:00:00.000 UTC,0.4972,0.49455,0.4972,0.496219
2021-05-11 15:00:00.000 UTC,0.509688,0.490402,0.495216,0.497036
2021-05-11 14:00:00.000 UTC,0.49674,0.491656,0.49674,0.49594
2021-05-11 13:00:00.000 UTC,0.499378,0.491672,0.492767,0.496763
2021-05-11 12:00:00.000 UTC,0.493514,0.486064,0.493514,0.49099
2021-05-11 11:00:00.000 UTC,0.504176,0.494826,0.50393,0.494826
2021-05-11 10:00:00.000 UTC,0.502023,0.491664,0.491664,0.502023
2021-05-11 09:00:00.000 UTC,0.496677,0.473321,0.473321,0.487619
2021-05-11 08:00:00.000 UTC,0.484995,0.472958,0.484995,0.475042
2021-05-11 07:00:00.000 UTC,0.482294,0.475955,0.476207,0.482294
2021-05-11 06:00:00.000 UTC,0.477171,0.463404,0.463404,0.477171
2021-05-11 05:00:00.000 UTC,0.466853,0.45564,0.464495,0.46496
2021-05-11 04:00:00.000 UTC,0.466958,0.45899,0.45899,0.464994
2021-05-11 03:00:00.000 UTC,0.459032,0.451625,0.452773,0.458371
2021-05-11 02:00:00.000 UTC,0.468402,0.45435,0.464837,0.45435
2021-05-11 01:00:00.000 UTC,0.465941,0.45535,0.45866,0.465497
2021-05-11 00:00:00.000 UTC,0.47293,0.461442,0.461442,0.463644
2021-05-10 23:00:00.000 UTC,0.472668,0.465434,0.472668,0.466638
2021-05-10 22:00:00.000 UTC,0.476132,0.465223,0.472601,0.471366
2021-05-10 21:00:00.000 UTC,0.473479,0.468236,0.468236,0.472065
2021-05-10 20:00:00.000 UTC,0.485994,0.460328,0.479842,0.464003
2021-05-10 19:00:00.000 UTC,0.501457,0.486566,0.49806,0.486566
2021-05-10 18:00:00.000 UTC,0.504843,0.49975,0.504032,0.500414
2021-05-10 17:00:00.000 UTC,0.513363,0.506611,0.513363,0.507264
2021-05-10 16:00:00.000 UTC,0.518878,0.514139,0.518878,0.514139
2021-05-10 15:00:00.000 UTC,0.516185,0.51125,0.51125,0.516185
2021-05-10 14:00:00.000 UTC,0.517111,0.510606,0.51446,0.511249
2021-05-10 13:00:00.000 UTC,0.521603,0.513559,0.518027,0.514571
2021-05-10 12:00:00.000 UTC,0.52407,0.517493,0.520571,0.517493
2021-05-10 11:00:00.000 UTC,0.52473,0.516467,0.517439,0.522413
2021-05-10 10:00:00.000 UTC,0.525342,0.519079,0.525342,0.519079
2021-05-10 09:00:00.000 UTC,0.539214,0.523695,0.534453,0.52535
2021-05-10 08:00:00.000 UTC,0.538738,0.532459,0.538738,0.534457
2021-05-10 07:00:00.000 UTC,0.545553,0.539778,0.545553,0.539778
2021-05-10 06:00:00.000 UTC,0.548288,0.542958,0.543233,0.545267
2021-05-10 05:00:00.000 UTC,0.545132,0.540076,0.545057,0.541381
2021-05-10 04:00:00.000 UTC,0.549325,0.544173,0.546446,0.545594
2021-05-10 03:00:00.000 UTC,0.544978,0.538302,0.539787,0.544978
2021-05-10 02:00:00.000 UTC,0.547134,0.538108,0.540571,0.540195
2021-05-10 01:00:00.000 UTC,0.543674,0.538601,0.538601,0.540281
2021-05-10 00:00:00.000 UTC,0.543956,0.536533,0.543956,0.537437
2021-05-09 23:00:00.000 UTC,0.542292,0.531093,0.53475,0.542292
2021-05-09 22:00:00.000 UTC,0.540763,0.532578,0.533387,0.537522
2021-05-09 21:00:00.000 UTC,0.5407,0.529017,0.533177,0.532889
2021-05-09 20:00:00.000 UTC,0.527931,0.52019,0.52019,0.52603
2021-05-09 19:00:00.000 UTC,0.52471,0.517282,0.522457,0.522503
2021-05-09 18:00:00.000 UTC,0.535145,0.523876,0.528584,0.525011
2021-05-09 17:00:00.000 UTC,0.530016,0.524123,0.530016,0.527247
2021-05-09 16:00:00.000 UTC,0.533662,0.526611,0.527131,0.530117
2021-05-09 15:00:00.000 UTC,0.526525,0.519261,0.520451,0.526525
2021-05-09 14:00:00.000 UTC,0.520309,0.514461,0.517816,0.520309
2021-05-09 13:00:00.000 UTC,0.516231,0.507875,0.507875,0.516231
2021-05-09 12:00:00.000 UTC,0.51928,0.50854,0.51928,0.50868
2021-05-09 11:00:00.000 UTC,0.528221,0.52021,0.527246,0.52021
2021-05-09 10:00:00.000 UTC,0.527469,0.521615,0.527469,0.524086
2021-05-09 09:00:00.000 UTC,0.531028,0.524432,0.528794,0.529267
2021-05-09 08:00:00.000 UTC,0.530326,0.526479,0.526479,0.527629
2021-05-09 07:00:00.000 UTC,0.534,0.526986,0.531454,0.526986
2021-05-09 06:00:00.000 UTC,0.535327,0.531707,0.534626,0.531707
2021-05-09 05:00:00.000 UTC,0.53579,0.521899,0.521899,0.535245
2021-05-09 04:00:00.000 UTC,0.529908,0.518191,0.529908,0.523942
2021-05-09 03:00:00.000 UTC,0.542813,0.538739,0.539439,0.538739
2021-05-09 02:00:00.000 UTC,0.54548,0.538807,0.54548,0.539809
2021-05-09 01:00:00.000 UTC,0.546405,0.541256,0.543683,0.545728
2021-05-09 00:00:00.000 UTC,0.546059,0.540751,0.54308,0.544176
2021-05-08 23:00:00.000 UTC,0.542872,0.541215,0.542064,0.542831
2021-05-08 22:00:00.000 UTC,0.542056,0.537315,0.539179,0.541375
2021-05-08 21:00:00.000 UTC,0.542807,0.537368,0.540887,0.5378
2021-05-08 20:00:00.000 UTC,0.544825,0.541154,0.544825,0.541459
2021-05-08 19:00:00.000 UTC,0.547874,0.543336,0.54551,0.544357
2021-05-08 18:00:00.000 UTC,0.546688,0.542911,0.542911,0.545823
2021-05-08 17:00:00.000 UTC,0.544473,0.539161,0.539161,0.543869
2021-05-08 16:00:00.000 UTC,0.550859,0.543765,0.543765,0.544036
2021-05-08 15:00:00.000 UTC,0.557897,0.546384,0.557897,0.546384
2021-05-08 14:00:00.000 UTC,0.561687,0.558585,0.558585,0.558624
2021-05-08 13:00:00.000 UTC,0.562957,0.558243,0.561041,0.559563
2021-05-08 12:00:00.000 UTC,0.559475,0.553941,0.554297,0.559475
2021-05-08 11:00:00.000 UTC,0.556939,0.554626,0.55667,0.555024
2021-05-08 10:00:00.000 UTC,0.568109,0.556405,0.568109,0.556405
2021-05-08 09:00:00.000 UTC,0.561433,0.552474,0.557805,0.561433
2021-05-08 08:00:00.000 UTC,0.560698,0.558033,0.559264,0.558821
2021-05-08 07:00:00.000 UTC,0.557408,0.551302,0.552131,0.557408
2021-05-08 06:00:00.000 UTC,0.555938,0.553225,0.555647,0.553653
2021-05-08 05:00:00.000 UTC,0.558414,0.55416,0.558414,0.555318
2021-05-08 04:00:00.000 UTC,0.561554,0.558239,0.561554,0.559485
2021-05-08 03:00:00.000 UTC,0.571308,0.558126,0.562073,0.560887
2021-05-08 02:00:00.000 UTC,0.565386,0.562562,0.563064,0.565033
2021-05-08 01:00:00.000 UTC,0.581507,0.563675,0.571306,0.563675
2021-05-08 00:00:00.000 UTC,0.585086,0.544329,0.547072,0.581834
2021-05-07 23:00:00.000 UTC,0.556429,0.543116,0.554537,0.547877
2021-05-07 22:00:00.000 UTC,0.564673,0.550422,0.564149,0.553609
2021-05-07 21:00:00.000 UTC,0.577049,0.554498,0.577049,0.564065
2021-05-07 20:00:00.000 UTC,0.58006,0.575069,0.577244,0.575351
2021-05-07 19:00:00.000 UTC,0.580939,0.571236,0.580939,0.577443
2021-05-07 18:00:00.000 UTC,0.583288,0.568404,0.583288,0.571486
2021-05-07 17:00:00.000 UTC,0.593436,0.576454,0.576833,0.584244
2021-05-07 16:00:00.000 UTC,0.595507,0.576193,0.588381,0.577065
2021-05-07 15:00:00.000 UTC,0.590526,0.565108,0.574754,0.590526
2021-05-07 14:00:00.000 UTC,0.575008,0.561006,0.573674,0.575008
2021-05-07 13:00:00.000 UTC,0.580321,0.565688,0.580321,0.566051
2021-05-07 12:00:00.000 UTC,0.579818,0.572365,0.573479,0.579818
2021-05-07 11:00:00.000 UTC,0.574174,0.566471,0.566471,0.572646
2021-05-07 10:00:00.000 UTC,0.568568,0.56448,0.56675,0.566575
2021-05-07 09:00:00.000 UTC,0.56639,0.559353,0.559353,0.565125
2021-05-07 08:00:00.000 UTC,0.559968,0.556761,0.556761,0.559232
2021-05-07 07:00:00.000 UTC,0.56254,0.556963,0.56254,0.558381
2021-05-07 06:00:00.000 UTC,0.56256,0.552203,0.554042,0.56256
2021-05-07 05:00:00.000 UTC,0.556299,0.551153,0.551153,0.553391
2021-05-07 04:00:00.000 UTC,0.554063,0.531873,0.554063,0.546667
2021-05-07 03:00:00.000 UTC,0.555453,0.542543,0.542738,0.55539
2021-05-07 02:00:00.000 UTC,0.56905,0.545805,0.556695,0.556057
2021-05-07 01:00:00.000 UTC,0.57479,0.55135,0.554904,0.568569
2021-05-07 00:00:00.000 UTC,0.582484,0.555036,0.560959,0.555036
2021-05-06 23:00:00.000 UTC,0.562758,0.559329,0.561976,0.561828
2021-05-06 22:00:00.000 UTC,0.562876,0.559606,0.562876,0.560811
2021-05-06 21:00:00.000 UTC,0.560652,0.552881,0.552881,0.560652
2021-05-06 20:00:00.000 UTC,0.572954,0.551452,0.555552,0.55151
2021-05-06 19:00:00.000 UTC,0.558557,0.546642,0.553215,0.558557
2021-05-06 18:00:00.000 UTC,0.583094,0.550941,0.579945,0.557484
2021-05-06 17:00:00.000 UTC,0.591471,0.577397,0.577397,0.578725
2021-05-06 16:00:00.000 UTC,0.594212,0.577241,0.58012,0.58994
2021-05-06 15:00:00.000 UTC,0.591589,0.575641,0.578319,0.591589
2021-05-06 14:00:00.000 UTC,0.579523,0.575732,0.579523,0.577844
2021-05-06 13:00:00.000 UTC,0.579455,0.57133,0.573678,0.579455
2021-05-06 12:00:00.000 UTC,0.579104,0.573315,0.578142,0.573315
2021-05-06 11:00:00.000 UTC,0.582202,0.576709,0.582202,0.578622
2021-05-06 10:00:00.000 UTC,0.584441,0.579207,0.581765,0.582312
2021-05-06 09:00:00.000 UTC,0.580721,0.574179,0.574179,0.580721
2021-05-06 08:00:00.000 UTC,0.580762,0.574307,0.578491,0.574307
2021-05-06 07:00:00.000 UTC,0.579334,0.571693,0.571693,0.578894
2021-05-06 06:00:00.000 UTC,0.591619,0.576145,0.591619,0.576145
2021-05-06 05:00:00.000 UTC,0.592867,0.583481,0.586037,0.591337
2021-05-06 04:00:00.000 UTC,0.588259,0.584717,0.584717,0.584939
2021-05-06 03:00:00.000 UTC,0.588802,0.582873,0.585528,0.585642
2021-05-06 02:00:00.000 UTC,0.588083,0.5829,0.583887,0.585569
2021-05-06 01:00:00.000 UTC,0.58648,0.582921,0.584258,0.584355
2021-05-06 00:00:00.000 UTC,0.609054,0.583274,0.606664,0.583965
2021-05-05 23:00:00.000 UTC,0.615282,0.605123,0.607017,0.606238
2021-05-05 22:00:00.000 UTC,0.609068,0.588332,0.58906,0.607937
2021-05-05 21:00:00.000 UTC,0.594103,0.588158,0.594103,0.588158
2021-05-05 20:00:00.000 UTC,0.600633,0.588188,0.600633,0.593957
2021-05-05 19:00:00.000 UTC,0.597509,0.59373,0.594859,0.596946
2021-05-05 18:00:00.000 UTC,0.609251,0.595719,0.600596,0.595744
2021-05-05 17:00:00.000 UTC,0.607306,0.598872,0.607306,0.600262
2021-05-05 16:00:00.000 UTC,0.60826,0.601088,0.601088,0.607729
2021-05-05 15:00:00.000 UTC,0.612433,0.604844,0.610755,0.605382
2021-05-05 14:00:00.000 UTC,0.615453,0.603284,0.615453,0.610167
2021-05-05 13:00:00.000 UTC,0.620239,0.611764,0.613164,0.616531
2021-05-05 12:00:00.000 UTC,0.613328,0.600827,0.602621,0.611473
2021-05-05 11:00:00.000 UTC,0.613765,0.600451,0.611044,0.600451
2021-05-05 10:00:00.000 UTC,0.616509,0.606962,0.616428,0.609786
2021-05-05 09:00:00.000 UTC,0.612587,0.604448,0.604448,0.609742
2021-05-05 08:00:00.000 UTC,0.608353,0.592679,0.597854,0.602133
2021-05-05 07:00:00.000 UTC,0.592853,0.57803,0.578183,0.592853
2021-05-05 06:00:00.000 UTC,0.588422,0.577238,0.581882,0.579042
2021-05-05 05:00:00.000 UTC,0.584205,0.576649,0.578747,0.580386
2021-05-05 04:00:00.000 UTC,0.581933,0.578332,0.580312,0.580775
2021-05-05 03:00:00.000 UTC,0.588411,0.579915,0.588411,0.579915
2021-05-05 02:00:00.000 UTC,0.596216,0.587607,0.590312,0.589626
2021-05-05 01:00:00.000 UTC,0.592017,0.57747,0.57747,0.589025
2021-05-05 00:00:00.000 UTC,0.591115,0.576675,0.578134,0.582518
2021-05-04 23:00:00.000 UTC,0.59304,0.582344,0.592451,0.582344
2021-05-04 22:00:00.000 UTC,0.593735,0.583079,0.59191,0.589253
2021-05-04 21:00:00.000 UTC,0.606092,0.592845,0.600604,0.592845
2021-05-04 20:00:00.000 UTC,0.606815,0.597084,0.602645,0.603775
2021-05-04 19:00:00.000 UTC,0.605149,0.597411,0.602431,0.603352
2021-05-04 18:00:00.000 UTC,0.606303,0.596308,0.596308,0.606271
2021-05-04 17:00:00.000 UTC,0.601829,0.589527,0.589527,0.597573
2021-05-04 16:00:00.000 UTC,0.604561,0.585084,0.603358,0.585084
2021-05-04 15:00:00.000 UTC,0.620655,0.603223,0.620655,0.605781
2021-05-04 14:00:00.000 UTC,0.635008,0.621118,0.635008,0.621118
2021-05-04 13:00:00.000 UTC,0.660828,0.637849,0.660828,0.6382
2021-05-04 12:00:00.000 UTC,0.675775,0.657815,0.675681,0.665527
2021-05-04 11:00:00.000 UTC,0.684012,0.676393,0.683327,0.677777
2021-05-04 10:00:00.000 UTC,0.694888,0.68396,0.68396,0.685896
2021-05-04 09:00:00.000 UTC,0.696351,0.687198,0.688606,0.687198
2021-05-04 08:00:00.000 UTC,0.693827,0.673571,0.688954,0.682263
2021-05-04 07:00:00.000 UTC,0.717096,0.689226,0.702461,0.689226
2021-05-04 06:00:00.000 UTC,0.701305,0.685067,0.685755,0.691015
2021-05-04 05:00:00.000 UTC,0.691132,0.677268,0.691132,0.685252
2021-05-04 04:00:00.000 UTC,0.701895,0.666718,0.666718,0.694306
2021-05-04 03:00:00.000 UTC,0.679659,0.662326,0.671528,0.662326
2021-05-04 02:00:00.000 UTC,0.715902,0.67233,0.690454,0.67233
2021-05-04 01:00:00.000 UTC,0.68098,0.604008,0.604008,0.68098
2021-05-04 00:00:00.000 UTC,0.658249,0.613239,0.658249,0.613239
2021-05-03 23:00:00.000 UTC,0.677832,0.653743,0.655235,0.660041
2021-05-03 22:00:00.000 UTC,0.662203,0.649267,0.649267,0.657754
2021-05-03 21:00:00.000 UTC,0.647782,0.63723,0.641019,0.647401
2021-05-03 20:00:00.000 UTC,0.660228,0.641143,0.660228,0.64467
2021-05-03 19:00:00.000 UTC,0.672174,0.646145,0.646145,0.660708
2021-05-03 18:00:00.000 UTC,0.648875,0.644957,0.646526,0.648875
2021-05-03 17:00:00.000 UTC,0.654719,0.645885,0.651058,0.647685
2021-05-03 16:00:00.000 UTC,0.654163,0.639431,0.641075,0.648411
2021-05-03 15:00:00.000 UTC,0.655942,0.627753,0.627753,0.641137
2021-05-03 14:00:00.000 UTC,0.627983,0.612353,0.612353,0.626865
2021-05-03 13:00:00.000 UTC,0.62608,0.613942,0.624375,0.613942
2021-05-03 12:00:00.000 UTC,0.636989,0.62111,0.633959,0.623759
2021-05-03 11:00:00.000 UTC,0.638698,0.630446,0.630446,0.634941
2021-05-03 10:00:00.000 UTC,0.634182,0.627629,0.634182,0.629053
2021-05-03 09:00:00.000 UTC,0.639778,0.632539,0.639544,0.636242
2021-05-03 08:00:00.000 UTC,0.640208,0.619417,0.623015,0.640208
2021-05-03 07:00:00.000 UTC,0.623517,0.614216,0.619478,0.622809
2021-05-03 06:00:00.000 UTC,0.620528,0.60369,0.603891,0.619278
2021-05-03 05:00:00.000 UTC,0.599707,0.588952,0.588952,0.598398
2021-05-03 04:00:00.000 UTC,0.590116,0.584068,0.584068,0.590116
2021-05-03 03:00:00.000 UTC,0.585369,0.58346,0.585223,0.584093
2021-05-03 02:00:00.000 UTC,0.585702,0.583681,0.583715,0.585254
2021-05-03 01:00:00.000 UTC,0.588153,0.580914,0.584832,0.583625
2021-05-03 00:00:00.000 UTC,0.587017,0.581154,0.581484,0.585189
2021-05-02 23:00:00.000 UTC,0.582482,0.577425,0.578061,0.582482
2021-05-02 22:00:00.000 UTC,0.588507,0.577447,0.588311,0.577447
2021-05-02 21:00:00.000 UTC,0.591897,0.589082,0.591691,0.589082
2021-05-02 20:00:00.000 UTC,0.591793,0.588316,0.590339,0.590381
2021-05-02 19:00:00.000 UTC,0.5918,0.589237,0.591482,0.590827
2021-05-02 18:00:00.000 UTC,0.592423,0.589894,0.590736,0.591011
2021-05-02 17:00:00.000 UTC,0.58935,0.587407,0.587636,0.589269
2021-05-02 16:00:00.000 UTC,0.594941,0.587671,0.594941,0.588551
2021-05-02 15:00:00.000 UTC,0.595267,0.584762,0.586382,0.595267
2021-05-02 14:00:00.000 UTC,0.5866,0.581536,0.581536,0.5866
2021-05-02 13:00:00.000 UTC,0.585314,0.581236,0.584987,0.581236
2021-05-02 12:00:00.000 UTC,0.584985,0.581568,0.581568,0.584862
2021-05-02 11:00:00.000 UTC,0.581712,0.57873,0.581677,0.580004
2021-05-02 10:00:00.000 UTC,0.581333,0.574542,0.574542,0.58112
2021-05-02 09:00:00.000 UTC,0.573996,0.56962,0.573215,0.573219
2021-05-02 08:00:00.000 UTC,0.57692,0.570181,0.575127,0.572643
2021-05-02 07:00:00.000 UTC,0.581649,0.572583,0.581649,0.574644
2021-05-02 06:00:00.000 UTC,0.582385,0.58035,0.58035,0.582039
2021-05-02 05:00:00.000 UTC,0.581586,0.577976,0.581586,0.580734
2021-05-02 04:00:00.000 UTC,0.580971,0.569106,0.576964,0.580971
2021-05-02 03:00:00.000 UTC,0.60116,0.580212,0.60116,0.580212
2021-05-02 02:00:00.000 UTC,0.601588,0.599864,0.599864,0.601588
2021-05-02 01:00:00.000 UTC,0.59996,0.595009,0.596833,0.59996
2021-05-02 00:00:00.000 UTC,0.604592,0.596543,0.603323,0.597212
2021-05-01 23:00:00.000 UTC,0.603175,0.599707,0.599707,0.603175
2021-05-01 22:00:00.000 UTC,0.599924,0.596378,0.596378,0.599924
2021-05-01 21:00:00.000 UTC,0.604025,0.597532,0.604025,0.597532
2021-05-01 20:00:00.000 UTC,0.605196,0.603994,0.604675,0.604714
2021-05-01 19:00:00.000 UTC,0.606465,0.602527,0.602668,0.604676
2021-05-01 18:00:00.000 UTC,0.604824,0.601698,0.604824,0.602837
2021-05-01 17:00:00.000 UTC,0.605218,0.602796,0.602796,0.605113
2021-05-01 16:00:00.000 UTC,0.602578,0.600324,0.600818,0.601596
2021-05-01 15:00:00.000 UTC,0.601156,0.596271,0.598913,0.601156
2021-05-01 14:00:00.000 UTC,0.604325,0.599791,0.604325,0.599791
2021-05-01 13:00:00.000 UTC,0.607841,0.604203,0.607095,0.604637
2021-05-01 12:00:00.000 UTC,0.614077,0.608551,0.614077,0.611019
2021-05-01 11:00:00.000 UTC,0.613371,0.604081,0.604081,0.613371
2021-05-01 10:00:00.000 UTC,0.603104,0.596748,0.598599,0.600091
2021-05-01 09:00:00.000 UTC,0.607143,0.594338,0.607143,0.598667
2021-05-01 08:00:00.000 UTC,0.617147,0.609165,0.613697,0.609165
2021-05-01 07:00:00.000 UTC,0.617889,0.614412,0.617889,0.614689
2021-05-01 06:00:00.000 UTC,0.620363,0.618114,0.618304,0.618114
2021-05-01 05:00:00.000 UTC,0.620897,0.613543,0.613705,0.617962
2021-05-01 04:00:00.000 UTC,0.621098,0.612657,0.621098,0.613983
2021-05-01 03:00:00.000 UTC,0.622227,0.614099,0.614492,0.620814
2021-05-01 02:00:00.000 UTC,0.618153,0.613207,0.61431,0.613207
2021-05-01 01:00:00.000 UTC,0.615922,0.608351,0.614278,0.613686
2021-05-01 00:00:00.000 UTC,0.627327,0.614672,0.622478,0.615174
2021-04-30 23:00:00.000 UTC,0.627318,0.621057,0.627318,0.622327
2021-04-30 22:00:00.000 UTC,0.629722,0.617694,0.618798,0.629722
2021-04-30 21:00:00.000 UTC,0.625073,0.616935,0.617881,0.620061
2021-04-30 20:00:00.000 UTC,0.620513,0.610258,0.611688,0.618898
2021-04-30 19:00:00.000 UTC,0.61879,0.611962,0.615173,0.611962
2021-04-30 18:00:00.000 UTC,0.615136,0.610463,0.612992,0.613096
2021-04-30 17:00:00.000 UTC,0.615727,0.609466,0.610201,0.613232
2021-04-30 16:00:00.000 UTC,0.620563,0.611352,0.620276,0.611559
2021-04-30 15:00:00.000 UTC,0.625943,0.612175,0.621106,0.619373
2021-04-30 14:00:00.000 UTC,0.642254,0.598264,0.598264,0.642254
2021-04-30 13:00:00.000 UTC,0.60273,0.591799,0.594914,0.594196
2021-04-30 12:00:00.000 UTC,0.590874,0.573158,0.573339,0.590502
2021-04-30 11:00:00.000 UTC,0.580039,0.57264,0.57264,0.573098
2021-04-30 10:00:00.000 UTC,0.580202,0.572556,0.572556,0.576811
2021-04-30 09:00:00.000 UTC,0.574374,0.567793,0.567793,0.56967
2021-04-30 08:00:00.000 UTC,0.570769,0.566513,0.568633,0.567894
2021-04-30 07:00:00.000 UTC,0.570689,0.567674,0.569348,0.569345
2021-04-30 06:00:00.000 UTC,0.575443,0.569077,0.571798,0.56914
2021-04-30 05:00:00.000 UTC,0.57539,0.568351,0.568351,0.571751
2021-04-30 04:00:00.000 UTC,0.569938,0.560167,0.560167,0.568079
2021-04-30 03:00:00.000 UTC,0.563306,0.558913,0.558913,0.560133
2021-04-30 02:00:00.000 UTC,0.559965,0.556928,0.558218,0.559259
2021-04-30 01:00:00.000 UTC,0.559423,0.551506,0.556149,0.557381
2021-04-30 00:00:00.000 UTC,0.564119,0.552785,0.564119,0.555817
2021-04-29 23:00:00.000 UTC,0.564258,0.560578,0.560578,0.562961
2021-04-29 22:00:00.000 UTC,0.562035,0.559451,0.560353,0.559875
2021-04-29 21:00:00.000 UTC,0.556692,0.551573,0.551963,0.556692
2021-04-29 20:00:00.000 UTC,0.554897,0.543701,0.553005,0.548745
2021-04-29 19:00:00.000 UTC,0.553927,0.551128,0.5521,0.553915
2021-04-29 18:00:00.000 UTC,0.552549,0.545486,0.548682,0.550525
2021-04-29 17:00:00.000 UTC,0.55541,0.547655,0.553946,0.551781
2021-04-29 16:00:00.000 UTC,0.570716,0.558001,0.570716,0.558001
2021-04-29 15:00:00.000 UTC,0.573842,0.566866,0.572677,0.571495
2021-04-29 14:00:00.000 UTC,0.577303,0.572542,0.572542,0.573643
2021-04-29 13:00:00.000 UTC,0.594144,0.573332,0.593701,0.573332
2021-04-29 12:00:00.000 UTC,0.596243,0.590591,0.592976,0.595403
2021-04-29 11:00:00.000 UTC,0.597219,0.58585,0.597219,0.592708
2021-04-29 10:00:00.000 UTC,0.610159,0.593415,0.602406,0.594934
2021-04-29 09:00:00.000 UTC,0.604337,0.584346,0.584346,0.602601
2021-04-29 08:00:00.000 UTC,0.581388,0.574546,0.579991,0.581388
2021-04-29 07:00:00.000 UTC,0.585509,0.579444,0.582109,0.580567
2021-04-29 06:00:00.000 UTC,0.579454,0.571854,0.574868,0.578771
2021-04-29 05:00:00.000 UTC,0.573618,0.559534,0.559534,0.573618
2021-04-29 04:00:00.000 UTC,0.573639,0.559153,0.573639,0.559931
2021-04-29 03:00:00.000 UTC,0.576481,0.567204,0.573217,0.567204
2021-04-29 02:00:00.000 UTC,0.57286,0.56296,0.567769,0.57286
2021-04-29 01:00:00.000 UTC,0.570106,0.555967,0.563331,0.566955
2021-04-29 00:00:00.000 UTC,0.591327,0.570422,0.590195,0.576219
2021-04-28 23:00:00.000 UTC,0.600773,0.565803,0.565803,0.588033
2021-04-28 22:00:00.000 UTC,0.574281,0.567668,0.572821,0.567668
2021-04-28 21:00:00.000 UTC,0.572721,0.557385,0.561455,0.572539
2021-04-28 20:00:00.000 UTC,0.581183,0.561406,0.579136,0.562472
2021-04-28 19:00:00.000 UTC,0.588505,0.575574,0.579018,0.577192
2021-04-28 18:00:00.000 UTC,0.591775,0.579486,0.586193,0.579486
2021-04-28 17:00:00.000 UTC,0.587128,0.576898,0.580149,0.584884
2021-04-28 16:00:00.000 UTC,0.58594,0.578019,0.581596,0.581691
2021-04-28 15:00:00.000 UTC,0.591819,0.574221,0.590263,0.579705
2021-04-28 14:00:00.000 UTC,0.611821,0.582584,0.591013,0.582584
2021-04-28 13:00:00.000 UTC,0.60837,0.584796,0.603828,0.588588
2021-04-28 12:00:00.000 UTC,0.601585,0.580047,0.58143,0.601585
2021-04-28 11:00:00.000 UTC,0.601583,0.582525,0.582525,0.58326
2021-04-28 10:00:00.000 UTC,0.592766,0.578123,0.592766,0.582984
2021-04-28 09:00:00.000 UTC,0.609832,0.570187,0.586641,0.597291
2021-04-28 08:00:00.000 UTC,0.578021,0.544955,0.546829,0.573873
2021-04-28 07:00:00.000 UTC,0.567517,0.529197,0.529197,0.548285
2021-04-28 06:00:00.000 UTC,0.558843,0.520576,0.558843,0.526615
2021-04-28 05:00:00.000 UTC,0.570118,0.549437,0.568938,0.555075
2021-04-28 04:00:00.000 UTC,0.57478,0.564764,0.564764,0.567405
2021-04-28 03:00:00.000 UTC,0.578202,0.564421,0.573467,0.564421
2021-04-28 02:00:00.000 UTC,0.581097,0.572341,0.576935,0.575441
2021-04-28 01:00:00.000 UTC,0.577284,0.557388,0.557388,0.577284
2021-04-28 00:00:00.000 UTC,0.575889,0.540852,0.540852,0.556617
2021-04-27 23:00:00.000 UTC,0.542186,0.531063,0.534716,0.539707
2021-04-27 22:00:00.000 UTC,0.537482,0.526635,0.527126,0.534015
2021-04-27 21:00:00.000 UTC,0.525561,0.521758,0.521758,0.524966
2021-04-27 20:00:00.000 UTC,0.520287,0.516065,0.516065,0.520287
2021-04-27 19:00:00.000 UTC,0.520801,0.512566,0.520801,0.514341
2021-04-27 18:00:00.000 UTC,0.523805,0.518201,0.522289,0.519678
2021-04-27 17:00:00.000 UTC,0.522059,0.515256,0.520655,0.52152
2021-04-27 16:00:00.000 UTC,0.53359,0.520125,0.529401,0.528294
2021-04-27 15:00:00.000 UTC,0.530694,0.521521,0.522454,0.530694
2021-04-27 14:00:00.000 UTC,0.531078,0.509292,0.519338,0.52061
2021-04-27 13:00:00.000 UTC,0.539759,0.51925,0.524587,0.520148
2021-04-27 12:00:00.000 UTC,0.531999,0.52418,0.531999,0.526091
2021-04-27 11:00:00.000 UTC,0.533165,0.52298,0.52298,0.533165
2021-04-27 10:00:00.000 UTC,0.527612,0.512786,0.512786,0.524957
2021-04-27 09:00:00.000 UTC,0.514858,0.510243,0.510325,0.514103
2021-04-27 08:00:00.000 UTC,0.517247,0.510902,0.512233,0.514888
2021-04-27 07:00:00.000 UTC,0.516108,0.512163,0.516108,0.512163
2021-04-27 06:00:00.000 UTC,0.516377,0.509475,0.512342,0.514933
2021-04-27 05:00:00.000 UTC,0.512083,0.505932,0.505932,0.512083
2021-04-27 04:00:00.000 UTC,0.50557,0.498546,0.500875,0.50557
2021-04-27 03:00:00.000 UTC,0.50294,0.493729,0.50294,0.500424
2021-04-27 02:00:00.000 UTC,0.510557,0.50249,0.503422,0.50249
2021-04-27 01:00:00.000 UTC,0.504763,0.497971,0.498575,0.504301
2021-04-27 00:00:00.000 UTC,0.505602,0.48968,0.50039,0.497259
2021-04-26 23:00:00.000 UTC,0.499628,0.487306,0.487306,0.499223
2021-04-26 22:00:00.000 UTC,0.489643,0.48043,0.482469,0.486798
2021-04-26 21:00:00.000 UTC,0.480922,0.466008,0.475851,0.480922
2021-04-26 20:00:00.000 UTC,0.489897,0.476523,0.489897,0.476523
2021-04-26 19:00:00.000 UTC,0.491311,0.48501,0.491311,0.490346
2021-04-26 18:00:00.000 UTC,0.490568,0.486745,0.487612,0.489861
2021-04-26 17:00:00.000 UTC,0.48773,0.480145,0.480145,0.486273
2021-04-26 16:00:00.000 UTC,0.487196,0.471153,0.48336,0.480122
2021-04-26 15:00:00.000 UTC,0.483085,0.476163,0.476301,0.482214
2021-04-26 14:00:00.000 UTC,0.480183,0.47506,0.478604,0.47835
2021-04-26 13:00:00.000 UTC,0.482637,0.475106,0.479392,0.478728
2021-04-26 12:00:00.000 UTC,0.492646,0.482878,0.492646,0.482878
2021-04-26 11:00:00.000 UTC,0.490737,0.480017,0.480096,0.490737
2021-04-26 10:00:00.000 UTC,0.483472,0.475893,0.475893,0.483472
2021-04-26 09:00:00.000 UTC,0.475843,0.464753,0.470409,0.475843
2021-04-26 08:00:00.000 UTC,0.476132,0.468495,0.476132,0.468723
2021-04-26 07:00:00.000 UTC,0.487126,0.46907,0.474809,0.47819
2021-04-26 06:00:00.000 UTC,0.48305,0.472836,0.477711,0.475043
2021-04-26 05:00:00.000 UTC,0.487163,0.450733,0.456581,0.487163
2021-04-26 04:00:00.000 UTC,0.459693,0.453857,0.458768,0.455879
2021-04-26 03:00:00.000 UTC,0.459449,0.455905,0.455905,0.458032
2021-04-26 02:00:00.000 UTC,0.457269,0.445207,0.451152,0.453676
2021-04-26 01:00:00.000 UTC,0.449307,0.438019,0.439248,0.449307
2021-04-26 00:00:00.000 UTC,0.43651,0.415398,0.416101,0.433721
2021-04-25 23:00:00.000 UTC,0.414781,0.408138,0.410575,0.414623
2021-04-25 22:00:00.000 UTC,0.412024,0.40053,0.40053,0.411851
2021-04-25 21:00:00.000 UTC,0.417002,0.397562,0.409053,0.402241
2021-04-25 20:00:00.000 UTC,0.431653,0.412471,0.426188,0.412471
2021-04-25 19:00:00.000 UTC,0.437413,0.428833,0.435643,0.428833
2021-04-25 18:00:00.000 UTC,0.448419,0.43217,0.448419,0.435796
2021-04-25 17:00:00.000 UTC,0.453568,0.442262,0.452705,0.44908
2021-04-25 16:00:00.000 UTC,0.45308,0.439764,0.443666,0.449601
2021-04-25 15:00:00.000 UTC,0.448407,0.443096,0.445414,0.443096
2021-04-25 14:00:00.000 UTC,0.444193,0.434562,0.437046,0.443909
2021-04-25 13:00:00.000 UTC,0.441044,0.436361,0.439052,0.436361
2021-04-25 12:00:00.000 UTC,0.440062,0.434258,0.439429,0.437953
2021-04-25 11:00:00.000 UTC,0.440103,0.435086,0.435086,0.438003
2021-04-25 10:00:00.000 UTC,0.442572,0.433692,0.43651,0.434937
2021-04-25 09:00:00.000 UTC,0.439643,0.426117,0.436669,0.433452
2021-04-25 08:00:00.000 UTC,0.43792,0.427259,0.427259,0.43792
2021-04-25 07:00:00.000 UTC,0.427136,0.420831,0.42256,0.427136
2021-04-25 06:00:00.000 UTC,0.426972,0.415863,0.426972,0.416298
2021-04-25 05:00:00.000 UTC,0.42556,0.413293,0.413907,0.42556
2021-04-25 04:00:00.000 UTC,0.413875,0.408006,0.408006,0.413875
2021-04-25 03:00:00.000 UTC,0.428996,0.409061,0.428996,0.409061
2021-04-25 02:00:00.000 UTC,0.427622,0.415419,0.415419,0.427622
2021-04-25 01:00:00.000 UTC,0.423023,0.412176,0.412176,0.416878
2021-04-25 00:00:00.000 UTC,0.424535,0.410974,0.411047,0.410974
2021-04-24 23:00:00.000 UTC,0.424022,0.3969,0.398041,0.411408
2021-04-24 22:00:00.000 UTC,0.404456,0.398434,0.403536,0.402079
2021-04-24 21:00:00.000 UTC,0.407051,0.401938,0.407051,0.404729
2021-04-24 20:00:00.000 UTC,0.407026,0.401423,0.405855,0.407026
2021-04-24 19:00:00.000 UTC,0.408905,0.406696,0.407588,0.406696
2021-04-24 18:00:00.000 UTC,0.408409,0.402426,0.405677,0.408409
2021-04-24 17:00:00.000 UTC,0.409099,0.398637,0.409099,0.405684
2021-04-24 16:00:00.000 UTC,0.409644,0.403834,0.409644,0.403834
2021-04-24 15:00:00.000 UTC,0.409988,0.395245,0.402943,0.409988
2021-04-24 14:00:00.000 UTC,0.409426,0.399896,0.409426,0.401534
2021-04-24 13:00:00.000 UTC,0.413842,0.40825,0.413564,0.40825
2021-04-24 12:00:00.000 UTC,0.413078,0.398048,0.398048,0.409912
2021-04-24 11:00:00.000 UTC,0.413158,0.397452,0.413158,0.397452
2021-04-24 10:00:00.000 UTC,0.426079,0.407886,0.426079,0.412574
2021-04-24 09:00:00.000 UTC,0.425761,0.420771,0.425761,0.423989
2021-04-24 08:00:00.000 UTC,0.436874,0.430624,0.43425,0.430624
2021-04-24 07:00:00.000 UTC,0.43148,0.418677,0.429952,0.430831
2021-04-24 06:00:00.000 UTC,0.432514,0.425124,0.425818,0.430556
2021-04-24 05:00:00.000 UTC,0.42608,0.420341,0.424442,0.426036
2021-04-24 04:00:00.000 UTC,0.42587,0.409402,0.413393,0.42587
2021-04-24 03:00:00.000 UTC,0.419255,0.408437,0.408437,0.414367
2021-04-24 02:00:00.000 UTC,0.409927,0.397387,0.408636,0.406656
2021-04-24 01:00:00.000 UTC,0.408735,0.398293,0.398293,0.407115
2021-04-24 00:00:00.000 UTC,0.427054,0.396101,0.427054,0.398785
2021-04-23 23:00:00.000 UTC,0.425369,0.410015,0.410015,0.425369
2021-04-23 22:00:00.000 UTC,0.409594,0.403604,0.403855,0.40831
2021-04-23 21:00:00.000 UTC,0.418062,0.404,0.412517,0.404
2021-04-23 20:00:00.000 UTC,0.422575,0.413063,0.416053,0.413063
2021-04-23 19:00:00.000 UTC,0.416133,0.407376,0.412825,0.413932
2021-04-23 18:00:00.000 UTC,0.412351,0.393355,0.393355,0.41142
2021-04-23 17:00:00.000 UTC,0.399705,0.392666,0.399705,0.393663
2021-04-23 16:00:00.000 UTC,0.400896,0.392376,0.395875,0.400665
2021-04-23 15:00:00.000 UTC,0.397583,0.385515,0.394531,0.396997
2021-04-23 14:00:00.000 UTC,0.395468,0.381668,0.381668,0.393198
2021-04-23 13:00:00.000 UTC,0.390866,0.378991,0.385201,0.381829
2021-04-23 12:00:00.000 UTC,0.39883,0.386662,0.398485,0.388499
2021-04-23 11:00:00.000 UTC,0.406473,0.392288,0.396526,0.396293
2021-04-23 10:00:00.000 UTC,0.397114,0.369027,0.369027,0.397114
2021-04-23 09:00:00.000 UTC,0.37646,0.365235,0.37646,0.369409
2021-04-23 08:00:00.000 UTC,0.372633,0.355849,0.358484,0.372633
2021-04-23 07:00:00.000 UTC,0.377909,0.358141,0.371424,0.358141
2021-04-23 06:00:00.000 UTC,0.385316,0.364468,0.385316,0.370212
2021-04-23 05:00:00.000 UTC,0.387113,0.365598,0.376614,0.386974
2021-04-23 04:00:00.000 UTC,0.397919,0.381537,0.39553,0.381537
2021-04-23 03:00:00.000 UTC,0.39974,0.37844,0.37844,0.39974
2021-04-23 02:00:00.000 UTC,0.409205,0.353965,0.405253,0.375808
2021-04-23 01:00:00.000 UTC,0.433691,0.402168,0.43263,0.402168
2021-04-23 00:00:00.000 UTC,0.448197,0.434807,0.443049,0.434807
2021-04-22 23:00:00.000 UTC,0.452182,0.443141,0.443141,0.445632
2021-04-22 22:00:00.000 UTC,0.461915,0.439467,0.457017,0.439467
2021-04-22 21:00:00.000 UTC,0.466497,0.452932,0.466497,0.456147
2021-04-22 20:00:00.000 UTC,0.489618,0.46648,0.489618,0.46648
2021-04-22 19:00:00.000 UTC,0.497995,0.484872,0.497995,0.49276
2021-04-22 18:00:00.000 UTC,0.498823,0.492611,0.497288,0.498823
2021-04-22 17:00:00.000 UTC,0.521643,0.499402,0.520062,0.499402
2021-04-22 16:00:00.000 UTC,0.521238,0.514524,0.514972,0.520544
2021-04-22 15:00:00.000 UTC,0.516374,0.509628,0.512284,0.515184
2021-04-22 14:00:00.000 UTC,0.514584,0.500611,0.500611,0.514584
2021-04-22 13:00:00.000 UTC,0.509356,0.502624,0.508716,0.502624
2021-04-22 12:00:00.000 UTC,0.513699,0.505129,0.505129,0.510246
2021-04-22 11:00:00.000 UTC,0.508101,0.496569,0.496569,0.505261
2021-04-22 10:00:00.000 UTC,0.500932,0.49517,0.499179,0.498516
2021-04-22 09:00:00.000 UTC,0.498019,0.487865,0.488713,0.498019
2021-04-22 08:00:00.000 UTC,0.503309,0.487622,0.503309,0.487824
2021-04-22 07:00:00.000 UTC,0.507449,0.50152,0.505986,0.502665
2021-04-22 06:00:00.000 UTC,0.511675,0.505209,0.508832,0.505209
2021-04-22 05:00:00.000 UTC,0.506871,0.502969,0.503643,0.506871
2021-04-22 04:00:00.000 UTC,0.507716,0.497408,0.497408,0.501521
2021-04-22 03:00:00.000 UTC,0.517039,0.497424,0.514846,0.497424
2021-04-22 02:00:00.000 UTC,0.52007,0.505446,0.52007,0.515445
2021-04-22 01:00:00.000 UTC,0.526892,0.521017,0.525012,0.521308
2021-04-22 00:00:00.000 UTC,0.52211,0.507503,0.512353,0.521157
2021-04-21 23:00:00.000 UTC,0.515771,0.508826,0.514169,0.514537
2021-04-21 22:00:00.000 UTC,0.527178,0.514624,0.52305,0.514987
2021-04-21 21:00:00.000 UTC,0.526181,0.52318,0.52545,0.523495
2021-04-21 20:00:00.000 UTC,0.539474,0.524931,0.539474,0.524931
2021-04-21 19:00:00.000 UTC,0.539327,0.533358,0.534442,0.538919
2021-04-21 18:00:00.000 UTC,0.541955,0.533185,0.541127,0.536335
2021-04-21 17:00:00.000 UTC,0.548511,0.540508,0.547886,0.544265
2021-04-21 16:00:00.000 UTC,0.553998,0.548451,0.55254,0.553413
2021-04-21 15:00:00.000 UTC,0.552984,0.548833,0.552984,0.551871
2021-04-21 14:00:00.000 UTC,0.551889,0.544678,0.550056,0.549887
2021-04-21 13:00:00.000 UTC,0.547144,0.541494,0.543159,0.547144
2021-04-21 12:00:00.000 UTC,0.543767,0.526138,0.530908,0.543646
2021-04-21 11:00:00.000 UTC,0.545943,0.527237,0.536015,0.527892
2021-04-21 10:00:00.000 UTC,0.558477,0.538394,0.557475,0.538394
2021-04-21 09:00:00.000 UTC,0.575576,0.560506,0.560547,0.561182
2021-04-21 08:00:00.000 UTC,0.560314,0.54451,0.550962,0.560314
2021-04-21 07:00:00.000 UTC,0.556903,0.549081,0.55287,0.551697
2021-04-21 06:00:00.000 UTC,0.557265,0.54299,0.544664,0.556837
2021-04-21 05:00:00.000 UTC,0.54608,0.536994,0.540216,0.539513
2021-04-21 04:00:00.000 UTC,0.54161,0.532432,0.532432,0.541577
2021-04-21 03:00:00.000 UTC,0.545489,0.531986,0.545489,0.531986
2021-04-21 02:00:00.000 UTC,0.544498,0.536969,0.541456,0.543175
2021-04-21 01:00:00.000 UTC,0.538652,0.517475,0.522174,0.53796
2021-04-21 00:00:00.000 UTC,0.536673,0.521751,0.523103,0.521751
2021-04-20 23:00:00.000 UTC,0.527664,0.517748,0.517748,0.522967
2021-04-20 22:00:00.000 UTC,0.530591,0.515634,0.526114,0.515637
2021-04-20 21:00:00.000 UTC,0.523957,0.513491,0.518996,0.523957
2021-04-20 20:00:00.000 UTC,0.532249,0.521353,0.532249,0.523263
2021-04-20 19:00:00.000 UTC,0.533177,0.521595,0.521595,0.528552
2021-04-20 18:00:00.000 UTC,0.529086,0.51931,0.51931,0.522031
2021-04-20 17:00:00.000 UTC,0.52044,0.509459,0.509459,0.52044
2021-04-20 16:00:00.000 UTC,0.508653,0.499043,0.506734,0.508653
2021-04-20 15:00:00.000 UTC,0.505241,0.493205,0.500818,0.505241
2021-04-20 14:00:00.000 UTC,0.518679,0.496746,0.514633,0.499052
2021-04-20 13:00:00.000 UTC,0.518299,0.50104,0.50104,0.514636
2021-04-20 12:00:00.000 UTC,0.501552,0.488544,0.496425,0.501063
2021-04-20 11:00:00.000 UTC,0.496558,0.483409,0.493273,0.496558
2021-04-20 10:00:00.000 UTC,0.493242,0.471328,0.471328,0.493242
2021-04-20 09:00:00.000 UTC,0.476658,0.464567,0.464567,0.472354
2021-04-20 08:00:00.000 UTC,0.466542,0.450027,0.450892,0.466542
2021-04-20 07:00:00.000 UTC,0.466169,0.456563,0.45822,0.456563
2021-04-20 06:00:00.000 UTC,0.484982,0.460198,0.478088,0.460198
2021-04-20 05:00:00.000 UTC,0.516941,0.477413,0.516079,0.477741
2021-04-20 04:00:00.000 UTC,0.523315,0.510837,0.514969,0.514824
2021-04-20 03:00:00.000 UTC,0.515632,0.499527,0.503661,0.515632
2021-04-20 02:00:00.000 UTC,0.500967,0.489995,0.500754,0.498367
2021-04-20 01:00:00.000 UTC,0.512993,0.495235,0.495866,0.498112
2021-04-20 00:00:00.000 UTC,0.553214,0.486353,0.553214,0.496618
2021-04-19 23:00:00.000 UTC,0.569406,0.551497,0.569406,0.55196
2021-04-19 22:00:00.000 UTC,0.583836,0.570559,0.579835,0.570559
2021-04-19 21:00:00.000 UTC,0.581827,0.575731,0.580055,0.581027
2021-04-19 20:00:00.000 UTC,0.58503,0.578385,0.583387,0.580487
2021-04-19 19:00:00.000 UTC,0.58329,0.578177,0.578177,0.58329
2021-04-19 18:00:00.000 UTC,0.578848,0.574947,0.574947,0.577799
2021-04-19 17:00:00.000 UTC,0.573999,0.559403,0.559947,0.573999
2021-04-19 16:00:00.000 UTC,0.569319,0.556611,0.556611,0.560748
2021-04-19 15:00:00.000 UTC,0.573669,0.526559,0.573669,0.526894
2021-04-19 14:00:00.000 UTC,0.571998,0.535116,0.552824,0.571998
2021-04-19 13:00:00.000 UTC,0.551951,0.543506,0.547061,0.548599
2021-04-19 12:00:00.000 UTC,0.557305,0.548406,0.557305,0.549766
2021-04-19 11:00:00.000 UTC,0.557519,0.540929,0.540929,0.557519
2021-04-19 10:00:00.000 UTC,0.552895,0.536019,0.552895,0.536019
2021-04-19 09:00:00.000 UTC,0.557625,0.551551,0.55623,0.552355
2021-04-19 08:00:00.000 UTC,0.577925,0.556614,0.577925,0.559153
2021-04-19 07:00:00.000 UTC,0.581356,0.575882,0.580491,0.577953
2021-04-19 06:00:00.000 UTC,0.580748,0.572189,0.57259,0.578458
2021-04-19 05:00:00.000 UTC,0.581112,0.568279,0.581112,0.57488
2021-04-19 04:00:00.000 UTC,0.579838,0.570689,0.577078,0.577744
2021-04-19 03:00:00.000 UTC,0.576881,0.566641,0.567107,0.576881
2021-04-19 02:00:00.000 UTC,0.572674,0.561337,0.572415,0.568385
2021-04-19 01:00:00.000 UTC,0.574538,0.568174,0.568174,0.572355
2021-04-19 00:00:00.000 UTC,0.567129,0.557728,0.567018,0.567129
2021-04-18 23:00:00.000 UTC,0.573269,0.565905,0.573269,0.566164
2021-04-18 22:00:00.000 UTC,0.576592,0.569254,0.569531,0.572706
2021-04-18 21:00:00.000 UTC,0.571035,0.559923,0.568278,0.565954
2021-04-18 20:00:00.000 UTC,0.571084,0.561019,0.565041,0.568483
2021-04-18 19:00:00.000 UTC,0.565536,0.554056,0.561273,0.565536
2021-04-18 18:00:00.000 UTC,0.556676,0.549632,0.550537,0.556676
2021-04-18 17:00:00.000 UTC,0.563306,0.553679,0.563306,0.553973
2021-04-18 16:00:00.000 UTC,0.569841,0.555847,0.555847,0.561438
2021-04-18 15:00:00.000 UTC,0.559427,0.54841,0.555703,0.55209
2021-04-18 14:00:00.000 UTC,0.560354,0.552969,0.554019,0.558022
2021-04-18 13:00:00.000 UTC,0.553056,0.542165,0.542165,0.547853
2021-04-18 12:00:00.000 UTC,0.544508,0.515162,0.515162,0.542458
2021-04-18 11:00:00.000 UTC,0.562154,0.516219,0.541105,0.516219
2021-04-18 10:00:00.000 UTC,0.549129,0.539203,0.540999,0.546171
2021-04-18 09:00:00.000 UTC,0.548561,0.533197,0.548561,0.533197
2021-04-18 08:00:00.000 UTC,0.576315,0.553252,0.576315,0.553252
2021-04-18 07:00:00.000 UTC,0.581736,0.559955,0.559955,0.575219
2021-04-18 06:00:00.000 UTC,0.614245,0.559629,0.601464,0.559629
2021-04-18 05:00:00.000 UTC,0.602036,0.584999,0.584999,0.602036
2021-04-18 04:00:00.000 UTC,0.631654,0.545143,0.615119,0.545143
2021-04-18 03:00:00.000 UTC,0.69187,0.504742,0.691041,0.527236
2021-04-18 02:00:00.000 UTC,0.697439,0.694006,0.696452,0.694019
2021-04-18 01:00:00.000 UTC,0.707856,0.693458,0.707423,0.697112
2021-04-18 00:00:00.000 UTC,0.723275,0.708655,0.723275,0.709242
2021-04-17 23:00:00.000 UTC,0.732806,0.722319,0.730697,0.723414
2021-04-17 22:00:00.000 UTC,0.735961,0.728962,0.730273,0.733549
2021-04-17 21:00:00.000 UTC,0.729314,0.724313,0.729314,0.729024
2021-04-17 20:00:00.000 UTC,0.729066,0.721662,0.726618,0.729066
2021-04-17 19:00:00.000 UTC,0.725412,0.720368,0.723745,0.720878
2021-04-17 18:00:00.000 UTC,0.728165,0.712124,0.713249,0.721896
2021-04-17 17:00:00.000 UTC,0.72093,0.714932,0.71801,0.714932
2021-04-17 16:00:00.000 UTC,0.718517,0.709765,0.713209,0.717317
2021-04-17 15:00:00.000 UTC,0.734257,0.712953,0.734257,0.713248
2021-04-17 14:00:00.000 UTC,0.732732,0.725526,0.729144,0.731058
2021-04-17 13:00:00.000 UTC,0.730621,0.720949,0.724241,0.728828
2021-04-17 12:00:00.000 UTC,0.72874,0.716783,0.721498,0.72874
2021-04-17 11:00:00.000 UTC,0.741399,0.714662,0.741399,0.721851
2021-04-17 10:00:00.000 UTC,0.757563,0.744432,0.755007,0.744432
2021-04-17 09:00:00.000 UTC,0.755896,0.729835,0.729835,0.752013
2021-04-17 08:00:00.000 UTC,0.731627,0.724833,0.724833,0.731627
2021-04-17 07:00:00.000 UTC,0.72513,0.721023,0.725058,0.724177
2021-04-17 06:00:00.000 UTC,0.72916,0.72528,0.726786,0.726943
2021-04-17 05:00:00.000 UTC,0.737068,0.724788,0.733621,0.728852
2021-04-17 04:00:00.000 UTC,0.741987,0.733449,0.737706,0.733449
2021-04-17 03:00:00.000 UTC,0.746261,0.730445,0.746261,0.735649
2021-04-17 02:00:00.000 UTC,0.756118,0.742979,0.756118,0.744915
2021-04-17 01:00:00.000 UTC,0.752777,0.74698,0.752595,0.752777
2021-04-17 00:00:00.000 UTC,0.778501,0.748682,0.778501,0.753924
2021-04-16 23:00:00.000 UTC,0.7756,0.743061,0.743447,0.7756
2021-04-16 22:00:00.000 UTC,0.753061,0.740951,0.751074,0.750108
2021-04-16 21:00:00.000 UTC,0.749108,0.740624,0.741133,0.747352
2021-04-16 20:00:00.000 UTC,0.744741,0.686825,0.737841,0.736494
2021-04-16 19:00:00.000 UTC,0.759683,0.726588,0.726588,0.751555
2021-04-16 18:00:00.000 UTC,0.734743,0.714409,0.718346,0.72867
2021-04-16 17:00:00.000 UTC,0.719275,0.712735,0.715778,0.7179
2021-04-16 16:00:00.000 UTC,0.730483,0.714277,0.730483,0.714363
2021-04-16 15:00:00.000 UTC,0.740038,0.718637,0.727681,0.740038
2021-04-16 14:00:00.000 UTC,0.725266,0.650156,0.650156,0.724475
2021-04-16 13:00:00.000 UTC,0.733784,0.655128,0.730432,0.655128
2021-04-16 12:00:00.000 UTC,0.740079,0.710994,0.716056,0.731074
2021-04-16 11:00:00.000 UTC,0.71586,0.647516,0.709351,0.714518
2021-04-16 10:00:00.000 UTC,0.727748,0.714002,0.723646,0.715964
2021-04-16 09:00:00.000 UTC,0.750531,0.669177,0.750531,0.722997
2021-04-16 08:00:00.000 UTC,0.753548,0.74297,0.743535,0.751106
2021-04-16 07:00:00.000 UTC,0.762899,0.743744,0.762899,0.743744
2021-04-16 06:00:00.000 UTC,0.776616,0.692492,0.694167,0.776616
2021-04-16 05:00:00.000 UTC,0.722357,0.653546,0.653546,0.698474
2021-04-16 04:00:00.000 UTC,0.661112,0.651774,0.660619,0.652735
2021-04-16 03:00:00.000 UTC,0.660147,0.651598,0.651598,0.660147
2021-04-16 02:00:00.000 UTC,0.663918,0.652783,0.663014,0.652783
2021-04-16 01:00:00.000 UTC,0.676736,0.656489,0.676736,0.661219
2021-04-16 00:00:00.000 UTC,0.688058,0.676509,0.682743,0.679424
2021-04-15 23:00:00.000 UTC,0.685384,0.679538,0.685384,0.682218
2021-04-15 22:00:00.000 UTC,0.688281,0.68482,0.686364,0.687277
2021-04-15 21:00:00.000 UTC,0.699396,0.686613,0.696954,0.686613
2021-04-15 20:00:00.000 UTC,0.695931,0.688961,0.69174,0.695931
2021-04-15 19:00:00.000 UTC,0.689661,0.683459,0.6866,0.688666
2021-04-15 18:00:00.000 UTC,0.68537,0.678482,0.6812,0.68537
2021-04-15 17:00:00.000 UTC,0.684591,0.674126,0.684591,0.678459
2021-04-15 16:00:00.000 UTC,0.692819,0.667531,0.667531,0.685093
2021-04-15 15:00:00.000 UTC,0.67441,0.667295,0.674195,0.667295
2021-04-15 14:00:00.000 UTC,0.684439,0.670449,0.684439,0.675115
2021-04-15 13:00:00.000 UTC,0.684065,0.669975,0.670873,0.684065
2021-04-15 12:00:00.000 UTC,0.666495,0.660471,0.660471,0.662219
2021-04-15 11:00:00.000 UTC,0.656391,0.646865,0.649962,0.656391
2021-04-15 10:00:00.000 UTC,0.662754,0.649446,0.657927,0.649446
2021-04-15 09:00:00.000 UTC,0.66357,0.654894,0.656053,0.657868
2021-04-15 08:00:00.000 UTC,0.666817,0.657259,0.666817,0.65804
2021-04-15 07:00:00.000 UTC,0.669767,0.655903,0.655903,0.666746
2021-04-15 06:00:00.000 UTC,0.66491,0.656139,0.658702,0.656139
2021-04-15 05:00:00.000 UTC,0.657346,0.64725,0.64822,0.657346
2021-04-15 04:00:00.000 UTC,0.657682,0.649669,0.656812,0.649669
2021-04-15 03:00:00.000 UTC,0.663131,0.649468,0.650234,0.662538
2021-04-15 02:00:00.000 UTC,0.655127,0.650421,0.654816,0.650476
2021-04-15 01:00:00.000 UTC,0.656565,0.645353,0.645353,0.656407
2021-04-15 00:00:00.000 UTC,0.650351,0.644383,0.644383,0.648127
2021-04-14 23:00:00.000 UTC,0.648412,0.642652,0.642652,0.643316
2021-04-14 22:00:00.000 UTC,0.644851,0.639895,0.642366,0.641484
2021-04-14 21:00:00.000 UTC,0.64214,0.633787,0.633787,0.639353
2021-04-14 20:00:00.000 UTC,0.632594,0.623619,0.624858,0.632594
2021-04-14 19:00:00.000 UTC,0.62858,0.619095,0.62858,0.622465
2021-04-14 18:00:00.000 UTC,0.63006,0.619582,0.63006,0.628026
2021-04-14 17:00:00.000 UTC,0.637321,0.628856,0.637255,0.62894
2021-04-14 16:00:00.000 UTC,0.637602,0.626331,0.628568,0.637602
2021-04-14 15:00:00.000 UTC,0.627347,0.619895,0.619895,0.627347
2021-04-14 14:00:00.000 UTC,0.635632,0.618939,0.635632,0.624756
2021-04-14 13:00:00.000 UTC,0.645024,0.63689,0.637802,0.63689
2021-04-14 12:00:00.000 UTC,0.645726,0.639706,0.645726,0.63979
2021-04-14 11:00:00.000 UTC,0.645263,0.637936,0.640444,0.645263
2021-04-14 10:00:00.000 UTC,0.642452,0.633009,0.633075,0.640729
2021-04-14 09:00:00.000 UTC,0.663314,0.632842,0.645057,0.633248
2021-04-14 08:00:00.000 UTC,0.652826,0.647484,0.647484,0.648421
2021-04-14 07:00:00.000 UTC,0.650024,0.644416,0.647953,0.650024
2021-04-14 06:00:00.000 UTC,0.645921,0.641673,0.641894,0.645649
2021-04-14 05:00:00.000 UTC,0.647874,0.644566,0.646505,0.644566
2021-04-14 04:00:00.000 UTC,0.657974,0.645864,0.657798,0.645864
2021-04-14 03:00:00.000 UTC,0.656739,0.651067,0.651067,0.656739
2021-04-14 02:00:00.000 UTC,0.650933,0.648022,0.648931,0.650933
2021-04-14 01:00:00.000 UTC,0.653419,0.64827,0.653039,0.64843
2021-04-14 00:00:00.000 UTC,0.669886,0.652788,0.668828,0.652788
2021-04-13 23:00:00.000 UTC,0.66898,0.666202,0.667626,0.668062
2021-04-13 22:00:00.000 UTC,0.667775,0.661244,0.665994,0.667342
2021-04-13 21:00:00.000 UTC,0.666805,0.661431,0.661862,0.665231
2021-04-13 20:00:00.000 UTC,0.66179,0.656881,0.659856,0.659867
2021-04-13 19:00:00.000 UTC,0.659489,0.654463,0.655647,0.659489
2021-04-13 18:00:00.000 UTC,0.663055,0.657261,0.660188,0.657261
2021-04-13 17:00:00.000 UTC,0.662423,0.659101,0.659101,0.661253
2021-04-13 16:00:00.000 UTC,0.665239,0.6588,0.665239,0.659435
2021-04-13 15:00:00.000 UTC,0.676658,0.665822,0.669931,0.66963
2021-04-13 14:00:00.000 UTC,0.670195,0.661871,0.663051,0.669772
2021-04-13 13:00:00.000 UTC,0.663995,0.657936,0.66107,0.662214
2021-04-13 12:00:00.000 UTC,0.664944,0.657271,0.664445,0.657271
2021-04-13 11:00:00.000 UTC,0.672875,0.662851,0.668383,0.662851
2021-04-13 10:00:00.000 UTC,0.668583,0.666272,0.667783,0.667358
2021-04-13 09:00:00.000 UTC,0.672696,0.665667,0.672533,0.667023
2021-04-13 08:00:00.000 UTC,0.690671,0.646375,0.656709,0.676288
2021-04-13 07:00:00.000 UTC,0.661388,0.651308,0.661048,0.656634
2021-04-13 06:00:00.000 UTC,0.670131,0.660063,0.670095,0.660251
2021-04-13 05:00:00.000 UTC,0.683248,0.672438,0.678108,0.672666
2021-04-13 04:00:00.000 UTC,0.674394,0.666276,0.670715,0.674394
2021-04-13 03:00:00.000 UTC,0.667066,0.663166,0.666644,0.666361
2021-04-13 02:00:00.000 UTC,0.672144,0.667468,0.669411,0.667919
2021-04-13 01:00:00.000 UTC,0.677919,0.666976,0.676162,0.670543
2021-04-13 00:00:00.000 UTC,0.686935,0.669204,0.686935,0.670071
2021-04-12 23:00:00.000 UTC,0.704396,0.688662,0.69529,0.688662
2021-04-12 22:00:00.000 UTC,0.689367,0.682928,0.685904,0.689286
2021-04-12 21:00:00.000 UTC,0.69132,0.676114,0.689087,0.684645
2021-04-12 20:00:00.000 UTC,0.696273,0.682057,0.689782,0.688309
2021-04-12 19:00:00.000 UTC,0.689588,0.679568,0.682461,0.689588
2021-04-12 18:00:00.000 UTC,0.683207,0.672108,0.672377,0.682979
2021-04-12 17:00:00.000 UTC,0.686846,0.673124,0.679635,0.673124
2021-04-12 16:00:00.000 UTC,0.681857,0.669563,0.676812,0.675371
2021-04-12 15:00:00.000 UTC,0.678723,0.659838,0.66554,0.678723
2021-04-12 14:00:00.000 UTC,0.670887,0.667368,0.670887,0.668703
2021-04-12 13:00:00.000 UTC,0.684141,0.670319,0.680212,0.670876
2021-04-12 12:00:00.000 UTC,0.686588,0.672108,0.686587,0.681241
2021-04-12 11:00:00.000 UTC,0.680164,0.65638,0.65638,0.680164
2021-04-12 10:00:00.000 UTC,0.667446,0.653021,0.657418,0.655142
2021-04-12 09:00:00.000 UTC,0.688157,0.666016,0.688157,0.66702
2021-04-12 08:00:00.000 UTC,0.688742,0.677435,0.683142,0.688742
2021-04-12 07:00:00.000 UTC,0.700824,0.667421,0.667421,0.684869
2021-04-12 06:00:00.000 UTC,0.66979,0.649706,0.653105,0.66979
2021-04-12 05:00:00.000 UTC,0.661369,0.64686,0.64686,0.654147
2021-04-12 04:00:00.000 UTC,0.650869,0.640523,0.640523,0.647301
2021-04-12 03:00:00.000 UTC,0.639068,0.633211,0.633211,0.639068
2021-04-12 02:00:00.000 UTC,0.63812,0.63316,0.638115,0.633877
2021-04-12 01:00:00.000 UTC,0.638323,0.632908,0.632908,0.636968
2021-04-12 00:00:00.000 UTC,0.647348,0.635484,0.640924,0.635484
2021-04-11 23:00:00.000 UTC,0.642822,0.640011,0.640011,0.640837
2021-04-11 22:00:00.000 UTC,0.640335,0.6356,0.637161,0.639689
2021-04-11 21:00:00.000 UTC,0.643814,0.638828,0.642133,0.638828
2021-04-11 20:00:00.000 UTC,0.641577,0.638839,0.639659,0.640365
2021-04-11 19:00:00.000 UTC,0.648539,0.643916,0.648539,0.643916
2021-04-11 18:00:00.000 UTC,0.649984,0.644649,0.644649,0.649984
2021-04-11 17:00:00.000 UTC,0.644229,0.636531,0.638004,0.644229
2021-04-11 16:00:00.000 UTC,0.647336,0.639788,0.645325,0.640295
2021-04-11 15:00:00.000 UTC,0.662151,0.647023,0.649778,0.647023
2021-04-11 14:00:00.000 UTC,0.649746,0.646051,0.646154,0.649711
2021-04-11 13:00:00.000 UTC,0.669553,0.645868,0.664271,0.648057
2021-04-11 12:00:00.000 UTC,0.674177,0.648507,0.649362,0.674177
2021-04-11 11:00:00.000 UTC,0.649546,0.636395,0.636395,0.647366
2021-04-11 10:00:00.000 UTC,0.642242,0.635686,0.636677,0.635686
2021-04-11 09:00:00.000 UTC,0.639727,0.631806,0.639727,0.633219
2021-04-11 08:00:00.000 UTC,0.64017,0.631327,0.631327,0.639058
2021-04-11 07:00:00.000 UTC,0.630849,0.622584,0.62778,0.62967
2021-04-11 06:00:00.000 UTC,0.628774,0.619538,0.620513,0.628774
2021-04-11 05:00:00.000 UTC,0.63182,0.62009,0.630534,0.62009
2021-04-11 04:00:00.000 UTC,0.633502,0.628407,0.633502,0.630117
2021-04-11 03:00:00.000 UTC,0.638191,0.628973,0.638191,0.632485
2021-04-11 02:00:00.000 UTC,0.649285,0.637132,0.643465,0.637214
2021-04-11 01:00:00.000 UTC,0.644005,0.636961,0.641039,0.644005
2021-04-11 00:00:00.000 UTC,0.67095,0.642015,0.663548,0.642015
2021-04-10 23:00:00.000 UTC,0.66398,0.657539,0.658526,0.66398
2021-04-10 22:00:00.000 UTC,0.660544,0.652159,0.653177,0.660059
2021-04-10 21:00:00.000 UTC,0.653054,0.642901,0.642901,0.653054
2021-04-10 20:00:00.000 UTC,0.659177,0.645398,0.656806,0.645398
2021-04-10 19:00:00.000 UTC,0.656723,0.651831,0.655337,0.656178
2021-04-10 18:00:00.000 UTC,0.656408,0.646916,0.656408,0.65285
2021-04-10 17:00:00.000 UTC,0.659936,0.652094,0.659865,0.658104
2021-04-10 16:00:00.000 UTC,0.667094,0.65598,0.662023,0.660707
2021-04-10 15:00:00.000 UTC,0.674594,0.664384,0.674594,0.664384
2021-04-10 14:00:00.000 UTC,0.675908,0.670435,0.675908,0.672698
2021-04-10 13:00:00.000 UTC,0.677076,0.666755,0.674997,0.67342
2021-04-10 12:00:00.000 UTC,0.695742,0.678662,0.693794,0.678662
2021-04-10 11:00:00.000 UTC,0.694694,0.683026,0.683026,0.694259
2021-04-10 10:00:00.000 UTC,0.684294,0.678853,0.683168,0.681018
2021-04-10 09:00:00.000 UTC,0.687215,0.681094,0.687215,0.685461
2021-04-10 08:00:00.000 UTC,0.69435,0.686838,0.686838,0.689764
2021-04-10 07:00:00.000 UTC,0.697334,0.687421,0.697334,0.688856
2021-04-10 06:00:00.000 UTC,0.687675,0.674993,0.674993,0.687675
2021-04-10 05:00:00.000 UTC,0.676223,0.665433,0.668759,0.67437
2021-04-10 04:00:00.000 UTC,0.683266,0.669074,0.683266,0.669074
2021-04-10 03:00:00.000 UTC,0.683242,0.677488,0.679644,0.683242
2021-04-10 02:00:00.000 UTC,0.679569,0.674426,0.679569,0.679196
2021-04-10 01:00:00.000 UTC,0.684936,0.67804,0.681824,0.679866
2021-04-10 00:00:00.000 UTC,0.696075,0.676593,0.695805,0.683341
2021-04-09 23:00:00.000 UTC,0.69504,0.687965,0.692025,0.69504
2021-04-09 22:00:00.000 UTC,0.708392,0.691125,0.698479,0.691125
2021-04-09 21:00:00.000 UTC,0.699955,0.693598,0.693693,0.698736
2021-04-09 20:00:00.000 UTC,0.702609,0.694211,0.700651,0.694211
2021-04-09 19:00:00.000 UTC,0.711392,0.69514,0.711392,0.697787
2021-04-09 18:00:00.000 UTC,0.721651,0.703161,0.703161,0.718145
2021-04-09 17:00:00.000 UTC,0.71021,0.700364,0.709043,0.701375
2021-04-09 16:00:00.000 UTC,0.72238,0.696853,0.722356,0.710071
2021-04-09 15:00:00.000 UTC,0.744445,0.721012,0.744445,0.723735
2021-04-09 14:00:00.000 UTC,0.749106,0.722099,0.722256,0.745852
2021-04-09 13:00:00.000 UTC,0.734192,0.717155,0.727316,0.727422
2021-04-09 12:00:00.000 UTC,0.730013,0.704143,0.709974,0.728585
2021-04-09 11:00:00.000 UTC,0.709172,0.673762,0.675758,0.705333
2021-04-09 10:00:00.000 UTC,0.684591,0.67042,0.67042,0.674625
2021-04-09 09:00:00.000 UTC,0.673496,0.664251,0.664251,0.671572
2021-04-09 08:00:00.000 UTC,0.673181,0.663388,0.67236,0.663419
2021-04-09 07:00:00.000 UTC,0.672812,0.666044,0.670379,0.672812
2021-04-09 06:00:00.000 UTC,0.67848,0.670288,0.67848,0.670288
2021-04-09 05:00:00.000 UTC,0.683357,0.677166,0.681624,0.681613
2021-04-09 04:00:00.000 UTC,0.68435,0.669779,0.669779,0.68435
2021-04-09 03:00:00.000 UTC,0.671203,0.664877,0.666085,0.669981
2021-04-09 02:00:00.000 UTC,0.670858,0.665284,0.665284,0.667241
2021-04-09 01:00:00.000 UTC,0.678124,0.666507,0.678124,0.668704
2021-04-09 00:00:00.000 UTC,0.684925,0.672111,0.684925,0.675858
2021-04-08 23:00:00.000 UTC,0.693119,0.68534,0.692067,0.687071
2021-04-08 22:00:00.000 UTC,0.691207,0.676292,0.676292,0.691207
2021-04-08 21:00:00.000 UTC,0.677742,0.672809,0.676342,0.675342
2021-04-08 20:00:00.000 UTC,0.682925,0.675991,0.679769,0.676163
2021-04-08 19:00:00.000 UTC,0.693604,0.679033,0.693604,0.679033
2021-04-08 18:00:00.000 UTC,0.692557,0.684309,0.69095,0.692557
2021-04-08 17:00:00.000 UTC,0.702731,0.685112,0.685112,0.691182
2021-04-08 16:00:00.000 UTC,0.692786,0.678549,0.678549,0.689
2021-04-08 15:00:00.000 UTC,0.694953,0.678366,0.69221,0.678366
2021-04-08 14:00:00.000 UTC,0.686649,0.645099,0.645099,0.683241
2021-04-08 13:00:00.000 UTC,0.650862,0.640568,0.646117,0.642054
2021-04-08 12:00:00.000 UTC,0.647271,0.635348,0.636188,0.644344
2021-04-08 11:00:00.000 UTC,0.63477,0.62735,0.62735,0.631712
2021-04-08 10:00:00.000 UTC,0.630084,0.617724,0.627955,0.630084
2021-04-08 09:00:00.000 UTC,0.644018,0.627491,0.643636,0.627491
2021-04-08 08:00:00.000 UTC,0.658099,0.637616,0.658099,0.641495
2021-04-08 07:00:00.000 UTC,0.652617,0.632991,0.641143,0.652617
2021-04-08 06:00:00.000 UTC,0.648006,0.632474,0.632474,0.643974
2021-04-08 05:00:00.000 UTC,0.640422,0.631816,0.631816,0.63858
2021-04-08 04:00:00.000 UTC,0.633859,0.612006,0.612006,0.633859
2021-04-08 03:00:00.000 UTC,0.619818,0.605201,0.619818,0.614636
2021-04-08 02:00:00.000 UTC,0.629273,0.613755,0.61707,0.620405
2021-04-08 01:00:00.000 UTC,0.623949,0.613973,0.620064,0.619727
2021-04-08 00:00:00.000 UTC,0.633297,0.608329,0.633297,0.621798
2021-04-07 23:00:00.000 UTC,0.64117,0.610154,0.611344,0.631132
2021-04-07 22:00:00.000 UTC,0.620214,0.596063,0.59828,0.614671
2021-04-07 21:00:00.000 UTC,0.594719,0.57268,0.576798,0.594719
2021-04-07 20:00:00.000 UTC,0.575459,0.562198,0.562198,0.571108
2021-04-07 19:00:00.000 UTC,0.562121,0.545147,0.562121,0.560336
2021-04-07 18:00:00.000 UTC,0.572169,0.555993,0.555993,0.567094
2021-04-07 17:00:00.000 UTC,0.579356,0.556427,0.578826,0.556427
2021-04-07 16:00:00.000 UTC,0.578208,0.556165,0.556165,0.578208
2021-04-07 15:00:00.000 UTC,0.563746,0.555994,0.560351,0.557784
2021-04-07 14:00:00.000 UTC,0.572458,0.5615,0.565699,0.5615
2021-04-07 13:00:00.000 UTC,0.568329,0.553572,0.553572,0.568329
2021-04-07 12:00:00.000 UTC,0.572717,0.546159,0.572717,0.554133
2021-04-07 11:00:00.000 UTC,0.585353,0.561411,0.581681,0.57133
2021-04-07 10:00:00.000 UTC,0.572488,0.55883,0.570252,0.55883
2021-04-07 09:00:00.000 UTC,0.597507,0.560869,0.57911,0.569208
2021-04-07 08:00:00.000 UTC,0.623255,0.599099,0.622611,0.608501
2021-04-07 07:00:00.000 UTC,0.628023,0.571819,0.622438,0.621614
2021-04-07 06:00:00.000 UTC,0.607533,0.596666,0.604391,0.597313
2021-04-07 05:00:00.000 UTC,0.608007,0.601966,0.605207,0.601966
2021-04-07 04:00:00.000 UTC,0.624509,0.602405,0.624509,0.606574
2021-04-07 03:00:00.000 UTC,0.693792,0.625891,0.690568,0.625891
2021-04-07 02:00:00.000 UTC,0.702054,0.693726,0.693726,0.693824
2021-04-07 01:00:00.000 UTC,0.692311,0.67857,0.67857,0.692311
2021-04-07 00:00:00.000 UTC,0.702597,0.67952,0.688143,0.681088
2021-04-06 23:00:00.000 UTC,0.696415,0.686297,0.693001,0.686297
2021-04-06 22:00:00.000 UTC,0.694159,0.680825,0.686699,0.694159
2021-04-06 21:00:00.000 UTC,0.689904,0.649672,0.649672,0.686435
2021-04-06 20:00:00.000 UTC,0.698046,0.650156,0.698046,0.689393
2021-04-06 19:00:00.000 UTC,0.707193,0.657433,0.707193,0.700923
2021-04-06 18:00:00.000 UTC,0.713139,0.692205,0.694296,0.708265
2021-04-06 17:00:00.000 UTC,0.696021,0.689925,0.694098,0.695346
2021-04-06 16:00:00.000 UTC,0.69735,0.678399,0.679424,0.69735
2021-04-06 15:00:00.000 UTC,0.679689,0.671582,0.675354,0.679689
2021-04-06 14:00:00.000 UTC,0.684599,0.662852,0.684599,0.676317
2021-04-06 13:00:00.000 UTC,0.695486,0.685819,0.692168,0.685819
2021-04-06 12:00:00.000 UTC,0.70656,0.695573,0.698661,0.695573
2021-04-06 11:00:00.000 UTC,0.700312,0.65177,0.700312,0.696845
2021-04-06 10:00:00.000 UTC,0.724277,0.709621,0.724277,0.709621
2021-04-06 09:00:00.000 UTC,0.729065,0.718873,0.718873,0.725136
2021-04-06 08:00:00.000 UTC,0.725818,0.708574,0.708574,0.720297
2021-04-06 07:00:00.000 UTC,0.723682,0.71026,0.714114,0.71026
2021-04-06 06:00:00.000 UTC,0.720017,0.707394,0.720017,0.715292
2021-04-06 05:00:00.000 UTC,0.72637,0.71458,0.71458,0.724016
2021-04-06 04:00:00.000 UTC,0.718701,0.707333,0.707333,0.716383
2021-04-06 03:00:00.000 UTC,0.710303,0.704234,0.704234,0.710109
2021-04-06 02:00:00.000 UTC,0.705447,0.696476,0.703651,0.704715
2021-04-06 01:00:00.000 UTC,0.712849,0.687712,0.712849,0.703339
2021-04-06 00:00:00.000 UTC,0.732151,0.715678,0.727947,0.715678
2021-04-05 23:00:00.000 UTC,0.732595,0.719582,0.72323,0.728994
2021-04-05 22:00:00.000 UTC,0.73614,0.724854,0.734978,0.72539
2021-04-05 21:00:00.000 UTC,0.733991,0.683993,0.688101,0.732047
2021-04-05 20:00:00.000 UTC,0.695766,0.688299,0.69423,0.688299
2021-04-05 19:00:00.000 UTC,0.701816,0.689844,0.689844,0.693348
2021-04-05 18:00:00.000 UTC,0.740448,0.683256,0.740448,0.69083
2021-04-05 17:00:00.000 UTC,0.737274,0.729624,0.732282,0.737274
2021-04-05 16:00:00.000 UTC,0.733547,0.688859,0.694606,0.730745
2021-04-05 15:00:00.000 UTC,0.743191,0.68981,0.698701,0.743191
2021-04-05 14:00:00.000 UTC,0.697929,0.689223,0.690812,0.696557
2021-04-05 13:00:00.000 UTC,0.692255,0.679943,0.692072,0.689637
2021-04-05 12:00:00.000 UTC,0.700352,0.691918,0.697791,0.692812
2021-04-05 11:00:00.000 UTC,0.698837,0.69216,0.695184,0.695284
2021-04-05 10:00:00.000 UTC,0.696063,0.685796,0.685796,0.696063
2021-04-05 09:00:00.000 UTC,0.686201,0.67809,0.681413,0.686201
2021-04-05 08:00:00.000 UTC,0.6829,0.675942,0.6829,0.680324
2021-04-05 07:00:00.000 UTC,0.681465,0.674904,0.677058,0.681465
2021-04-05 06:00:00.000 UTC,0.68022,0.670906,0.672651,0.677355
2021-04-05 05:00:00.000 UTC,0.680994,0.673738,0.678345,0.676216
2021-04-05 04:00:00.000 UTC,0.688188,0.679317,0.686348,0.679317
2021-04-05 03:00:00.000 UTC,0.691749,0.687802,0.688774,0.689157
2021-04-05 02:00:00.000 UTC,0.705932,0.690389,0.705932,0.690389
2021-04-05 01:00:00.000 UTC,0.70626,0.69839,0.704468,0.705775
2021-04-05 00:00:00.000 UTC,0.71487,0.700294,0.71487,0.702747
2021-04-04 23:00:00.000 UTC,0.718458,0.711485,0.711485,0.716128
2021-04-04 22:00:00.000 UTC,0.72223,0.711444,0.72223,0.711444
2021-04-04 21:00:00.000 UTC,0.724909,0.71277,0.716029,0.724909
2021-04-04 20:00:00.000 UTC,0.719357,0.711793,0.715284,0.712919
2021-04-04 19:00:00.000 UTC,0.72158,0.712859,0.721532,0.714795
2021-04-04 18:00:00.000 UTC,0.72719,0.719021,0.72719,0.719021
2021-04-04 17:00:00.000 UTC,0.727216,0.719684,0.719684,0.722649
2021-04-04 16:00:00.000 UTC,0.726271,0.713667,0.726271,0.718883
2021-04-04 15:00:00.000 UTC,0.736965,0.711251,0.715105,0.727941
2021-04-04 14:00:00.000 UTC,0.715185,0.709456,0.715185,0.71365
2021-04-04 13:00:00.000 UTC,0.717132,0.706293,0.706981,0.713751
2021-04-04 12:00:00.000 UTC,0.709252,0.701474,0.701665,0.70879
2021-04-04 11:00:00.000 UTC,0.714383,0.705448,0.714383,0.707266
2021-04-04 10:00:00.000 UTC,0.716632,0.704873,0.704873,0.714003
2021-04-04 09:00:00.000 UTC,0.706447,0.698957,0.703199,0.706447
2021-04-04 08:00:00.000 UTC,0.702915,0.687731,0.687731,0.701157
2021-04-04 07:00:00.000 UTC,0.686284,0.681481,0.681481,0.685502
2021-04-04 06:00:00.000 UTC,0.686503,0.680623,0.684603,0.681208
2021-04-04 05:00:00.000 UTC,0.686263,0.680411,0.685271,0.685577
2021-04-04 04:00:00.000 UTC,0.690755,0.685099,0.68866,0.685099
2021-04-04 03:00:00.000 UTC,0.692804,0.68256,0.692804,0.686456
2021-04-04 02:00:00.000 UTC,0.695894,0.686363,0.686363,0.692156
2021-04-04 01:00:00.000 UTC,0.688332,0.673781,0.678759,0.688332
2021-04-04 00:00:00.000 UTC,0.685113,0.675749,0.680844,0.682161
2021-04-03 23:00:00.000 UTC,0.692148,0.681998,0.691116,0.681998
2021-04-03 22:00:00.000 UTC,0.691561,0.682306,0.690824,0.690623
2021-04-03 21:00:00.000 UTC,0.702973,0.69335,0.700516,0.698443
2021-04-03 20:00:00.000 UTC,0.712312,0.701448,0.712312,0.701448
2021-04-03 19:00:00.000 UTC,0.710929,0.703625,0.703625,0.707907
2021-04-03 18:00:00.000 UTC,0.702432,0.691233,0.694345,0.701797
2021-04-03 17:00:00.000 UTC,0.706429,0.693237,0.706429,0.695734
2021-04-03 16:00:00.000 UTC,0.714827,0.705385,0.714827,0.707121
2021-04-03 15:00:00.000 UTC,0.73069,0.720501,0.729834,0.720501
2021-04-03 14:00:00.000 UTC,0.736072,0.730446,0.736072,0.731852
2021-04-03 13:00:00.000 UTC,0.741091,0.735684,0.739448,0.737168
2021-04-03 12:00:00.000 UTC,0.740417,0.733704,0.733704,0.740417
2021-04-03 11:00:00.000 UTC,0.736282,0.732825,0.735919,0.734959
2021-04-03 10:00:00.000 UTC,0.73847,0.734973,0.735507,0.736298
2021-04-03 09:00:00.000 UTC,0.740422,0.732876,0.740422,0.734513
2021-04-03 08:00:00.000 UTC,0.74369,0.736059,0.736059,0.73995
2021-04-03 07:00:00.000 UTC,0.736866,0.729053,0.73029,0.734678
2021-04-03 06:00:00.000 UTC,0.733043,0.729682,0.733043,0.730604
2021-04-03 05:00:00.000 UTC,0.734581,0.730806,0.734581,0.73255
2021-04-03 04:00:00.000 UTC,0.737789,0.73227,0.736296,0.732981
2021-04-03 03:00:00.000 UTC,0.738059,0.733018,0.736442,0.733018
2021-04-03 02:00:00.000 UTC,0.738505,0.73268,0.738505,0.736049
2021-04-03 01:00:00.000 UTC,0.748249,0.732534,0.746987,0.734289
2021-04-03 00:00:00.000 UTC,0.760285,0.747493,0.760285,0.747493
2021-04-02 23:00:00.000 UTC,0.764234,0.761038,0.763002,0.761165
2021-04-02 22:00:00.000 UTC,0.773761,0.76142,0.773761,0.761838
2021-04-02 21:00:00.000 UTC,0.768746,0.759776,0.761307,0.768746
2021-04-02 20:00:00.000 UTC,0.768259,0.759678,0.760009,0.764846
2021-04-02 19:00:00.000 UTC,0.766679,0.759662,0.764374,0.766045
2021-04-02 18:00:00.000 UTC,0.763726,0.751198,0.751198,0.762543
2021-04-02 17:00:00.000 UTC,0.753297,0.740916,0.740916,0.752352
2021-04-02 16:00:00.000 UTC,0.753501,0.741083,0.753501,0.742855
2021-04-02 15:00:00.000 UTC,0.750469,0.744097,0.746634,0.744097
2021-04-02 14:00:00.000 UTC,0.748211,0.74307,0.745827,0.743882
2021-04-02 13:00:00.000 UTC,0.786561,0.739478,0.755373,0.74372
2021-04-02 12:00:00.000 UTC,0.762866,0.751143,0.751143,0.75529
2021-04-02 11:00:00.000 UTC,0.751472,0.748048,0.748476,0.751221
2021-04-02 10:00:00.000 UTC,0.755224,0.741503,0.743793,0.748498
2021-04-02 09:00:00.000 UTC,0.75289,0.744931,0.75289,0.744931
2021-04-02 08:00:00.000 UTC,0.811958,0.730142,0.730142,0.752677
2021-04-02 07:00:00.000 UTC,0.737571,0.72992,0.731707,0.72992
2021-04-02 06:00:00.000 UTC,0.735088,0.731022,0.735088,0.732441
2021-04-02 05:00:00.000 UTC,0.738471,0.732598,0.738471,0.732598
2021-04-02 04:00:00.000 UTC,0.740287,0.735165,0.739771,0.738887
2021-04-02 03:00:00.000 UTC,0.741524,0.735692,0.735692,0.739739
2021-04-02 02:00:00.000 UTC,0.737429,0.725476,0.725476,0.735101
2021-04-02 01:00:00.000 UTC,0.730035,0.724966,0.72784,0.726513
2021-04-02 00:00:00.000 UTC,0.749797,0.72354,0.749797,0.72354
2021-04-01 23:00:00.000 UTC,0.755346,0.748481,0.748481,0.750553
2021-04-01 22:00:00.000 UTC,0.748931,0.744222,0.746577,0.748871
2021-04-01 21:00:00.000 UTC,0.749912,0.742627,0.749912,0.748159
2021-04-01 20:00:00.000 UTC,0.748647,0.741593,0.742461,0.748647
2021-04-01 19:00:00.000 UTC,0.746389,0.741982,0.746389,0.742381
2021-04-01 18:00:00.000 UTC,0.778073,0.743138,0.75009,0.743138
2021-04-01 17:00:00.000 UTC,0.758706,0.752257,0.755659,0.752257
2021-04-01 16:00:00.000 UTC,0.763526,0.755963,0.7606,0.755963
2021-04-01 15:00:00.000 UTC,0.764558,0.759948,0.759948,0.762523
2021-04-01 14:00:00.000 UTC,0.765305,0.757026,0.765305,0.759975
2021-04-01 13:00:00.000 UTC,0.764632,0.759298,0.760507,0.764632
2021-04-01 12:00:00.000 UTC,0.765278,0.759063,0.765278,0.760551
2021-04-01 11:00:00.000 UTC,0.792902,0.759569,0.761683,0.768982
2021-04-01 10:00:00.000 UTC,0.776564,0.763514,0.776564,0.763514
2021-04-01 09:00:00.000 UTC,0.78448,0.777939,0.78448,0.778511
2021-04-01 08:00:00.000 UTC,0.786406,0.777561,0.777561,0.782813
2021-04-01 07:00:00.000 UTC,0.804096,0.77449,0.778851,0.778025
2021-04-01 06:00:00.000 UTC,0.77968,0.774034,0.774034,0.779285
2021-04-01 05:00:00.000 UTC,0.776198,0.772822,0.775495,0.774109
2021-04-01 04:00:00.000 UTC,0.780462,0.774212,0.777452,0.774212
2021-04-01 03:00:00.000 UTC,0.821056,0.770464,0.772955,0.781583
2021-04-01 02:00:00.000 UTC,0.779527,0.773145,0.773145,0.776617
2021-04-01 01:00:00.000 UTC,0.80138,0.770723,0.77623,0.774224
2021-04-01 00:00:00.000 UTC,0.816475,0.776795,0.795957,0.776795
2021-03-31 23:00:00.000 UTC,0.800628,0.791174,0.796668,0.796593
2021-03-31 22:00:00.000 UTC,0.804205,0.796741,0.799033,0.797731
2021-03-31 21:00:00.000 UTC,0.80436,0.796927,0.803797,0.799924
2021-03-31 20:00:00.000 UTC,0.817872,0.792507,0.817872,0.803566
2021-03-31 19:00:00.000 UTC,0.800861,0.791514,0.798977,0.791514
2021-03-31 18:00:00.000 UTC,0.800934,0.792786,0.796284,0.797345
2021-03-31 17:00:00.000 UTC,0.830711,0.792289,0.800118,0.793089
2021-03-31 16:00:00.000 UTC,0.819113,0.797477,0.803185,0.797477
2021-03-31 15:00:00.000 UTC,0.84337,0.79882,0.814104,0.84337
2021-03-31 14:00:00.000 UTC,0.818861,0.796079,0.801153,0.813354
2021-03-31 13:00:00.000 UTC,0.845806,0.778351,0.778351,0.802878
2021-03-31 12:00:00.000 UTC,0.812203,0.771177,0.780738,0.777309
2021-03-31 11:00:00.000 UTC,0.817049,0.763518,0.76484,0.777614
2021-03-31 10:00:00.000 UTC,0.762425,0.751991,0.759838,0.762425
2021-03-31 09:00:00.000 UTC,0.76736,0.759941,0.764095,0.76093
2021-03-31 08:00:00.000 UTC,0.788794,0.756927,0.780281,0.765105
2021-03-31 07:00:00.000 UTC,0.829524,0.796767,0.805703,0.802873
2021-03-31 06:00:00.000 UTC,0.830958,0.801491,0.801491,0.830958
2021-03-31 05:00:00.000 UTC,0.801216,0.789382,0.789456,0.801216
2021-03-31 04:00:00.000 UTC,0.79218,0.786107,0.786836,0.792054
2021-03-31 03:00:00.000 UTC,0.808987,0.78821,0.802129,0.807428
2021-03-31 02:00:00.000 UTC,0.817506,0.803612,0.813279,0.803612
2021-03-31 01:00:00.000 UTC,0.837126,0.808403,0.837126,0.81154
2021-03-31 00:00:00.000 UTC,0.855408,0.814461,0.820742,0.814461
2021-03-30 23:00:00.000 UTC,0.855175,0.816476,0.82233,0.816878
2021-03-30 22:00:00.000 UTC,0.856988,0.810936,0.810936,0.820156
2021-03-30 21:00:00.000 UTC,0.83779,0.802176,0.83092,0.812673
2021-03-30 20:00:00.000 UTC,0.833276,0.80517,0.816177,0.832698
2021-03-30 19:00:00.000 UTC,0.826913,0.81514,0.820534,0.81514
2021-03-30 18:00:00.000 UTC,0.867649,0.820622,0.842383,0.820622
2021-03-30 17:00:00.000 UTC,0.872383,0.817921,0.820076,0.872383
2021-03-30 16:00:00.000 UTC,0.851513,0.8001,0.8001,0.815718
2021-03-30 15:00:00.000 UTC,0.836033,0.793813,0.793976,0.80487
2021-03-30 14:00:00.000 UTC,0.816396,0.790758,0.795623,0.813409
2021-03-30 13:00:00.000 UTC,0.827148,0.797146,0.797476,0.816423
2021-03-30 12:00:00.000 UTC,0.821335,0.797884,0.803281,0.798363
2021-03-30 11:00:00.000 UTC,0.85668,0.804095,0.808487,0.804095
2021-03-30 10:00:00.000 UTC,0.830825,0.79122,0.79122,0.830825
2021-03-30 09:00:00.000 UTC,0.815532,0.788095,0.791917,0.792455
2021-03-30 08:00:00.000 UTC,0.825515,0.793131,0.804816,0.795192
2021-03-30 07:00:00.000 UTC,0.838802,0.792306,0.792306,0.808531
2021-03-30 06:00:00.000 UTC,0.795205,0.788118,0.795205,0.794121
2021-03-30 05:00:00.000 UTC,0.821014,0.78547,0.785968,0.796223
2021-03-30 04:00:00.000 UTC,0.810198,0.775218,0.779738,0.786237
2021-03-30 03:00:00.000 UTC,0.785679,0.777092,0.779987,0.779335
2021-03-30 02:00:00.000 UTC,0.803509,0.776479,0.782223,0.776626
2021-03-30 01:00:00.000 UTC,0.814865,0.780474,0.792691,0.782777
2021-03-30 00:00:00.000 UTC,0.813865,0.776994,0.787319,0.789944
2021-03-29 23:00:00.000 UTC,0.787945,0.781043,0.785651,0.787854
2021-03-29 22:00:00.000 UTC,0.814661,0.784648,0.814661,0.784979
2021-03-29 21:00:00.000 UTC,0.811873,0.774771,0.777205,0.806835
2021-03-29 20:00:00.000 UTC,0.800044,0.778239,0.800044,0.780311
2021-03-29 19:00:00.000 UTC,0.78892,0.783254,0.784237,0.783254
2021-03-29 18:00:00.000 UTC,0.816327,0.784147,0.816327,0.785513
2021-03-29 17:00:00.000 UTC,0.825449,0.800804,0.802712,0.81782
2021-03-29 16:00:00.000 UTC,0.826494,0.800907,0.806521,0.802931
2021-03-29 15:00:00.000 UTC,0.834235,0.800014,0.812615,0.806299
2021-03-29 14:00:00.000 UTC,0.856587,0.818626,0.856587,0.840623
2021-03-29 13:00:00.000 UTC,0.863151,0.828476,0.863104,0.857092
2021-03-29 12:00:00.000 UTC,0.872666,0.820963,0.820963,0.843844
2021-03-29 11:00:00.000 UTC,0.849091,0.818518,0.827377,0.822563
2021-03-29 10:00:00.000 UTC,0.866434,0.817884,0.817884,0.857373
2021-03-29 09:00:00.000 UTC,0.852768,0.797938,0.799586,0.823465
2021-03-29 08:00:00.000 UTC,0.829126,0.786369,0.786369,0.799263
2021-03-29 07:00:00.000 UTC,0.808007,0.778564,0.782127,0.786159
2021-03-29 06:00:00.000 UTC,0.783197,0.769322,0.769322,0.783197
2021-03-29 05:00:00.000 UTC,0.798077,0.767766,0.781204,0.772688
2021-03-29 04:00:00.000 UTC,0.803864,0.767111,0.803864,0.774049
2021-03-29 03:00:00.000 UTC,0.808572,0.769722,0.769722,0.808572
2021-03-29 02:00:00.000 UTC,0.793547,0.765399,0.766393,0.768513
2021-03-29 01:00:00.000 UTC,0.797176,0.758049,0.758049,0.765903
2021-03-29 00:00:00.000 UTC,0.816932,0.755113,0.806235,0.755113
2021-03-28 23:00:00.000 UTC,0.832795,0.799443,0.79979,0.800208
2021-03-28 22:00:00.000 UTC,0.832049,0.796014,0.827235,0.796318
2021-03-28 21:00:00.000 UTC,0.855758,0.816355,0.816665,0.82864
2021-03-28 20:00:00.000 UTC,0.851167,0.812088,0.823356,0.816893
2021-03-28 19:00:00.000 UTC,0.854463,0.804907,0.804907,0.854463
2021-03-28 18:00:00.000 UTC,0.854411,0.816664,0.854411,0.840016
2021-03-28 17:00:00.000 UTC,0.859224,0.827165,0.838331,0.830748
2021-03-28 16:00:00.000 UTC,0.909086,0.841107,0.875389,0.86115
2021-03-28 15:00:00.000 UTC,0.902267,0.81155,0.824885,0.902267
2021-03-28 14:00:00.000 UTC,0.841381,0.76361,0.771637,0.841381
2021-03-28 13:00:00.000 UTC,0.796257,0.766743,0.766743,0.771389
2021-03-28 12:00:00.000 UTC,0.782754,0.75276,0.761762,0.765856
2021-03-28 11:00:00.000 UTC,0.779505,0.760015,0.77765,0.760015
2021-03-28 10:00:00.000 UTC,0.784597,0.757536,0.784597,0.76476
2021-03-28 09:00:00.000 UTC,0.79834,0.772271,0.781898,0.77267
2021-03-28 08:00:00.000 UTC,0.813947,0.777761,0.779662,0.781947
2021-03-28 07:00:00.000 UTC,0.798706,0.761765,0.77813,0.793624
2021-03-28 06:00:00.000 UTC,0.79113,0.767532,0.776966,0.781134
2021-03-28 05:00:00.000 UTC,0.815307,0.765892,0.765892,0.777407
2021-03-28 04:00:00.000 UTC,0.774078,0.750761,0.753772,0.774078
2021-03-28 03:00:00.000 UTC,0.779935,0.751966,0.768782,0.758813
2021-03-28 02:00:00.000 UTC,0.804631,0.713638,0.713638,0.762806
2021-03-28 01:00:00.000 UTC,0.72912,0.700431,0.714989,0.706926
2021-03-28 00:00:00.000 UTC,0.720477,0.677597,0.712421,0.712602
2021-03-27 23:00:00.000 UTC,0.728211,0.70554,0.709689,0.70554
2021-03-27 22:00:00.000 UTC,0.723859,0.710349,0.723859,0.714144
2021-03-27 21:00:00.000 UTC,0.731083,0.709477,0.723407,0.712731
2021-03-27 20:00:00.000 UTC,0.737859,0.70204,0.70204,0.721913
2021-03-27 19:00:00.000 UTC,0.725956,0.700155,0.700272,0.712271
2021-03-27 18:00:00.000 UTC,0.708244,0.693776,0.707462,0.702846
2021-03-27 17:00:00.000 UTC,0.73685,0.665486,0.680463,0.702513
2021-03-27 16:00:00.000 UTC,0.69677,0.649795,0.66837,0.67617
2021-03-27 15:00:00.000 UTC,0.658881,0.628544,0.628544,0.64301
2021-03-27 14:00:00.000 UTC,0.627234,0.62067,0.622963,0.626836
2021-03-27 13:00:00.000 UTC,0.635441,0.614747,0.615941,0.620392
2021-03-27 12:00:00.000 UTC,0.636594,0.612075,0.630759,0.612331
2021-03-27 11:00:00.000 UTC,0.636972,0.619828,0.631014,0.629524
2021-03-27 10:00:00.000 UTC,0.658552,0.633356,0.655858,0.633356
2021-03-27 09:00:00.000 UTC,0.663759,0.640503,0.642781,0.654936
2021-03-27 08:00:00.000 UTC,0.650137,0.629671,0.650137,0.640455
2021-03-27 07:00:00.000 UTC,0.660783,0.636361,0.637817,0.637704
2021-03-27 06:00:00.000 UTC,0.654823,0.634159,0.634159,0.654823
2021-03-27 05:00:00.000 UTC,0.651923,0.626671,0.633888,0.636266
2021-03-27 04:00:00.000 UTC,0.648617,0.631665,0.648617,0.633512
2021-03-27 03:00:00.000 UTC,0.6544,0.629011,0.64718,0.6544
2021-03-27 02:00:00.000 UTC,0.661071,0.620165,0.620165,0.661071
2021-03-27 01:00:00.000 UTC,0.63202,0.605003,0.616714,0.618654
2021-03-27 00:00:00.000 UTC,0.637409,0.6091,0.613653,0.618576
2021-03-26 23:00:00.000 UTC,0.612183,0.606167,0.606555,0.612163
2021-03-26 22:00:00.000 UTC,0.613671,0.605717,0.613671,0.605717
2021-03-26 21:00:00.000 UTC,0.615833,0.605655,0.605655,0.615833
2021-03-26 20:00:00.000 UTC,0.61721,0.591193,0.591193,0.603713
2021-03-26 19:00:00.000 UTC,0.611013,0.59117,0.600418,0.59117
2021-03-26 18:00:00.000 UTC,0.610094,0.594453,0.60268,0.599773
2021-03-26 17:00:00.000 UTC,0.606575,0.588112,0.590158,0.603782
2021-03-26 16:00:00.000 UTC,0.59441,0.58122,0.581641,0.588615
2021-03-26 15:00:00.000 UTC,0.60366,0.582758,0.60366,0.582758
2021-03-26 14:00:00.000 UTC,0.601525,0.581036,0.5832,0.601525
2021-03-26 13:00:00.000 UTC,0.583257,0.577766,0.578973,0.583257
2021-03-26 12:00:00.000 UTC,0.580419,0.573407,0.573407,0.577487
2021-03-26 11:00:00.000 UTC,0.58603,0.569867,0.58603,0.573511
2021-03-26 10:00:00.000 UTC,0.586561,0.583018,0.58399,0.585897
2021-03-26 09:00:00.000 UTC,0.589785,0.583409,0.585981,0.583409
2021-03-26 08:00:00.000 UTC,0.594693,0.584826,0.58902,0.584826
2021-03-26 07:00:00.000 UTC,0.589639,0.578388,0.585636,0.589639
2021-03-26 06:00:00.000 UTC,0.585939,0.582343,0.585939,0.585066
2021-03-26 05:00:00.000 UTC,0.586589,0.582369,0.582774,0.586433
2021-03-26 04:00:00.000 UTC,0.583141,0.577577,0.581358,0.582708
2021-03-26 03:00:00.000 UTC,0.581982,0.574174,0.574183,0.581224
2021-03-26 02:00:00.000 UTC,0.583667,0.574224,0.583508,0.57616
2021-03-26 01:00:00.000 UTC,0.606791,0.581804,0.58848,0.585183
2021-03-26 00:00:00.000 UTC,0.592548,0.582384,0.582384,0.592435
2021-03-25 23:00:00.000 UTC,0.583432,0.577382,0.577382,0.583432
2021-03-25 22:00:00.000 UTC,0.598231,0.581183,0.594645,0.598051
2021-03-25 21:00:00.000 UTC,0.611037,0.583073,0.583073,0.611037
2021-03-25 20:00:00.000 UTC,0.583282,0.577429,0.577429,0.580905
2021-03-25 19:00:00.000 UTC,0.594788,0.573791,0.582549,0.576665
2021-03-25 18:00:00.000 UTC,0.600187,0.572848,0.572848,0.58291
2021-03-25 17:00:00.000 UTC,0.58949,0.565368,0.565853,0.572998
2021-03-25 16:00:00.000 UTC,0.578737,0.55881,0.578737,0.565828
2021-03-25 15:00:00.000 UTC,0.590401,0.557431,0.56704,0.562016
2021-03-25 14:00:00.000 UTC,0.581415,0.570904,0.573814,0.570904
2021-03-25 13:00:00.000 UTC,0.585166,0.549706,0.558187,0.573395
2021-03-25 12:00:00.000 UTC,0.59317,0.546367,0.59317,0.556806
2021-03-25 11:00:00.000 UTC,0.59369,0.576435,0.588378,0.576435
2021-03-25 10:00:00.000 UTC,0.594793,0.588079,0.592463,0.588204
2021-03-25 09:00:00.000 UTC,0.589783,0.583942,0.58737,0.589009
2021-03-25 08:00:00.000 UTC,0.589349,0.57142,0.574559,0.587785
2021-03-25 07:00:00.000 UTC,0.603246,0.578322,0.58835,0.578322
2021-03-25 06:00:00.000 UTC,0.602334,0.582517,0.588966,0.587113
2021-03-25 05:00:00.000 UTC,0.611365,0.564796,0.564796,0.611365
2021-03-25 04:00:00.000 UTC,0.574098,0.557608,0.560224,0.565069
2021-03-25 03:00:00.000 UTC,0.578919,0.556599,0.564502,0.56138
2021-03-25 02:00:00.000 UTC,0.58922,0.54895,0.567813,0.569511
2021-03-25 01:00:00.000 UTC,0.593484,0.581627,0.585235,0.581627
2021-03-25 00:00:00.000 UTC,0.591145,0.569095,0.571857,0.584025
2021-03-24 23:00:00.000 UTC,0.592482,0.563779,0.592482,0.572162
2021-03-24 22:00:00.000 UTC,0.600439,0.558434,0.588847,0.589646
2021-03-24 21:00:00.000 UTC,0.620421,0.588422,0.593414,0.588422
2021-03-24 20:00:00.000 UTC,0.618844,0.580766,0.603483,0.618844
2021-03-24 19:00:00.000 UTC,0.637026,0.599938,0.637026,0.604625
2021-03-24 18:00:00.000 UTC,0.669502,0.640462,0.640462,0.641375
2021-03-24 17:00:00.000 UTC,0.662294,0.627496,0.627496,0.641953
2021-03-24 16:00:00.000 UTC,0.64418,0.622441,0.622441,0.630025
2021-03-24 15:00:00.000 UTC,0.638971,0.611783,0.616092,0.614341
2021-03-24 14:00:00.000 UTC,0.636091,0.619341,0.627879,0.623142
2021-03-24 13:00:00.000 UTC,0.633066,0.61048,0.611623,0.630613
2021-03-24 12:00:00.000 UTC,0.630352,0.607591,0.616959,0.611431
2021-03-24 11:00:00.000 UTC,0.640426,0.619098,0.623092,0.619098
2021-03-24 10:00:00.000 UTC,0.642398,0.602003,0.602003,0.636088
2021-03-24 09:00:00.000 UTC,0.620784,0.601421,0.612957,0.61601
2021-03-24 08:00:00.000 UTC,0.623899,0.606599,0.613531,0.614351
2021-03-24 07:00:00.000 UTC,0.626331,0.605354,0.610856,0.606993
2021-03-24 06:00:00.000 UTC,0.620532,0.605293,0.620532,0.620023
2021-03-24 05:00:00.000 UTC,0.630191,0.6044,0.607938,0.612706
2021-03-24 04:00:00.000 UTC,0.63338,0.608389,0.622466,0.608389
2021-03-24 03:00:00.000 UTC,0.625973,0.591326,0.616714,0.619278
2021-03-24 02:00:00.000 UTC,0.610787,0.586157,0.594134,0.610787
2021-03-24 01:00:00.000 UTC,0.584281,0.557022,0.560308,0.575164
2021-03-24 00:00:00.000 UTC,0.581803,0.552268,0.576193,0.564289
2021-03-23 23:00:00.000 UTC,0.580042,0.560224,0.571717,0.577501
2021-03-23 22:00:00.000 UTC,0.579195,0.548826,0.548919,0.563261
2021-03-23 21:00:00.000 UTC,0.560795,0.537744,0.553895,0.549547
2021-03-23 20:00:00.000 UTC,0.564073,0.550516,0.555194,0.556764
2021-03-23 19:00:00.000 UTC,0.568052,0.552505,0.568052,0.555596
2021-03-23 18:00:00.000 UTC,0.582531,0.560578,0.580344,0.560578
2021-03-23 17:00:00.000 UTC,0.591275,0.575343,0.575523,0.583253
2021-03-23 16:00:00.000 UTC,0.584988,0.567059,0.579286,0.574368
2021-03-23 15:00:00.000 UTC,0.581505,0.562869,0.572443,0.581319
2021-03-23 14:00:00.000 UTC,0.582608,0.560397,0.560397,0.571018
2021-03-23 13:00:00.000 UTC,0.590318,0.561767,0.561767,0.565671
2021-03-23 12:00:00.000 UTC,0.55301,0.536268,0.542734,0.545021
2021-03-23 11:00:00.000 UTC,0.563235,0.543297,0.563235,0.543297
2021-03-23 10:00:00.000 UTC,0.569847,0.5487,0.568621,0.563679
2021-03-23 09:00:00.000 UTC,0.567822,0.547238,0.548684,0.567822
2021-03-23 08:00:00.000 UTC,0.559693,0.531325,0.538464,0.559693
2021-03-23 07:00:00.000 UTC,0.546721,0.527028,0.529651,0.535552
2021-03-23 06:00:00.000 UTC,0.534375,0.519158,0.534375,0.522243
2021-03-23 05:00:00.000 UTC,0.54973,0.525156,0.54973,0.529282
2021-03-23 04:00:00.000 UTC,0.557225,0.541492,0.546942,0.541492
2021-03-23 03:00:00.000 UTC,0.557807,0.542206,0.557689,0.544413
2021-03-23 02:00:00.000 UTC,0.580322,0.553488,0.574173,0.56088
2021-03-23 01:00:00.000 UTC,0.574275,0.556605,0.568953,0.565225
2021-03-23 00:00:00.000 UTC,0.570959,0.546439,0.564972,0.570959
2021-03-22 23:00:00.000 UTC,0.564905,0.549421,0.550695,0.553767
2021-03-22 22:00:00.000 UTC,0.560285,0.543779,0.543779,0.548555
2021-03-22 21:00:00.000 UTC,0.566118,0.532225,0.532225,0.55821
2021-03-22 20:00:00.000 UTC,0.56357,0.533445,0.56357,0.533475
2021-03-22 19:00:00.000 UTC,0.576376,0.559568,0.576376,0.566384
2021-03-22 18:00:00.000 UTC,0.59332,0.574438,0.59332,0.576079
2021-03-22 17:00:00.000 UTC,0.600022,0.578138,0.578454,0.59531
2021-03-22 16:00:00.000 UTC,0.600617,0.586538,0.600617,0.589516
2021-03-22 15:00:00.000 UTC,0.604378,0.590406,0.601513,0.602145
2021-03-22 14:00:00.000 UTC,0.601664,0.592626,0.593119,0.600304
2021-03-22 13:00:00.000 UTC,0.609011,0.589097,0.606747,0.593769
2021-03-22 12:00:00.000 UTC,0.615176,0.592739,0.615176,0.597172
2021-03-22 11:00:00.000 UTC,0.614965,0.590654,0.590654,0.600769
2021-03-22 10:00:00.000 UTC,0.604892,0.584545,0.584545,0.590182
2021-03-22 09:00:00.000 UTC,0.596771,0.581501,0.587957,0.596771
2021-03-22 08:00:00.000 UTC,0.594977,0.568799,0.583619,0.594977
2021-03-22 07:00:00.000 UTC,0.583636,0.564341,0.565849,0.568158
2021-03-22 06:00:00.000 UTC,0.583032,0.561777,0.562544,0.564867
2021-03-22 05:00:00.000 UTC,0.571163,0.553996,0.557833,0.561172
2021-03-22 04:00:00.000 UTC,0.573458,0.552469,0.561301,0.567874
2021-03-22 03:00:00.000 UTC,0.561825,0.546214,0.546214,0.551687
2021-03-22 02:00:00.000 UTC,0.556601,0.544804,0.550011,0.554631
2021-03-22 01:00:00.000 UTC,0.551117,0.539926,0.551117,0.550026
2021-03-22 00:00:00.000 UTC,0.568076,0.549999,0.568076,0.549999
2021-03-21 23:00:00.000 UTC,0.574475,0.561806,0.571032,0.569885
2021-03-21 22:00:00.000 UTC,0.576712,0.564388,0.576712,0.574252
2021-03-21 21:00:00.000 UTC,0.576141,0.566085,0.573372,0.576141
2021-03-21 20:00:00.000 UTC,0.574359,0.565615,0.566542,0.574077
2021-03-21 19:00:00.000 UTC,0.573845,0.566053,0.573845,0.568554
2021-03-21 18:00:00.000 UTC,0.57285,0.565199,0.567557,0.57285
2021-03-21 17:00:00.000 UTC,0.563695,0.547376,0.547959,0.555846
2021-03-21 16:00:00.000 UTC,0.556501,0.544253,0.546243,0.548446
2021-03-21 15:00:00.000 UTC,0.560981,0.552546,0.554928,0.553632
2021-03-21 14:00:00.000 UTC,0.553707,0.541484,0.551381,0.553707
2021-03-21 13:00:00.000 UTC,0.555909,0.546255,0.546255,0.553028
2021-03-21 12:00:00.000 UTC,0.5573,0.53634,0.5573,0.54659
2021-03-21 11:00:00.000 UTC,0.562007,0.554713,0.557989,0.557744
2021-03-21 10:00:00.000 UTC,0.568521,0.559278,0.56667,0.559278
2021-03-21 09:00:00.000 UTC,0.594301,0.569602,0.590836,0.571518
2021-03-21 08:00:00.000 UTC,0.59363,0.582293,0.58347,0.588741
2021-03-21 07:00:00.000 UTC,0.585336,0.573239,0.577495,0.580091
2021-03-21 06:00:00.000 UTC,0.579935,0.567164,0.574516,0.579935
2021-03-21 05:00:00.000 UTC,0.590892,0.573117,0.5792,0.575878
2021-03-21 04:00:00.000 UTC,0.598006,0.561062,0.570516,0.581809
2021-03-21 03:00:00.000 UTC,0.569662,0.557265,0.560212,0.567056
2021-03-21 02:00:00.000 UTC,0.574942,0.556305,0.574361,0.556806
2021-03-21 01:00:00.000 UTC,0.575296,0.557326,0.562905,0.573916
2021-03-21 00:00:00.000 UTC,0.574203,0.543694,0.544802,0.564857
2021-03-20 23:00:00.000 UTC,0.566386,0.546582,0.566386,0.548105
2021-03-20 22:00:00.000 UTC,0.571982,0.561869,0.571982,0.565488
2021-03-20 21:00:00.000 UTC,0.572845,0.557597,0.557597,0.570587
2021-03-20 20:00:00.000 UTC,0.577948,0.558697,0.577948,0.559357
2021-03-20 19:00:00.000 UTC,0.578323,0.574411,0.574411,0.577665
2021-03-20 18:00:00.000 UTC,0.57494,0.56859,0.568875,0.573737
2021-03-20 17:00:00.000 UTC,0.576929,0.565615,0.574902,0.57082
2021-03-20 16:00:00.000 UTC,0.586074,0.575357,0.585539,0.575357
2021-03-20 15:00:00.000 UTC,0.588063,0.581738,0.581738,0.587017
2021-03-20 14:00:00.000 UTC,0.591074,0.577179,0.591074,0.583329
2021-03-20 13:00:00.000 UTC,0.595763,0.5932,0.595006,0.5932
2021-03-20 12:00:00.000 UTC,0.597069,0.592787,0.597069,0.594412
2021-03-20 11:00:00.000 UTC,0.599086,0.594339,0.597943,0.599086
2021-03-20 10:00:00.000 UTC,0.602929,0.597923,0.602789,0.598405
2021-03-20 09:00:00.000 UTC,0.604547,0.602044,0.604547,0.602684
2021-03-20 08:00:00.000 UTC,0.604899,0.58375,0.58375,0.604899
2021-03-20 07:00:00.000 UTC,0.596754,0.58369,0.585824,0.58369
2021-03-20 06:00:00.000 UTC,0.59735,0.58139,0.590601,0.59735
2021-03-20 05:00:00.000 UTC,0.592842,0.577583,0.592842,0.579247
2021-03-20 04:00:00.000 UTC,0.59925,0.594064,0.597741,0.594064
2021-03-20 03:00:00.000 UTC,0.60097,0.585078,0.599386,0.598022
2021-03-20 02:00:00.000 UTC,0.609227,0.600628,0.609227,0.600628
2021-03-20 01:00:00.000 UTC,0.609841,0.59347,0.601237,0.609841
2021-03-20 00:00:00.000 UTC,0.613874,0.596452,0.613874,0.602009
2021-03-19 23:00:00.000 UTC,0.615242,0.603004,0.603201,0.611243
2021-03-19 22:00:00.000 UTC,0.615305,0.603418,0.615305,0.603418
2021-03-19 21:00:00.000 UTC,0.618179,0.607958,0.61753,0.615491
2021-03-19 20:00:00.000 UTC,0.618535,0.607984,0.618535,0.616339
2021-03-19 19:00:00.000 UTC,0.621903,0.609562,0.621164,0.609562
2021-03-19 18:00:00.000 UTC,0.621031,0.608501,0.617633,0.621031
2021-03-19 17:00:00.000 UTC,0.623457,0.611199,0.621965,0.618155
2021-03-19 16:00:00.000 UTC,0.624937,0.612656,0.622335,0.621601
2021-03-19 15:00:00.000 UTC,0.62217,0.611292,0.618669,0.622157
2021-03-19 14:00:00.000 UTC,0.620229,0.61464,0.61542,0.617921
2021-03-19 13:00:00.000 UTC,0.624071,0.615334,0.624071,0.616052
2021-03-19 12:00:00.000 UTC,0.623605,0.601379,0.623605,0.622577
2021-03-19 11:00:00.000 UTC,0.625346,0.622337,0.622945,0.623268
2021-03-19 10:00:00.000 UTC,0.620927,0.614549,0.614549,0.620927
2021-03-19 09:00:00.000 UTC,0.619186,0.602543,0.604643,0.617549
2021-03-19 08:00:00.000 UTC,0.619985,0.613195,0.619695,0.613554
2021-03-19 07:00:00.000 UTC,0.622321,0.609935,0.620693,0.620542
2021-03-19 06:00:00.000 UTC,0.626764,0.620736,0.625187,0.623188
2021-03-19 05:00:00.000 UTC,0.62456,0.61188,0.613717,0.620206
2021-03-19 04:00:00.000 UTC,0.622605,0.613628,0.622605,0.613628
2021-03-19 03:00:00.000 UTC,0.623282,0.608755,0.61909,0.623215
2021-03-19 02:00:00.000 UTC,0.623943,0.59898,0.608453,0.6213
2021-03-19 01:00:00.000 UTC,0.614465,0.59992,0.601801,0.60945
2021-03-19 00:00:00.000 UTC,0.622069,0.600508,0.622069,0.612849
2021-03-18 23:00:00.000 UTC,0.632843,0.622637,0.631551,0.62304
2021-03-18 22:00:00.000 UTC,0.636775,0.609089,0.621705,0.636775
2021-03-18 21:00:00.000 UTC,0.622284,0.606183,0.609401,0.611154
2021-03-18 20:00:00.000 UTC,0.623981,0.609928,0.617781,0.609928
2021-03-18 19:00:00.000 UTC,0.625509,0.613755,0.613755,0.618332
2021-03-18 18:00:00.000 UTC,0.633761,0.615158,0.618602,0.615158
2021-03-18 17:00:00.000 UTC,0.630637,0.617943,0.628074,0.629822
2021-03-18 16:00:00.000 UTC,0.637426,0.629957,0.629957,0.632204
2021-03-18 15:00:00.000 UTC,0.643715,0.624664,0.635609,0.641525
2021-03-18 14:00:00.000 UTC,0.651729,0.623252,0.647916,0.623252
2021-03-18 13:00:00.000 UTC,0.6585,0.64104,0.64104,0.653254
2021-03-18 12:00:00.000 UTC,0.639616,0.630954,0.639136,0.63924
2021-03-18 11:00:00.000 UTC,0.650903,0.634266,0.642592,0.634704
2021-03-18 10:00:00.000 UTC,0.639786,0.625389,0.625784,0.637503
2021-03-18 09:00:00.000 UTC,0.641222,0.619137,0.641222,0.625306
2021-03-18 08:00:00.000 UTC,0.674926,0.629516,0.633448,0.647483
2021-03-18 07:00:00.000 UTC,0.62997,0.589774,0.589774,0.620537
2021-03-18 06:00:00.000 UTC,0.593919,0.574494,0.574494,0.589714
2021-03-18 05:00:00.000 UTC,0.576704,0.573808,0.575589,0.573818
2021-03-18 04:00:00.000 UTC,0.579512,0.571512,0.576002,0.574677
2021-03-18 03:00:00.000 UTC,0.586374,0.573047,0.586374,0.576084
2021-03-18 02:00:00.000 UTC,0.595713,0.583425,0.592146,0.588087
2021-03-18 01:00:00.000 UTC,0.596867,0.584697,0.585052,0.59113
2021-03-18 00:00:00.000 UTC,0.605169,0.584618,0.605169,0.586839
2021-03-17 23:00:00.000 UTC,0.617365,0.602771,0.604463,0.60582
2021-03-17 22:00:00.000 UTC,0.603361,0.592211,0.592577,0.603361
2021-03-17 21:00:00.000 UTC,0.589557,0.575082,0.584437,0.589557
2021-03-17 20:00:00.000 UTC,0.593408,0.583306,0.586304,0.584437
2021-03-17 19:00:00.000 UTC,0.6041,0.58359,0.585535,0.58359
2021-03-17 18:00:00.000 UTC,0.5865,0.559195,0.559195,0.5865
2021-03-17 17:00:00.000 UTC,0.562734,0.558788,0.560535,0.559618
2021-03-17 16:00:00.000 UTC,0.570162,0.558327,0.570162,0.559357
2021-03-17 15:00:00.000 UTC,0.571749,0.556511,0.56127,0.571749
2021-03-17 14:00:00.000 UTC,0.572806,0.557248,0.557248,0.566582
2021-03-17 13:00:00.000 UTC,0.583304,0.544651,0.544651,0.55414
2021-03-17 12:00:00.000 UTC,0.547986,0.519907,0.524697,0.547986
2021-03-17 11:00:00.000 UTC,0.538563,0.522962,0.538563,0.524674
2021-03-17 10:00:00.000 UTC,0.533827,0.523071,0.523071,0.533791
2021-03-17 09:00:00.000 UTC,0.541666,0.510447,0.541666,0.525666
2021-03-17 08:00:00.000 UTC,0.551698,0.538976,0.551698,0.54071
2021-03-17 07:00:00.000 UTC,0.557833,0.53716,0.53716,0.550569
2021-03-17 06:00:00.000 UTC,0.546979,0.53746,0.541783,0.540997
2021-03-17 05:00:00.000 UTC,0.543336,0.528793,0.543336,0.538816
2021-03-17 04:00:00.000 UTC,0.559133,0.541345,0.559133,0.541345
2021-03-17 03:00:00.000 UTC,0.570421,0.55946,0.569134,0.55946
2021-03-17 02:00:00.000 UTC,0.579342,0.563051,0.577148,0.567995
2021-03-17 01:00:00.000 UTC,0.586462,0.574817,0.576564,0.57779
2021-03-17 00:00:00.000 UTC,0.597401,0.566279,0.597401,0.577108
2021-03-16 23:00:00.000 UTC,0.600547,0.591423,0.598791,0.59382
2021-03-16 22:00:00.000 UTC,0.606624,0.579812,0.589111,0.59823
2021-03-16 21:00:00.000 UTC,0.599802,0.587688,0.599802,0.58897
2021-03-16 20:00:00.000 UTC,0.598025,0.582366,0.582366,0.598025
2021-03-16 19:00:00.000 UTC,0.584327,0.580955,0.582938,0.583048
2021-03-16 18:00:00.000 UTC,0.586948,0.579592,0.586325,0.584151
2021-03-16 17:00:00.000 UTC,0.607814,0.580903,0.605612,0.586015
2021-03-16 16:00:00.000 UTC,0.617167,0.606835,0.616408,0.606835
2021-03-16 15:00:00.000 UTC,0.620907,0.612852,0.614741,0.618001
2021-03-16 14:00:00.000 UTC,0.614217,0.607538,0.607538,0.611738
2021-03-16 13:00:00.000 UTC,0.609865,0.60117,0.60117,0.605778
2021-03-16 12:00:00.000 UTC,0.604047,0.594004,0.604047,0.595467
2021-03-16 11:00:00.000 UTC,0.606349,0.595737,0.606349,0.601285
2021-03-16 10:00:00.000 UTC,0.624637,0.603224,0.624509,0.610123
2021-03-16 09:00:00.000 UTC,0.626567,0.622434,0.625933,0.625253
2021-03-16 08:00:00.000 UTC,0.628056,0.609801,0.609801,0.628056
2021-03-16 07:00:00.000 UTC,0.620163,0.600487,0.610267,0.608157
2021-03-16 06:00:00.000 UTC,0.617158,0.591775,0.616045,0.612789
2021-03-16 05:00:00.000 UTC,0.629877,0.603917,0.629877,0.603917
2021-03-16 04:00:00.000 UTC,0.636615,0.623073,0.625399,0.634089
2021-03-16 03:00:00.000 UTC,0.628575,0.619516,0.623165,0.623558
2021-03-16 02:00:00.000 UTC,0.63255,0.621157,0.63255,0.621157
2021-03-16 01:00:00.000 UTC,0.637361,0.612996,0.622712,0.637361
2021-03-16 00:00:00.000 UTC,0.677828,0.62734,0.67327,0.62734
2021-03-15 23:00:00.000 UTC,0.691302,0.66756,0.66756,0.670754
2021-03-15 22:00:00.000 UTC,0.683159,0.667553,0.683159,0.667753
2021-03-15 21:00:00.000 UTC,0.684429,0.66381,0.671852,0.684429
2021-03-15 20:00:00.000 UTC,0.673007,0.662372,0.662372,0.670729
2021-03-15 19:00:00.000 UTC,0.665307,0.65782,0.65782,0.662965
2021-03-15 18:00:00.000 UTC,0.660074,0.646298,0.646298,0.656611
2021-03-15 17:00:00.000 UTC,0.657132,0.645164,0.657132,0.64753
2021-03-15 16:00:00.000 UTC,0.673518,0.656231,0.673518,0.656231
2021-03-15 15:00:00.000 UTC,0.674517,0.661646,0.668596,0.663634
2021-03-15 14:00:00.000 UTC,0.690535,0.667084,0.667084,0.67483
2021-03-15 13:00:00.000 UTC,0.670417,0.648686,0.649501,0.668004
2021-03-15 12:00:00.000 UTC,0.653879,0.638306,0.650229,0.648656
2021-03-15 11:00:00.000 UTC,0.655313,0.645954,0.655313,0.65294
2021-03-15 10:00:00.000 UTC,0.655361,0.633693,0.634101,0.655361
2021-03-15 09:00:00.000 UTC,0.660078,0.625305,0.651535,0.63067
2021-03-15 08:00:00.000 UTC,0.675003,0.652789,0.657269,0.652789
2021-03-15 07:00:00.000 UTC,0.68147,0.628747,0.68147,0.654679
2021-03-15 06:00:00.000 UTC,0.688906,0.673653,0.680833,0.678827
2021-03-15 05:00:00.000 UTC,0.704315,0.685112,0.704315,0.685112
2021-03-15 04:00:00.000 UTC,0.718499,0.698252,0.712641,0.699456
2021-03-15 03:00:00.000 UTC,0.714837,0.710203,0.713052,0.71367
2021-03-15 02:00:00.000 UTC,0.716726,0.70445,0.70445,0.713459
2021-03-15 01:00:00.000 UTC,0.703886,0.688038,0.693691,0.703624
2021-03-15 00:00:00.000 UTC,0.707261,0.689528,0.689528,0.698846
2021-03-14 23:00:00.000 UTC,0.715732,0.698576,0.714483,0.702024
2021-03-14 22:00:00.000 UTC,0.728119,0.719679,0.722678,0.719679
2021-03-14 21:00:00.000 UTC,0.740609,0.721477,0.72726,0.723034
2021-03-14 20:00:00.000 UTC,0.727783,0.704654,0.70785,0.727783
2021-03-14 19:00:00.000 UTC,0.713358,0.703656,0.713006,0.707329
2021-03-14 18:00:00.000 UTC,0.715041,0.709187,0.711942,0.712066
2021-03-14 17:00:00.000 UTC,0.719349,0.706043,0.719349,0.707171
2021-03-14 16:00:00.000 UTC,0.73187,0.71864,0.723133,0.719028
2021-03-14 15:00:00.000 UTC,0.734919,0.721563,0.721563,0.730035
2021-03-14 14:00:00.000 UTC,0.736953,0.707156,0.707156,0.7251
2021-03-14 13:00:00.000 UTC,0.722422,0.701181,0.713217,0.702892
2021-03-14 12:00:00.000 UTC,0.740812,0.705326,0.70937,0.707433
2021-03-14 11:00:00.000 UTC,0.702375,0.672886,0.699603,0.699468
2021-03-14 10:00:00.000 UTC,0.740472,0.697913,0.721927,0.697913
2021-03-14 09:00:00.000 UTC,0.719321,0.695167,0.698988,0.719321
2021-03-14 08:00:00.000 UTC,0.708219,0.685762,0.694289,0.700064
2021-03-14 07:00:00.000 UTC,0.705743,0.670956,0.686006,0.705743
2021-03-14 06:00:00.000 UTC,0.689854,0.669081,0.679418,0.689854
2021-03-14 05:00:00.000 UTC,0.693632,0.678751,0.686914,0.678751
2021-03-14 04:00:00.000 UTC,0.700563,0.684251,0.687761,0.688914
2021-03-14 03:00:00.000 UTC,0.730684,0.690876,0.708642,0.690876
2021-03-14 02:00:00.000 UTC,0.711963,0.663069,0.663069,0.705684
2021-03-14 01:00:00.000 UTC,0.678787,0.649324,0.678787,0.665489
2021-03-14 00:00:00.000 UTC,0.713583,0.6668,0.683551,0.687348
2021-03-13 23:00:00.000 UTC,0.734313,0.690682,0.734313,0.690682
2021-03-13 22:00:00.000 UTC,0.777164,0.7082,0.709607,0.737031
2021-03-13 21:00:00.000 UTC,0.720432,0.7034,0.705037,0.703618
2021-03-13 20:00:00.000 UTC,0.738625,0.698755,0.7038,0.698755
2021-03-13 19:00:00.000 UTC,0.783923,0.719685,0.74921,0.719685
2021-03-13 18:00:00.000 UTC,0.765966,0.677524,0.681802,0.762596
2021-03-13 17:00:00.000 UTC,0.700388,0.633943,0.642808,0.682556
2021-03-13 16:00:00.000 UTC,0.651873,0.615097,0.615097,0.642492
2021-03-13 15:00:00.000 UTC,0.602287,0.58028,0.582961,0.602287
2021-03-13 14:00:00.000 UTC,0.59661,0.58701,0.589314,0.58701
2021-03-13 13:00:00.000 UTC,0.599551,0.581873,0.599551,0.586146
2021-03-13 12:00:00.000 UTC,0.597442,0.559099,0.559099,0.594473
2021-03-13 11:00:00.000 UTC,0.606034,0.559727,0.606034,0.559727
2021-03-13 10:00:00.000 UTC,0.648527,0.578994,0.648009,0.609005
2021-03-13 09:00:00.000 UTC,0.656817,0.647522,0.647522,0.651687
2021-03-13 08:00:00.000 UTC,0.665545,0.645019,0.665545,0.645186
2021-03-13 07:00:00.000 UTC,0.672649,0.641948,0.64227,0.660395
2021-03-13 06:00:00.000 UTC,0.647945,0.63322,0.634465,0.642504
2021-03-13 05:00:00.000 UTC,0.645063,0.622816,0.626165,0.631398
2021-03-13 04:00:00.000 UTC,0.626484,0.61047,0.61047,0.626484
2021-03-13 03:00:00.000 UTC,0.660109,0.618558,0.647609,0.624098
2021-03-13 02:00:00.000 UTC,0.654017,0.63332,0.654017,0.652076
2021-03-13 01:00:00.000 UTC,0.675652,0.637475,0.665412,0.647302
2021-03-13 00:00:00.000 UTC,0.650755,0.597654,0.615228,0.650078
2021-03-12 23:00:00.000 UTC,0.619665,0.596393,0.606617,0.61448
2021-03-12 22:00:00.000 UTC,0.624395,0.575571,0.575571,0.59817
2021-03-12 21:00:00.000 UTC,0.571686,0.553329,0.555313,0.571686
2021-03-12 20:00:00.000 UTC,0.559663,0.546858,0.559663,0.553186
2021-03-12 19:00:00.000 UTC,0.571661,0.559956,0.56198,0.560795
2021-03-12 18:00:00.000 UTC,0.565752,0.552668,0.552826,0.563577
2021-03-12 17:00:00.000 UTC,0.560696,0.552115,0.55826,0.5544
2021-03-12 16:00:00.000 UTC,0.571778,0.560892,0.567117,0.560892
2021-03-12 15:00:00.000 UTC,0.570376,0.554546,0.554546,0.567352
2021-03-12 14:00:00.000 UTC,0.556877,0.538611,0.548345,0.554166
2021-03-12 13:00:00.000 UTC,0.564413,0.53761,0.564413,0.548119
2021-03-12 12:00:00.000 UTC,0.573218,0.559182,0.573218,0.564748
2021-03-12 11:00:00.000 UTC,0.578563,0.56927,0.574378,0.572032
2021-03-12 10:00:00.000 UTC,0.575454,0.54804,0.570788,0.575454
2021-03-12 09:00:00.000 UTC,0.58017,0.569864,0.570652,0.569924
2021-03-12 08:00:00.000 UTC,0.581224,0.567407,0.581224,0.576869
2021-03-12 07:00:00.000 UTC,0.593983,0.577646,0.593983,0.582999
2021-03-12 06:00:00.000 UTC,0.586182,0.550849,0.550849,0.586182
2021-03-12 05:00:00.000 UTC,0.555902,0.545949,0.545949,0.550342
2021-03-12 04:00:00.000 UTC,0.564637,0.538654,0.558617,0.546409
2021-03-12 03:00:00.000 UTC,0.555816,0.541274,0.541274,0.553122
2021-03-12 02:00:00.000 UTC,0.541771,0.532291,0.533076,0.532291
2021-03-12 01:00:00.000 UTC,0.542057,0.530336,0.54106,0.533681
2021-03-12 00:00:00.000 UTC,0.536107,0.52261,0.532325,0.5354
2021-03-11 23:00:00.000 UTC,0.53323,0.520191,0.532373,0.52629
2021-03-11 22:00:00.000 UTC,0.555127,0.530974,0.555127,0.531379
2021-03-11 21:00:00.000 UTC,0.560404,0.543923,0.556883,0.546982
2021-03-11 20:00:00.000 UTC,0.555778,0.534488,0.534488,0.555778
2021-03-11 19:00:00.000 UTC,0.537268,0.528679,0.531522,0.537268
2021-03-11 18:00:00.000 UTC,0.531675,0.523795,0.527131,0.531146
2021-03-11 17:00:00.000 UTC,0.530812,0.524238,0.52632,0.530812
2021-03-11 16:00:00.000 UTC,0.534403,0.519134,0.522516,0.525784
2021-03-11 15:00:00.000 UTC,0.542706,0.507377,0.507377,0.520829
2021-03-11 14:00:00.000 UTC,0.514612,0.504758,0.505356,0.507172
2021-03-11 13:00:00.000 UTC,0.508789,0.501713,0.502658,0.506792
2021-03-11 12:00:00.000 UTC,0.499341,0.49558,0.496035,0.499341
2021-03-11 11:00:00.000 UTC,0.507438,0.498622,0.505611,0.498622
2021-03-11 10:00:00.000 UTC,0.505262,0.488777,0.488967,0.505262
2021-03-11 09:00:00.000 UTC,0.492243,0.486078,0.487795,0.492063
2021-03-11 08:00:00.000 UTC,0.490057,0.479293,0.490057,0.486248
2021-03-11 07:00:00.000 UTC,0.499099,0.492,0.499099,0.492
2021-03-11 06:00:00.000 UTC,0.500677,0.492082,0.496574,0.498345
2021-03-11 05:00:00.000 UTC,0.507071,0.494254,0.507071,0.495325
2021-03-11 04:00:00.000 UTC,0.511365,0.501804,0.511365,0.505107
2021-03-11 03:00:00.000 UTC,0.515664,0.504809,0.510575,0.511584
2021-03-11 02:00:00.000 UTC,0.524318,0.512781,0.519119,0.512781
2021-03-11 01:00:00.000 UTC,0.520491,0.504233,0.516611,0.520491
2021-03-11 00:00:00.000 UTC,0.525374,0.484699,0.484699,0.512069
2021-03-10 23:00:00.000 UTC,0.493763,0.485875,0.493763,0.485875
2021-03-10 22:00:00.000 UTC,0.497739,0.487001,0.489098,0.49293
2021-03-10 21:00:00.000 UTC,0.48853,0.479884,0.48853,0.487608
2021-03-10 20:00:00.000 UTC,0.494221,0.486512,0.494221,0.489528
2021-03-10 19:00:00.000 UTC,0.49874,0.494124,0.494124,0.496096
2021-03-10 18:00:00.000 UTC,0.498575,0.494242,0.498461,0.494489
2021-03-10 17:00:00.000 UTC,0.507736,0.499986,0.505585,0.499986
2021-03-10 16:00:00.000 UTC,0.511123,0.491652,0.491652,0.505813
2021-03-10 15:00:00.000 UTC,0.498275,0.489815,0.493497,0.491519
2021-03-10 14:00:00.000 UTC,0.495668,0.489044,0.491787,0.492901
2021-03-10 13:00:00.000 UTC,0.502916,0.492962,0.49361,0.492962
2021-03-10 12:00:00.000 UTC,0.49853,0.485505,0.489803,0.496585
2021-03-10 11:00:00.000 UTC,0.490678,0.479967,0.485272,0.490678
2021-03-10 10:00:00.000 UTC,0.500843,0.486197,0.500843,0.486998
2021-03-10 09:00:00.000 UTC,0.502093,0.496671,0.500413,0.499366
2021-03-10 08:00:00.000 UTC,0.503726,0.4976,0.501378,0.500975
2021-03-10 07:00:00.000 UTC,0.50336,0.495217,0.49969,0.502314
2021-03-10 06:00:00.000 UTC,0.511775,0.497756,0.511603,0.497756
2021-03-10 05:00:00.000 UTC,0.510402,0.480249,0.487252,0.510402
2021-03-10 04:00:00.000 UTC,0.484286,0.478254,0.478254,0.484286
2021-03-10 03:00:00.000 UTC,0.485114,0.471505,0.478533,0.47779
2021-03-10 02:00:00.000 UTC,0.479239,0.460274,0.477752,0.479239
2021-03-10 01:00:00.000 UTC,0.49667,0.468709,0.49667,0.474153
2021-03-10 00:00:00.000 UTC,0.525334,0.492332,0.525334,0.492332
2021-03-09 23:00:00.000 UTC,0.530197,0.517081,0.517472,0.518461
2021-03-09 22:00:00.000 UTC,0.529277,0.511919,0.529277,0.518931
2021-03-09 21:00:00.000 UTC,0.526763,0.509226,0.511601,0.52551
2021-03-09 20:00:00.000 UTC,0.513191,0.502944,0.507713,0.513191
2021-03-09 19:00:00.000 UTC,0.511622,0.503501,0.503501,0.51027
2021-03-09 18:00:00.000 UTC,0.507802,0.500458,0.507802,0.501785
2021-03-09 17:00:00.000 UTC,0.516574,0.503471,0.516574,0.506099
2021-03-09 16:00:00.000 UTC,0.51711,0.502993,0.502993,0.51711
2021-03-09 15:00:00.000 UTC,0.502086,0.490617,0.498709,0.496839
2021-03-09 14:00:00.000 UTC,0.522967,0.506156,0.522967,0.506156
2021-03-09 13:00:00.000 UTC,0.526477,0.497946,0.508303,0.526477
2021-03-09 12:00:00.000 UTC,0.539709,0.50803,0.538889,0.50803
2021-03-09 11:00:00.000 UTC,0.553669,0.529836,0.553669,0.538493
2021-03-09 10:00:00.000 UTC,0.574358,0.546761,0.552916,0.552296
2021-03-09 09:00:00.000 UTC,0.551006,0.538766,0.538766,0.54815
2021-03-09 08:00:00.000 UTC,0.541283,0.531224,0.536155,0.540259
2021-03-09 07:00:00.000 UTC,0.551039,0.519292,0.524017,0.539218
2021-03-09 06:00:00.000 UTC,0.53512,0.518888,0.527778,0.518888
2021-03-09 05:00:00.000 UTC,0.544602,0.528725,0.528725,0.533167
2021-03-09 04:00:00.000 UTC,0.535094,0.520655,0.520655,0.527652
2021-03-09 03:00:00.000 UTC,0.529269,0.513822,0.516174,0.517942
2021-03-09 02:00:00.000 UTC,0.553194,0.523962,0.553194,0.523962
2021-03-09 01:00:00.000 UTC,0.566714,0.513075,0.513075,0.545766
2021-03-09 00:00:00.000 UTC,0.506792,0.456686,0.456686,0.506792
2021-03-08 23:00:00.000 UTC,0.465614,0.454813,0.465614,0.456135
2021-03-08 22:00:00.000 UTC,0.475896,0.432203,0.432721,0.475896
2021-03-08 21:00:00.000 UTC,0.436831,0.426953,0.426953,0.430033
2021-03-08 20:00:00.000 UTC,0.425415,0.422277,0.422277,0.425126
2021-03-08 19:00:00.000 UTC,0.422252,0.417144,0.417144,0.421983
2021-03-08 18:00:00.000 UTC,0.419943,0.414043,0.414202,0.417038
2021-03-08 17:00:00.000 UTC,0.415125,0.409496,0.409734,0.415125
2021-03-08 16:00:00.000 UTC,0.418168,0.409194,0.418168,0.409651
2021-03-08 15:00:00.000 UTC,0.419907,0.408423,0.409929,0.418638
2021-03-08 14:00:00.000 UTC,0.414767,0.407359,0.409517,0.409008
2021-03-08 13:00:00.000 UTC,0.417989,0.412526,0.412755,0.412526
2021-03-08 12:00:00.000 UTC,0.427241,0.411107,0.422709,0.411872
2021-03-08 11:00:00.000 UTC,0.418382,0.4095,0.413783,0.418382
2021-03-08 10:00:00.000 UTC,0.415383,0.40509,0.405733,0.413808
2021-03-08 09:00:00.000 UTC,0.416196,0.402919,0.415169,0.406917
2021-03-08 08:00:00.000 UTC,0.41168,0.399332,0.40588,0.41168
2021-03-08 07:00:00.000 UTC,0.410129,0.39995,0.406367,0.404078
2021-03-08 06:00:00.000 UTC,0.427393,0.404297,0.420864,0.404297
2021-03-08 05:00:00.000 UTC,0.424358,0.419591,0.423339,0.420891
2021-03-08 04:00:00.000 UTC,0.435169,0.409794,0.409794,0.422437
2021-03-08 03:00:00.000 UTC,0.417559,0.393615,0.400392,0.411678
2021-03-08 02:00:00.000 UTC,0.414741,0.390956,0.414741,0.399481
2021-03-08 01:00:00.000 UTC,0.407297,0.390237,0.390237,0.407297
2021-03-08 00:00:00.000 UTC,0.404807,0.380237,0.380237,0.392011
2021-03-07 23:00:00.000 UTC,0.382504,0.378559,0.378559,0.382504
2021-03-07 22:00:00.000 UTC,0.377787,0.373188,0.373188,0.375332
2021-03-07 21:00:00.000 UTC,0.376237,0.373355,0.376237,0.373355
2021-03-07 20:00:00.000 UTC,0.37548,0.367423,0.375363,0.37548
2021-03-07 19:00:00.000 UTC,0.382311,0.374556,0.382311,0.375225
2021-03-07 18:00:00.000 UTC,0.381307,0.368855,0.369958,0.381307
2021-03-07 17:00:00.000 UTC,0.373768,0.369308,0.373768,0.369308
2021-03-07 16:00:00.000 UTC,0.376259,0.371601,0.371601,0.374453
2021-03-07 15:00:00.000 UTC,0.375632,0.368534,0.373397,0.372811
2021-03-07 14:00:00.000 UTC,0.384401,0.367796,0.384008,0.374858
2021-03-07 13:00:00.000 UTC,0.385284,0.372198,0.372198,0.385284
2021-03-07 12:00:00.000 UTC,0.372047,0.363125,0.367651,0.372047
2021-03-07 11:00:00.000 UTC,0.367576,0.359955,0.359955,0.366183
2021-03-07 10:00:00.000 UTC,0.364512,0.357405,0.357635,0.359537
2021-03-07 09:00:00.000 UTC,0.362495,0.347643,0.347643,0.358242
2021-03-07 08:00:00.000 UTC,0.348662,0.34547,0.34547,0.347291
2021-03-07 07:00:00.000 UTC,0.345581,0.343732,0.344469,0.345581
2021-03-07 06:00:00.000 UTC,0.344622,0.342991,0.344218,0.344622
2021-03-07 05:00:00.000 UTC,0.34732,0.343472,0.34732,0.344015
2021-03-07 04:00:00.000 UTC,0.349493,0.345309,0.349493,0.345571
2021-03-07 03:00:00.000 UTC,0.349514,0.345138,0.347162,0.349466
2021-03-07 02:00:00.000 UTC,0.350164,0.34223,0.34223,0.346921
2021-03-07 01:00:00.000 UTC,0.345284,0.33765,0.342127,0.343046
2021-03-07 00:00:00.000 UTC,0.349022,0.340741,0.346775,0.340741
2021-03-06 23:00:00.000 UTC,0.346039,0.341192,0.342033,0.345894
2021-03-06 22:00:00.000 UTC,0.344327,0.339909,0.34036,0.343486
2021-03-06 21:00:00.000 UTC,0.344234,0.340118,0.34257,0.341909
2021-03-06 20:00:00.000 UTC,0.344857,0.341547,0.341569,0.342648
2021-03-06 19:00:00.000 UTC,0.341706,0.33616,0.338146,0.341706
2021-03-06 18:00:00.000 UTC,0.338698,0.335034,0.335034,0.338233
2021-03-06 17:00:00.000 UTC,0.334686,0.331742,0.331993,0.334246
2021-03-06 16:00:00.000 UTC,0.33293,0.323831,0.323831,0.33251
2021-03-06 15:00:00.000 UTC,0.332146,0.324736,0.330847,0.325752
2021-03-06 14:00:00.000 UTC,0.332177,0.324954,0.327702,0.332177
2021-03-06 13:00:00.000 UTC,0.332684,0.321638,0.332172,0.328452
2021-03-06 12:00:00.000 UTC,0.343726,0.329458,0.343726,0.333245
2021-03-06 11:00:00.000 UTC,0.344059,0.338884,0.342682,0.342843
2021-03-06 10:00:00.000 UTC,0.345649,0.339612,0.34392,0.342946
2021-03-06 09:00:00.000 UTC,0.350077,0.343466,0.350077,0.344115
2021-03-06 08:00:00.000 UTC,0.350632,0.347737,0.348171,0.349547
2021-03-06 07:00:00.000 UTC,0.351911,0.348849,0.349919,0.348849
2021-03-06 06:00:00.000 UTC,0.350057,0.345282,0.345282,0.349179
2021-03-06 05:00:00.000 UTC,0.34634,0.341618,0.34634,0.343795
2021-03-06 04:00:00.000 UTC,0.354356,0.345049,0.354356,0.34769
2021-03-06 03:00:00.000 UTC,0.363886,0.35647,0.362557,0.35647
2021-03-06 02:00:00.000 UTC,0.366437,0.360237,0.363872,0.363318
2021-03-06 01:00:00.000 UTC,0.366727,0.359156,0.365404,0.360595
2021-03-06 00:00:00.000 UTC,0.36935,0.356668,0.356668,0.363674
2021-03-05 23:00:00.000 UTC,0.356275,0.350469,0.355276,0.355751
2021-03-05 22:00:00.000 UTC,0.355902,0.349901,0.353329,0.355902
2021-03-05 21:00:00.000 UTC,0.352739,0.347911,0.351708,0.352067
2021-03-05 20:00:00.000 UTC,0.35893,0.352398,0.358573,0.352435
2021-03-05 19:00:00.000 UTC,0.359175,0.353868,0.357793,0.359175
2021-03-05 18:00:00.000 UTC,0.359783,0.35122,0.35122,0.356755
2021-03-05 17:00:00.000 UTC,0.351439,0.341104,0.347465,0.350891
2021-03-05 16:00:00.000 UTC,0.355894,0.342175,0.355894,0.342175
2021-03-05 15:00:00.000 UTC,0.365656,0.358399,0.361762,0.35896
2021-03-05 14:00:00.000 UTC,0.369399,0.361598,0.364706,0.361598
2021-03-05 13:00:00.000 UTC,0.367576,0.359138,0.363508,0.365654
2021-03-05 12:00:00.000 UTC,0.368652,0.356979,0.367267,0.362071
2021-03-05 11:00:00.000 UTC,0.370288,0.356282,0.356282,0.366391
2021-03-05 10:00:00.000 UTC,0.361678,0.347011,0.347011,0.357767
2021-03-05 09:00:00.000 UTC,0.354808,0.341716,0.349322,0.354808
2021-03-05 08:00:00.000 UTC,0.372003,0.348837,0.367839,0.348837
2021-03-05 07:00:00.000 UTC,0.37415,0.361207,0.36623,0.367105
2021-03-05 06:00:00.000 UTC,0.373879,0.362442,0.371874,0.367216
2021-03-05 05:00:00.000 UTC,0.388541,0.37408,0.378708,0.37408
2021-03-05 04:00:00.000 UTC,0.395006,0.379998,0.392709,0.383998
2021-03-05 03:00:00.000 UTC,0.392161,0.380071,0.390963,0.392161
2021-03-05 02:00:00.000 UTC,0.406915,0.392375,0.406915,0.39389
2021-03-05 01:00:00.000 UTC,0.416366,0.389082,0.416366,0.401018
2021-03-05 00:00:00.000 UTC,0.426178,0.361571,0.361571,0.414482
2021-03-04 23:00:00.000 UTC,0.383797,0.367528,0.381713,0.367528
2021-03-04 22:00:00.000 UTC,0.386873,0.376505,0.380042,0.380513
2021-03-04 21:00:00.000 UTC,0.397746,0.37633,0.380857,0.37633
2021-03-04 20:00:00.000 UTC,0.370444,0.352451,0.35612,0.370444
2021-03-04 19:00:00.000 UTC,0.362237,0.347151,0.347151,0.355882
2021-03-04 18:00:00.000 UTC,0.381638,0.347151,0.367516,0.347151
2021-03-04 17:00:00.000 UTC,0.374399,0.362619,0.367615,0.369608
2021-03-04 16:00:00.000 UTC,0.387123,0.364552,0.387123,0.368278
2021-03-04 15:00:00.000 UTC,0.41064,0.388339,0.41064,0.389019
2021-03-04 14:00:00.000 UTC,0.430129,0.397881,0.40466,0.403917
2021-03-04 13:00:00.000 UTC,0.402387,0.376924,0.381198,0.397584
2021-03-04 12:00:00.000 UTC,0.396898,0.368716,0.378107,0.396898
2021-03-04 11:00:00.000 UTC,0.388443,0.368867,0.368867,0.37481
2021-03-04 10:00:00.000 UTC,0.368806,0.349332,0.362136,0.364437
2021-03-04 09:00:00.000 UTC,0.359359,0.334142,0.352107,0.359359
2021-03-04 08:00:00.000 UTC,0.363443,0.347902,0.347902,0.349174
2021-03-04 07:00:00.000 UTC,0.349311,0.333073,0.333073,0.348532
2021-03-04 06:00:00.000 UTC,0.337448,0.327257,0.333051,0.335151
2021-03-04 05:00:00.000 UTC,0.333067,0.312937,0.312937,0.333067
2021-03-04 04:00:00.000 UTC,0.327147,0.313976,0.315446,0.316827
2021-03-04 03:00:00.000 UTC,0.344605,0.319491,0.335405,0.319491
2021-03-04 02:00:00.000 UTC,0.348435,0.337272,0.339168,0.337272
2021-03-04 01:00:00.000 UTC,0.353299,0.324731,0.328481,0.331784
2021-03-04 00:00:00.000 UTC,0.328798,0.298669,0.310599,0.324827
2021-03-03 23:00:00.000 UTC,0.318949,0.304588,0.308136,0.315209
2021-03-03 22:00:00.000 UTC,0.309642,0.299796,0.299796,0.301665
2021-03-03 21:00:00.000 UTC,0.30167,0.294294,0.297618,0.299952
2021-03-03 20:00:00.000 UTC,0.30253,0.296407,0.298666,0.299152
2021-03-03 19:00:00.000 UTC,0.299772,0.294488,0.2957,0.298967
2021-03-03 18:00:00.000 UTC,0.300258,0.292838,0.294444,0.294121
2021-03-03 17:00:00.000 UTC,0.298541,0.291898,0.293484,0.29499
2021-03-03 16:00:00.000 UTC,0.299509,0.285032,0.285032,0.292253
2021-03-03 15:00:00.000 UTC,0.28485,0.27764,0.27764,0.28485
2021-03-03 14:00:00.000 UTC,0.282049,0.263829,0.267337,0.279096
2021-03-03 13:00:00.000 UTC,0.276737,0.266196,0.276737,0.266196
2021-03-03 12:00:00.000 UTC,0.276926,0.271882,0.273738,0.276034
2021-03-03 11:00:00.000 UTC,0.27721,0.272023,0.272594,0.273715
2021-03-03 10:00:00.000 UTC,0.282176,0.272385,0.282176,0.272385
2021-03-03 09:00:00.000 UTC,0.281123,0.27489,0.280671,0.281123
2021-03-03 08:00:00.000 UTC,0.283632,0.279024,0.279024,0.280171
2021-03-03 07:00:00.000 UTC,0.282188,0.278574,0.278876,0.278574
2021-03-03 06:00:00.000 UTC,0.279934,0.273304,0.279934,0.277914
2021-03-03 05:00:00.000 UTC,0.288191,0.279237,0.283665,0.279237
2021-03-03 04:00:00.000 UTC,0.286956,0.283295,0.283295,0.286085
2021-03-03 03:00:00.000 UTC,0.282197,0.271276,0.271276,0.280405
2021-03-03 02:00:00.000 UTC,0.275909,0.271177,0.272155,0.271946
2021-03-03 01:00:00.000 UTC,0.272556,0.255418,0.258948,0.272556
2021-03-03 00:00:00.000 UTC,0.258605,0.251171,0.251683,0.258605
2021-03-02 23:00:00.000 UTC,0.253638,0.246141,0.249723,0.251133
2021-03-02 22:00:00.000 UTC,0.249692,0.241719,0.241719,0.247003
2021-03-02 21:00:00.000 UTC,0.241071,0.231873,0.231873,0.241071
2021-03-02 20:00:00.000 UTC,0.232661,0.229875,0.232661,0.231351
2021-03-02 19:00:00.000 UTC,0.240855,0.230791,0.240855,0.234161
2021-03-02 18:00:00.000 UTC,0.243865,0.240983,0.242207,0.240983
2021-03-02 17:00:00.000 UTC,0.243099,0.240527,0.240905,0.241154
2021-03-02 16:00:00.000 UTC,0.256899,0.245293,0.254825,0.245293
2021-03-02 15:00:00.000 UTC,0.260706,0.25097,0.255357,0.25097
2021-03-02 14:00:00.000 UTC,0.258781,0.254189,0.255409,0.256668
2021-03-02 13:00:00.000 UTC,0.263304,0.251579,0.263304,0.255772
2021-03-02 12:00:00.000 UTC,0.261996,0.247519,0.247827,0.261996
2021-03-02 11:00:00.000 UTC,0.249061,0.242784,0.242784,0.248008
2021-03-02 10:00:00.000 UTC,0.2513,0.247642,0.250343,0.247645
2021-03-02 09:00:00.000 UTC,0.251473,0.245532,0.247419,0.249969
2021-03-02 08:00:00.000 UTC,0.244318,0.240506,0.241109,0.244318
2021-03-02 07:00:00.000 UTC,0.244806,0.237255,0.244806,0.242126
2021-03-02 06:00:00.000 UTC,0.244372,0.235303,0.236571,0.243894
2021-03-02 05:00:00.000 UTC,0.240461,0.237477,0.23761,0.240048
2021-03-02 04:00:00.000 UTC,0.239402,0.234781,0.234998,0.239402
2021-03-02 03:00:00.000 UTC,0.240389,0.234454,0.240355,0.235026
2021-03-02 02:00:00.000 UTC,0.242763,0.239855,0.242763,0.242618
2021-03-02 01:00:00.000 UTC,0.239734,0.235584,0.236991,0.239093
2021-03-02 00:00:00.000 UTC,0.246884,0.235549,0.242713,0.239937
2021-03-01 23:00:00.000 UTC,0.242945,0.240461,0.241066,0.242254
2021-03-01 22:00:00.000 UTC,0.241504,0.237222,0.238536,0.240955
2021-03-01 21:00:00.000 UTC,0.236396,0.235022,0.235056,0.236396
2021-03-01 20:00:00.000 UTC,0.23685,0.233787,0.23526,0.234967
2021-03-01 19:00:00.000 UTC,0.235088,0.233376,0.234654,0.234942
2021-03-01 18:00:00.000 UTC,0.235249,0.232726,0.234276,0.234722
2021-03-01 17:00:00.000 UTC,0.239116,0.234486,0.238338,0.234486
2021-03-01 16:00:00.000 UTC,0.244001,0.236225,0.242871,0.236225
2021-03-01 15:00:00.000 UTC,0.245391,0.236225,0.236225,0.24417
2021-03-01 14:00:00.000 UTC,0.237151,0.234399,0.235997,0.235649
2021-03-01 13:00:00.000 UTC,0.239095,0.235855,0.237654,0.235855
2021-03-01 12:00:00.000 UTC,0.239298,0.235742,0.237698,0.236693
2021-03-01 11:00:00.000 UTC,0.239121,0.236684,0.238723,0.238043
2021-03-01 10:00:00.000 UTC,0.239234,0.236274,0.238813,0.238793
2021-03-01 09:00:00.000 UTC,0.241748,0.235726,0.236643,0.237755
2021-03-01 08:00:00.000 UTC,0.236986,0.229498,0.229498,0.236538
2021-03-01 07:00:00.000 UTC,0.239699,0.227203,0.239699,0.227517
2021-03-01 06:00:00.000 UTC,0.231044,0.220191,0.229692,0.226711
2021-03-01 05:00:00.000 UTC,0.234008,0.229449,0.233865,0.229629
2021-03-01 04:00:00.000 UTC,0.235602,0.228008,0.231117,0.232338
2021-03-01 03:00:00.000 UTC,0.229697,0.226446,0.227368,0.229697
2021-03-01 02:00:00.000 UTC,0.230041,0.225697,0.225697,0.228809
2021-03-01 01:00:00.000 UTC,0.226353,0.224058,0.226118,0.226353
2021-03-01 00:00:00.000 UTC,0.226256,0.217591,0.219592,0.22588
2021-02-28 23:00:00.000 UTC,0.227675,0.217766,0.220379,0.217766
2021-02-28 22:00:00.000 UTC,0.221314,0.215602,0.219713,0.218446
2021-02-28 21:00:00.000 UTC,0.219877,0.214224,0.214224,0.219877
2021-02-28 20:00:00.000 UTC,0.213434,0.211314,0.211878,0.213434
2021-02-28 19:00:00.000 UTC,0.212167,0.206559,0.206559,0.212167
2021-02-28 18:00:00.000 UTC,0.207602,0.202919,0.202919,0.207602
2021-02-28 17:00:00.000 UTC,0.209301,0.203704,0.207884,0.204377
2021-02-28 16:00:00.000 UTC,0.209063,0.203261,0.205338,0.208651
2021-02-28 15:00:00.000 UTC,0.217254,0.205297,0.217195,0.206061
2021-02-28 14:00:00.000 UTC,0.22381,0.21449,0.22381,0.215884
2021-02-28 13:00:00.000 UTC,0.231171,0.225934,0.231171,0.225934
2021-02-28 12:00:00.000 UTC,0.237974,0.230178,0.236003,0.2312
2021-02-28 11:00:00.000 UTC,0.2377,0.235611,0.2377,0.235804
2021-02-28 10:00:00.000 UTC,0.238308,0.23559,0.238053,0.2368
2021-02-28 09:00:00.000 UTC,0.237579,0.227648,0.227648,0.236872
2021-02-28 08:00:00.000 UTC,0.233747,0.229804,0.229804,0.232343
2021-02-28 07:00:00.000 UTC,0.231998,0.228121,0.230178,0.229606
2021-02-28 06:00:00.000 UTC,0.23408,0.229001,0.234075,0.231693
2021-02-28 05:00:00.000 UTC,0.238272,0.228484,0.232742,0.234258
2021-02-28 04:00:00.000 UTC,0.234919,0.229361,0.230964,0.23404
2021-02-28 03:00:00.000 UTC,0.243564,0.230761,0.243391,0.230761
2021-02-28 02:00:00.000 UTC,0.257271,0.245047,0.256641,0.245047
2021-02-28 01:00:00.000 UTC,0.263926,0.248127,0.249731,0.263926
2021-02-28 00:00:00.000 UTC,0.253361,0.245561,0.246749,0.25117
2021-02-27 23:00:00.000 UTC,0.248934,0.237749,0.248934,0.246757
2021-02-27 22:00:00.000 UTC,0.250005,0.244186,0.249746,0.249849
2021-02-27 21:00:00.000 UTC,0.253161,0.248224,0.250164,0.248825
2021-02-27 20:00:00.000 UTC,0.251615,0.250302,0.251035,0.250307
2021-02-27 19:00:00.000 UTC,0.25076,0.24924,0.249681,0.250382
2021-02-27 18:00:00.000 UTC,0.252968,0.249268,0.250031,0.249345
2021-02-27 17:00:00.000 UTC,0.255349,0.24715,0.24715,0.249824
2021-02-27 16:00:00.000 UTC,0.248602,0.245381,0.245381,0.247505
2021-02-27 15:00:00.000 UTC,0.249789,0.244708,0.247257,0.246022
2021-02-27 14:00:00.000 UTC,0.252557,0.245243,0.251897,0.247072
2021-02-27 13:00:00.000 UTC,0.258519,0.252587,0.257831,0.252587
2021-02-27 12:00:00.000 UTC,0.255278,0.244945,0.250433,0.255278
2021-02-27 11:00:00.000 UTC,0.251629,0.243431,0.248025,0.250589
2021-02-27 10:00:00.000 UTC,0.247671,0.239044,0.239044,0.247671
2021-02-27 09:00:00.000 UTC,0.244,0.238712,0.244,0.242117
2021-02-27 08:00:00.000 UTC,0.24773,0.243394,0.24773,0.24389
2021-02-27 07:00:00.000 UTC,0.252398,0.247092,0.252398,0.247284
2021-02-27 06:00:00.000 UTC,0.251684,0.247305,0.248068,0.251684
2021-02-27 05:00:00.000 UTC,0.249594,0.246312,0.248359,0.247757
2021-02-27 04:00:00.000 UTC,0.249717,0.246916,0.249615,0.248463
2021-02-27 03:00:00.000 UTC,0.250511,0.246516,0.246516,0.250511
2021-02-27 02:00:00.000 UTC,0.253973,0.246923,0.253973,0.246923
2021-02-27 01:00:00.000 UTC,0.257751,0.245545,0.2463,0.257751
2021-02-27 00:00:00.000 UTC,0.247578,0.239656,0.240918,0.246212
2021-02-26 23:00:00.000 UTC,0.240763,0.232129,0.232129,0.240175
2021-02-26 22:00:00.000 UTC,0.232807,0.224279,0.231102,0.232733
2021-02-26 21:00:00.000 UTC,0.233523,0.231337,0.232921,0.231337
2021-02-26 20:00:00.000 UTC,0.236984,0.231889,0.234433,0.234066
2021-02-26 19:00:00.000 UTC,0.241038,0.233479,0.24089,0.234578
2021-02-26 18:00:00.000 UTC,0.243652,0.241275,0.243112,0.241275
2021-02-26 17:00:00.000 UTC,0.246223,0.242334,0.24557,0.242346
2021-02-26 16:00:00.000 UTC,0.245766,0.241592,0.241592,0.244362
2021-02-26 15:00:00.000 UTC,0.243928,0.239109,0.240898,0.242703
2021-02-26 14:00:00.000 UTC,0.242307,0.234312,0.234312,0.241063
2021-02-26 13:00:00.000 UTC,0.237338,0.23169,0.23605,0.236698
2021-02-26 12:00:00.000 UTC,0.243827,0.235754,0.240294,0.235754
2021-02-26 11:00:00.000 UTC,0.238607,0.229761,0.237324,0.237639
2021-02-26 10:00:00.000 UTC,0.241813,0.236961,0.236961,0.237453
2021-02-26 09:00:00.000 UTC,0.240182,0.226781,0.232497,0.240182
2021-02-26 08:00:00.000 UTC,0.235068,0.225943,0.225943,0.231902
2021-02-26 07:00:00.000 UTC,0.237314,0.225232,0.236191,0.225232
2021-02-26 06:00:00.000 UTC,0.238043,0.231763,0.231763,0.236068
2021-02-26 05:00:00.000 UTC,0.239479,0.231141,0.239032,0.234822
2021-02-26 04:00:00.000 UTC,0.24784,0.241096,0.243233,0.241096
2021-02-26 03:00:00.000 UTC,0.247718,0.240343,0.24102,0.243806
2021-02-26 02:00:00.000 UTC,0.239856,0.233666,0.233716,0.239856
2021-02-26 01:00:00.000 UTC,0.241254,0.234291,0.235493,0.234291
2021-02-26 00:00:00.000 UTC,0.243408,0.232304,0.235333,0.235512
2021-02-25 23:00:00.000 UTC,0.245918,0.235513,0.245173,0.238419
2021-02-25 22:00:00.000 UTC,0.248662,0.241463,0.247027,0.246409
2021-02-25 21:00:00.000 UTC,0.260983,0.248177,0.258442,0.248177
2021-02-25 20:00:00.000 UTC,0.259845,0.252864,0.259448,0.258313
2021-02-25 19:00:00.000 UTC,0.262136,0.254292,0.255215,0.262136
2021-02-25 18:00:00.000 UTC,0.254539,0.250103,0.250103,0.252858
2021-02-25 17:00:00.000 UTC,0.264754,0.252024,0.264754,0.252024
2021-02-25 16:00:00.000 UTC,0.26635,0.259389,0.259768,0.26635
2021-02-25 15:00:00.000 UTC,0.26237,0.258288,0.258989,0.258288
2021-02-25 14:00:00.000 UTC,0.262589,0.257399,0.259089,0.259836
2021-02-25 13:00:00.000 UTC,0.261772,0.255998,0.261559,0.258812
2021-02-25 12:00:00.000 UTC,0.261258,0.250828,0.251309,0.257551
2021-02-25 11:00:00.000 UTC,0.250724,0.24618,0.24618,0.250724
2021-02-25 10:00:00.000 UTC,0.247632,0.237996,0.237996,0.247632
2021-02-25 09:00:00.000 UTC,0.241114,0.234041,0.241029,0.238603
2021-02-25 08:00:00.000 UTC,0.247526,0.241824,0.24724,0.241824
2021-02-25 07:00:00.000 UTC,0.248971,0.245953,0.247918,0.248062
2021-02-25 06:00:00.000 UTC,0.2494,0.247048,0.247413,0.247881
2021-02-25 05:00:00.000 UTC,0.247196,0.240257,0.240257,0.247196
2021-02-25 04:00:00.000 UTC,0.247106,0.241527,0.247106,0.241552
2021-02-25 03:00:00.000 UTC,0.252234,0.243601,0.252234,0.248164
2021-02-25 02:00:00.000 UTC,0.253845,0.250713,0.250713,0.253006
2021-02-25 01:00:00.000 UTC,0.253562,0.247735,0.252534,0.250928
2021-02-25 00:00:00.000 UTC,0.254551,0.246629,0.251892,0.250516
2021-02-24 23:00:00.000 UTC,0.253564,0.239278,0.239278,0.253564
2021-02-24 22:00:00.000 UTC,0.239077,0.230815,0.234385,0.239077
2021-02-24 21:00:00.000 UTC,0.236704,0.230624,0.235413,0.230789
2021-02-24 20:00:00.000 UTC,0.239379,0.232974,0.239379,0.234572
2021-02-24 19:00:00.000 UTC,0.246638,0.238615,0.246638,0.238615
2021-02-24 18:00:00.000 UTC,0.246683,0.24346,0.245078,0.246144
2021-02-24 17:00:00.000 UTC,0.2443,0.241313,0.241313,0.24418
2021-02-24 16:00:00.000 UTC,0.245221,0.23979,0.245221,0.242941
2021-02-24 15:00:00.000 UTC,0.242793,0.226228,0.238802,0.242793
2021-02-24 14:00:00.000 UTC,0.245344,0.23225,0.241797,0.235406
2021-02-24 13:00:00.000 UTC,0.256075,0.240113,0.254716,0.243641
2021-02-24 12:00:00.000 UTC,0.259866,0.248361,0.248361,0.259866
2021-02-24 11:00:00.000 UTC,0.25185,0.246208,0.246208,0.249847
2021-02-24 10:00:00.000 UTC,0.255072,0.248303,0.252607,0.248303
2021-02-24 09:00:00.000 UTC,0.25641,0.250415,0.252572,0.252061
2021-02-24 08:00:00.000 UTC,0.252261,0.242798,0.244653,0.252176
2021-02-24 07:00:00.000 UTC,0.244686,0.235443,0.241102,0.244686
2021-02-24 06:00:00.000 UTC,0.247842,0.234303,0.247842,0.2382
2021-02-24 05:00:00.000 UTC,0.257841,0.247513,0.257649,0.248113
2021-02-24 04:00:00.000 UTC,0.264203,0.25369,0.262478,0.259194
2021-02-24 03:00:00.000 UTC,0.265235,0.253683,0.265235,0.259841
2021-02-24 02:00:00.000 UTC,0.254542,0.246031,0.251312,0.254542
2021-02-24 01:00:00.000 UTC,0.252136,0.232641,0.234122,0.248827
2021-02-24 00:00:00.000 UTC,0.242395,0.220034,0.242395,0.230315
2021-02-23 23:00:00.000 UTC,0.236891,0.233272,0.23656,0.236891
2021-02-23 22:00:00.000 UTC,0.230789,0.227275,0.227891,0.230002
2021-02-23 21:00:00.000 UTC,0.229159,0.224697,0.224697,0.22769
2021-02-23 20:00:00.000 UTC,0.22833,0.209731,0.209731,0.22499
2021-02-23 19:00:00.000 UTC,0.21942,0.208541,0.218487,0.210635
2021-02-23 18:00:00.000 UTC,0.220347,0.216565,0.218729,0.2185
2021-02-23 17:00:00.000 UTC,0.224496,0.218512,0.222904,0.218824
2021-02-23 16:00:00.000 UTC,0.229823,0.222518,0.227236,0.222815
2021-02-23 15:00:00.000 UTC,0.227664,0.2145,0.2145,0.227664
2021-02-23 14:00:00.000 UTC,0.230465,0.209466,0.225328,0.213952
2021-02-23 13:00:00.000 UTC,0.225959,0.219254,0.219801,0.225959
2021-02-23 12:00:00.000 UTC,0.217936,0.195737,0.201172,0.217936
2021-02-23 11:00:00.000 UTC,0.216337,0.189228,0.211638,0.199554
2021-02-23 10:00:00.000 UTC,0.227394,0.200386,0.215403,0.207575
2021-02-23 09:00:00.000 UTC,0.215064,0.190109,0.198347,0.215064
2021-02-23 08:00:00.000 UTC,0.246551,0.214672,0.246551,0.214672
2021-02-23 07:00:00.000 UTC,0.247994,0.242391,0.242391,0.244657
2021-02-23 06:00:00.000 UTC,0.256609,0.243328,0.251545,0.243328
2021-02-23 05:00:00.000 UTC,0.261615,0.241205,0.261615,0.253502
2021-02-23 04:00:00.000 UTC,0.269693,0.256247,0.265973,0.256247
2021-02-23 03:00:00.000 UTC,0.271867,0.256027,0.256027,0.268926
2021-02-23 02:00:00.000 UTC,0.274487,0.258772,0.262888,0.258772
2021-02-23 01:00:00.000 UTC,0.296264,0.270607,0.292976,0.270607
2021-02-23 00:00:00.000 UTC,0.323405,0.29161,0.299021,0.293412
2021-02-22 23:00:00.000 UTC,0.30019,0.289859,0.294879,0.30019
2021-02-22 22:00:00.000 UTC,0.306949,0.294603,0.306949,0.294603
2021-02-22 21:00:00.000 UTC,0.307501,0.292006,0.292006,0.306246
2021-02-22 20:00:00.000 UTC,0.292548,0.286732,0.286732,0.292548
2021-02-22 19:00:00.000 UTC,0.284349,0.274976,0.274976,0.284349
2021-02-22 18:00:00.000 UTC,0.27511,0.262547,0.263626,0.273373
2021-02-22 17:00:00.000 UTC,0.287908,0.274311,0.287908,0.274311
2021-02-22 16:00:00.000 UTC,0.291651,0.279955,0.279955,0.288094
2021-02-22 15:00:00.000 UTC,0.285716,0.271196,0.277593,0.285716
2021-02-22 14:00:00.000 UTC,0.274381,0.247162,0.271869,0.268912
2021-02-22 13:00:00.000 UTC,0.282512,0.274592,0.28079,0.274592
2021-02-22 12:00:00.000 UTC,0.301744,0.274999,0.301744,0.278327
2021-02-22 11:00:00.000 UTC,0.308492,0.29763,0.302717,0.30247
2021-02-22 10:00:00.000 UTC,0.31078,0.29869,0.308731,0.305398
2021-02-22 09:00:00.000 UTC,0.33051,0.316065,0.325819,0.316065
2021-02-22 08:00:00.000 UTC,0.33891,0.326704,0.337322,0.326704
2021-02-22 07:00:00.000 UTC,0.339289,0.328205,0.335842,0.339289
2021-02-22 06:00:00.000 UTC,0.334804,0.32782,0.329511,0.334804
2021-02-22 05:00:00.000 UTC,0.344418,0.324644,0.335045,0.324644
2021-02-22 04:00:00.000 UTC,0.34716,0.328185,0.337598,0.330187
2021-02-22 03:00:00.000 UTC,0.364193,0.347156,0.349418,0.347156
2021-02-22 02:00:00.000 UTC,0.370346,0.346772,0.351469,0.354603
2021-02-22 01:00:00.000 UTC,0.356167,0.329336,0.329336,0.349967
2021-02-22 00:00:00.000 UTC,0.346328,0.318114,0.325545,0.341326
2021-02-21 23:00:00.000 UTC,0.326781,0.315267,0.319493,0.326269
2021-02-21 22:00:00.000 UTC,0.326923,0.317776,0.326923,0.317776
2021-02-21 21:00:00.000 UTC,0.325015,0.316746,0.316746,0.325015
2021-02-21 20:00:00.000 UTC,0.320946,0.314875,0.320375,0.314875
2021-02-21 19:00:00.000 UTC,0.320318,0.317318,0.317656,0.320063
2021-02-21 18:00:00.000 UTC,0.318012,0.317074,0.31776,0.317479
2021-02-21 17:00:00.000 UTC,0.318812,0.316415,0.317014,0.318812
2021-02-21 16:00:00.000 UTC,0.319364,0.313563,0.317559,0.316659
2021-02-21 15:00:00.000 UTC,0.32463,0.317562,0.323166,0.317562
2021-02-21 14:00:00.000 UTC,0.322597,0.320114,0.320767,0.322414
2021-02-21 13:00:00.000 UTC,0.320076,0.316446,0.316656,0.319
2021-02-21 12:00:00.000 UTC,0.323124,0.315334,0.323124,0.316209
2021-02-21 11:00:00.000 UTC,0.327188,0.320571,0.326908,0.322743
2021-02-21 10:00:00.000 UTC,0.328453,0.321636,0.321636,0.327994
2021-02-21 09:00:00.000 UTC,0.324908,0.320409,0.32488,0.321383
2021-02-21 08:00:00.000 UTC,0.327216,0.315877,0.315877,0.327216
2021-02-21 07:00:00.000 UTC,0.318702,0.309532,0.318258,0.315957
2021-02-21 06:00:00.000 UTC,0.32486,0.31151,0.32486,0.315814
2021-02-21 05:00:00.000 UTC,0.332857,0.325165,0.332857,0.32651
2021-02-21 04:00:00.000 UTC,0.342692,0.326413,0.328607,0.333011
2021-02-21 03:00:00.000 UTC,0.326896,0.31106,0.316185,0.326157
2021-02-21 02:00:00.000 UTC,0.320442,0.316405,0.316405,0.318778
2021-02-21 01:00:00.000 UTC,0.313413,0.302191,0.311707,0.313413
2021-02-21 00:00:00.000 UTC,0.314752,0.295184,0.300503,0.309368
2021-02-20 23:00:00.000 UTC,0.302441,0.29228,0.298551,0.301206
2021-02-20 22:00:00.000 UTC,0.318509,0.287372,0.315513,0.287372
2021-02-20 21:00:00.000 UTC,0.316924,0.308922,0.31333,0.316924
2021-02-20 20:00:00.000 UTC,0.31676,0.306156,0.316723,0.315726
2021-02-20 19:00:00.000 UTC,0.31419,0.305162,0.31049,0.313607
2021-02-20 18:00:00.000 UTC,0.315086,0.305893,0.311183,0.310638
2021-02-20 17:00:00.000 UTC,0.319688,0.307158,0.319688,0.310598
2021-02-20 16:00:00.000 UTC,0.319375,0.308727,0.308727,0.318704
2021-02-20 15:00:00.000 UTC,0.317656,0.298135,0.309702,0.302567
2021-02-20 14:00:00.000 UTC,0.326426,0.314529,0.326426,0.314529
2021-02-20 13:00:00.000 UTC,0.327596,0.319938,0.326008,0.326599
2021-02-20 12:00:00.000 UTC,0.330479,0.316826,0.330479,0.326373
2021-02-20 11:00:00.000 UTC,0.328686,0.320877,0.321731,0.32241
2021-02-20 10:00:00.000 UTC,0.321646,0.315537,0.321435,0.32106
2021-02-20 09:00:00.000 UTC,0.322666,0.318572,0.319934,0.322666
2021-02-20 08:00:00.000 UTC,0.324198,0.3029,0.304786,0.321666
2021-02-20 07:00:00.000 UTC,0.310064,0.307525,0.310064,0.308623
2021-02-20 06:00:00.000 UTC,0.310921,0.301164,0.301164,0.310921
2021-02-20 05:00:00.000 UTC,0.303744,0.29779,0.299486,0.301751
2021-02-20 04:00:00.000 UTC,0.300773,0.297205,0.298676,0.29877
2021-02-20 03:00:00.000 UTC,0.300523,0.295053,0.299424,0.298463
2021-02-20 02:00:00.000 UTC,0.301329,0.294926,0.294926,0.298447
2021-02-20 01:00:00.000 UTC,0.306424,0.294945,0.298192,0.294945
2021-02-20 00:00:00.000 UTC,0.310643,0.289701,0.310643,0.29822
2021-02-19 23:00:00.000 UTC,0.312898,0.302804,0.302804,0.311942
2021-02-19 22:00:00.000 UTC,0.303067,0.29839,0.302422,0.301386
2021-02-19 21:00:00.000 UTC,0.303139,0.294415,0.301962,0.30267
2021-02-19 20:00:00.000 UTC,0.303249,0.292225,0.292225,0.296598
2021-02-19 19:00:00.000 UTC,0.300185,0.29327,0.296825,0.29811
2021-02-19 18:00:00.000 UTC,0.310822,0.301858,0.309183,0.303225
2021-02-19 17:00:00.000 UTC,0.306964,0.30225,0.302404,0.304254
2021-02-19 16:00:00.000 UTC,0.313058,0.302908,0.309472,0.302988
2021-02-19 15:00:00.000 UTC,0.316232,0.30795,0.30795,0.310449
2021-02-19 14:00:00.000 UTC,0.32112,0.30753,0.30753,0.314922
2021-02-19 13:00:00.000 UTC,0.321189,0.302902,0.302902,0.308659
2021-02-19 12:00:00.000 UTC,0.302863,0.298898,0.301638,0.300902
2021-02-19 11:00:00.000 UTC,0.305382,0.297533,0.299727,0.300882
2021-02-19 10:00:00.000 UTC,0.304207,0.299133,0.304207,0.299696
2021-02-19 09:00:00.000 UTC,0.31152,0.302949,0.308249,0.303202
2021-02-19 08:00:00.000 UTC,0.309774,0.293552,0.293886,0.309774
2021-02-19 07:00:00.000 UTC,0.297023,0.291833,0.297023,0.29307
2021-02-19 06:00:00.000 UTC,0.296852,0.290058,0.294375,0.295331
2021-02-19 05:00:00.000 UTC,0.29415,0.286973,0.286973,0.29415
2021-02-19 04:00:00.000 UTC,0.291613,0.284054,0.29144,0.286178
2021-02-19 03:00:00.000 UTC,0.296851,0.292209,0.29461,0.296851
2021-02-19 02:00:00.000 UTC,0.294946,0.273289,0.292584,0.294946
2021-02-19 01:00:00.000 UTC,0.302638,0.291937,0.302638,0.294104
2021-02-19 00:00:00.000 UTC,0.318392,0.304177,0.318392,0.304177
2021-02-18 23:00:00.000 UTC,0.338164,0.312069,0.312069,0.334531
2021-02-18 22:00:00.000 UTC,0.323757,0.298663,0.298663,0.315105
2021-02-18 21:00:00.000 UTC,0.302167,0.293144,0.293144,0.302167
2021-02-18 20:00:00.000 UTC,0.305492,0.295312,0.301352,0.2954
2021-02-18 19:00:00.000 UTC,0.297717,0.28756,0.28756,0.297717
2021-02-18 18:00:00.000 UTC,0.290501,0.286939,0.286939,0.288512
2021-02-18 17:00:00.000 UTC,0.291504,0.285492,0.285492,0.285573
2021-02-18 16:00:00.000 UTC,0.290917,0.282055,0.289528,0.284656
2021-02-18 15:00:00.000 UTC,0.308071,0.289428,0.304559,0.289428
2021-02-18 14:00:00.000 UTC,0.344171,0.258856,0.262928,0.306037
2021-02-18 13:00:00.000 UTC,0.265871,0.250908,0.250908,0.262641
2021-02-18 12:00:00.000 UTC,0.251801,0.242185,0.245398,0.251801
2021-02-18 11:00:00.000 UTC,0.249016,0.241958,0.248841,0.244045
2021-02-18 10:00:00.000 UTC,0.246974,0.243265,0.243265,0.245367
2021-02-18 09:00:00.000 UTC,0.241589,0.234268,0.23571,0.241589
2021-02-18 08:00:00.000 UTC,0.246173,0.236844,0.246023,0.236844
2021-02-18 07:00:00.000 UTC,0.254673,0.239934,0.254639,0.245366
2021-02-18 06:00:00.000 UTC,0.253815,0.251481,0.253815,0.252418
2021-02-18 05:00:00.000 UTC,0.258604,0.25458,0.257238,0.254612
2021-02-18 04:00:00.000 UTC,0.258358,0.253964,0.25616,0.255791
2021-02-18 03:00:00.000 UTC,0.261151,0.250736,0.251781,0.257746
2021-02-18 02:00:00.000 UTC,0.252696,0.244504,0.245012,0.252652
2021-02-18 01:00:00.000 UTC,0.251477,0.245948,0.251477,0.245948
2021-02-18 00:00:00.000 UTC,0.253378,0.241868,0.241868,0.253378
2021-02-17 23:00:00.000 UTC,0.245691,0.240178,0.241679,0.240178
2021-02-17 22:00:00.000 UTC,0.246802,0.241375,0.243628,0.241783
2021-02-17 21:00:00.000 UTC,0.248744,0.241012,0.241279,0.244695
2021-02-17 20:00:00.000 UTC,0.242288,0.240381,0.241088,0.240781
2021-02-17 19:00:00.000 UTC,0.244033,0.24153,0.24181,0.241804
2021-02-17 18:00:00.000 UTC,0.243187,0.239459,0.239459,0.243162
2021-02-17 17:00:00.000 UTC,0.239063,0.238211,0.238599,0.238582
2021-02-17 16:00:00.000 UTC,0.239211,0.2366,0.238813,0.237395
2021-02-17 15:00:00.000 UTC,0.241049,0.237428,0.240007,0.237428
2021-02-17 14:00:00.000 UTC,0.241028,0.238296,0.238765,0.239132
2021-02-17 13:00:00.000 UTC,0.241552,0.234214,0.234214,0.239296
2021-02-17 12:00:00.000 UTC,0.237016,0.230969,0.235902,0.232699
2021-02-17 11:00:00.000 UTC,0.247675,0.236928,0.243391,0.236928
2021-02-17 10:00:00.000 UTC,0.244695,0.237549,0.238555,0.242681
2021-02-17 09:00:00.000 UTC,0.243594,0.238295,0.240917,0.238295
2021-02-17 08:00:00.000 UTC,0.246882,0.239253,0.241425,0.240392
2021-02-17 07:00:00.000 UTC,0.261744,0.242626,0.245426,0.243857
2021-02-17 06:00:00.000 UTC,0.238086,0.216034,0.216477,0.238086
2021-02-17 05:00:00.000 UTC,0.217068,0.211259,0.211259,0.213702
2021-02-17 04:00:00.000 UTC,0.214319,0.209909,0.212514,0.21108
2021-02-17 03:00:00.000 UTC,0.220958,0.211913,0.220958,0.212681
2021-02-17 02:00:00.000 UTC,0.221779,0.219418,0.221024,0.221779
2021-02-17 01:00:00.000 UTC,0.222896,0.219054,0.221093,0.220181
2021-02-17 00:00:00.000 UTC,0.229809,0.220632,0.229809,0.220632
2021-02-16 23:00:00.000 UTC,0.230288,0.225642,0.225642,0.230191
2021-02-16 22:00:00.000 UTC,0.224953,0.222247,0.222648,0.224953
2021-02-16 21:00:00.000 UTC,0.22295,0.21895,0.222635,0.222087
2021-02-16 20:00:00.000 UTC,0.224673,0.220817,0.224673,0.22212
2021-02-16 19:00:00.000 UTC,0.227002,0.224063,0.226057,0.224749
2021-02-16 18:00:00.000 UTC,0.226382,0.220704,0.223598,0.225751
2021-02-16 17:00:00.000 UTC,0.225406,0.220201,0.220201,0.224864
2021-02-16 16:00:00.000 UTC,0.228586,0.222258,0.228525,0.222258
2021-02-16 15:00:00.000 UTC,0.230922,0.228302,0.230398,0.228302
2021-02-16 14:00:00.000 UTC,0.229933,0.225812,0.228239,0.22931
2021-02-16 13:00:00.000 UTC,0.232811,0.228921,0.232811,0.228921
2021-02-16 12:00:00.000 UTC,0.233104,0.228597,0.232558,0.231924
2021-02-16 11:00:00.000 UTC,0.238101,0.232333,0.238101,0.232333
2021-02-16 10:00:00.000 UTC,0.238795,0.236533,0.23783,0.237993
2021-02-16 09:00:00.000 UTC,0.241078,0.236382,0.241078,0.237374
2021-02-16 08:00:00.000 UTC,0.237668,0.235759,0.235759,0.237242
2021-02-16 07:00:00.000 UTC,0.238396,0.234661,0.235037,0.23661
2021-02-16 06:00:00.000 UTC,0.235206,0.232362,0.23431,0.235206
2021-02-16 05:00:00.000 UTC,0.238181,0.234582,0.238181,0.2346
2021-02-16 04:00:00.000 UTC,0.242745,0.239838,0.242745,0.239838
2021-02-16 03:00:00.000 UTC,0.245227,0.241062,0.243339,0.24273
2021-02-16 02:00:00.000 UTC,0.243105,0.238488,0.238838,0.242891
2021-02-16 01:00:00.000 UTC,0.237892,0.235534,0.235764,0.237702
2021-02-16 00:00:00.000 UTC,0.243853,0.234059,0.239403,0.236588
2021-02-15 23:00:00.000 UTC,0.244824,0.237182,0.239997,0.238354
2021-02-15 22:00:00.000 UTC,0.239029,0.225661,0.239029,0.238476
2021-02-15 21:00:00.000 UTC,0.250099,0.241329,0.246894,0.241329
2021-02-15 20:00:00.000 UTC,0.249669,0.247598,0.248183,0.247598
2021-02-15 19:00:00.000 UTC,0.248744,0.247548,0.248333,0.248093
2021-02-15 18:00:00.000 UTC,0.251095,0.24838,0.249051,0.248894
2021-02-15 17:00:00.000 UTC,0.250956,0.248653,0.248795,0.248653
2021-02-15 16:00:00.000 UTC,0.249263,0.243916,0.243916,0.248278
2021-02-15 15:00:00.000 UTC,0.243166,0.241314,0.241314,0.243166
2021-02-15 14:00:00.000 UTC,0.245771,0.24116,0.244495,0.243127
2021-02-15 13:00:00.000 UTC,0.245584,0.241247,0.241247,0.245192
2021-02-15 12:00:00.000 UTC,0.243881,0.238977,0.243881,0.241429
2021-02-15 11:00:00.000 UTC,0.245716,0.242935,0.243997,0.245716
2021-02-15 10:00:00.000 UTC,0.244452,0.237678,0.241342,0.243464
2021-02-15 09:00:00.000 UTC,0.250623,0.242247,0.250623,0.242247
2021-02-15 08:00:00.000 UTC,0.252537,0.24828,0.250801,0.250945
2021-02-15 07:00:00.000 UTC,0.255455,0.237015,0.237015,0.25182
2021-02-15 06:00:00.000 UTC,0.239131,0.224716,0.224716,0.239131
2021-02-15 05:00:00.000 UTC,0.226783,0.222721,0.225679,0.223972
2021-02-15 04:00:00.000 UTC,0.228676,0.219876,0.228276,0.224752
2021-02-15 03:00:00.000 UTC,0.227283,0.22094,0.224347,0.227046
2021-02-15 02:00:00.000 UTC,0.239216,0.21071,0.236921,0.223721
2021-02-15 01:00:00.000 UTC,0.25348,0.23601,0.25348,0.241265
2021-02-15 00:00:00.000 UTC,0.262611,0.251976,0.262611,0.251976
2021-02-14 23:00:00.000 UTC,0.266738,0.257635,0.261998,0.266738
2021-02-14 22:00:00.000 UTC,0.260325,0.251221,0.255104,0.260128
2021-02-14 21:00:00.000 UTC,0.257179,0.252183,0.255792,0.257179
2021-02-14 20:00:00.000 UTC,0.263612,0.251598,0.251598,0.259871
2021-02-14 19:00:00.000 UTC,0.251886,0.241151,0.241151,0.250537
2021-02-14 18:00:00.000 UTC,0.243629,0.238265,0.238265,0.240731
2021-02-14 17:00:00.000 UTC,0.247557,0.240176,0.245461,0.240176
2021-02-14 16:00:00.000 UTC,0.245243,0.240578,0.243779,0.243949
2021-02-14 15:00:00.000 UTC,0.249525,0.239704,0.239704,0.246694
2021-02-14 14:00:00.000 UTC,0.25203,0.231885,0.248367,0.23318
2021-02-14 13:00:00.000 UTC,0.25779,0.247049,0.254465,0.247049
2021-02-14 12:00:00.000 UTC,0.265061,0.254983,0.255848,0.254983
2021-02-14 11:00:00.000 UTC,0.255486,0.247798,0.255486,0.251397
2021-02-14 10:00:00.000 UTC,0.265762,0.255464,0.258894,0.255712
2021-02-14 09:00:00.000 UTC,0.265459,0.254217,0.265459,0.259262
2021-02-14 08:00:00.000 UTC,0.284757,0.266859,0.276099,0.26722
2021-02-14 07:00:00.000 UTC,0.277106,0.245657,0.245657,0.275815
2021-02-14 06:00:00.000 UTC,0.242598,0.231073,0.232871,0.242598
2021-02-14 05:00:00.000 UTC,0.24225,0.225219,0.225219,0.233476
2021-02-14 04:00:00.000 UTC,0.225068,0.221184,0.223384,0.225068
2021-02-14 03:00:00.000 UTC,0.230831,0.220999,0.220999,0.227709
2021-02-14 02:00:00.000 UTC,0.230194,0.215984,0.215984,0.223048
2021-02-14 01:00:00.000 UTC,0.21632,0.197907,0.200923,0.21632
2021-02-14 00:00:00.000 UTC,0.202077,0.193632,0.202077,0.198858
2021-02-13 23:00:00.000 UTC,0.20567,0.19463,0.19463,0.199146
2021-02-13 22:00:00.000 UTC,0.195996,0.193458,0.195974,0.195074
2021-02-13 21:00:00.000 UTC,0.196499,0.191908,0.191908,0.195519
2021-02-13 20:00:00.000 UTC,0.193427,0.188807,0.192607,0.192236
2021-02-13 19:00:00.000 UTC,0.194493,0.192661,0.193668,0.192661
2021-02-13 18:00:00.000 UTC,0.197855,0.191403,0.191403,0.197855
2021-02-13 17:00:00.000 UTC,0.196542,0.192985,0.194357,0.192985
2021-02-13 16:00:00.000 UTC,0.201166,0.19705,0.198638,0.19705
2021-02-13 15:00:00.000 UTC,0.204548,0.197396,0.20077,0.198798
2021-02-13 14:00:00.000 UTC,0.211083,0.202186,0.211083,0.202186
2021-02-13 13:00:00.000 UTC,0.210233,0.199445,0.200238,0.210233
2021-02-13 12:00:00.000 UTC,0.203888,0.191381,0.194476,0.198954
2021-02-13 11:00:00.000 UTC,0.194472,0.179718,0.191758,0.190402
2021-02-13 10:00:00.000 UTC,0.200807,0.191649,0.200807,0.194953
2021-02-13 09:00:00.000 UTC,0.213607,0.19444,0.196488,0.204056
2021-02-13 08:00:00.000 UTC,0.192552,0.179235,0.185401,0.192552
2021-02-13 07:00:00.000 UTC,0.190844,0.18488,0.188961,0.18488
2021-02-13 06:00:00.000 UTC,0.189967,0.180179,0.180179,0.18587
2021-02-13 05:00:00.000 UTC,0.182553,0.174256,0.181988,0.180367
2021-02-13 04:00:00.000 UTC,0.180246,0.172149,0.172149,0.180246
2021-02-13 03:00:00.000 UTC,0.175516,0.173155,0.175516,0.17326
2021-02-13 02:00:00.000 UTC,0.174167,0.167903,0.170753,0.174167
2021-02-13 01:00:00.000 UTC,0.171822,0.166352,0.167542,0.171822
2021-02-13 00:00:00.000 UTC,0.169595,0.160552,0.160552,0.167748
2021-02-12 23:00:00.000 UTC,0.165211,0.159705,0.162646,0.160058
2021-02-12 22:00:00.000 UTC,0.165917,0.160255,0.160255,0.163304
2021-02-12 21:00:00.000 UTC,0.163308,0.159485,0.159966,0.16052
2021-02-12 20:00:00.000 UTC,0.160196,0.159453,0.160093,0.159453
2021-02-12 19:00:00.000 UTC,0.160055,0.159146,0.159553,0.159146
2021-02-12 18:00:00.000 UTC,0.160165,0.15869,0.160165,0.158963
2021-02-12 17:00:00.000 UTC,0.162228,0.159807,0.160048,0.160209
2021-02-12 16:00:00.000 UTC,0.162139,0.158327,0.158327,0.162139
2021-02-12 15:00:00.000 UTC,0.158838,0.155544,0.155544,0.158565
2021-02-12 14:00:00.000 UTC,0.163703,0.153167,0.163703,0.154821
2021-02-12 13:00:00.000 UTC,0.163762,0.159963,0.16175,0.163191
2021-02-12 12:00:00.000 UTC,0.161913,0.159482,0.161867,0.160242
2021-02-12 11:00:00.000 UTC,0.163437,0.161934,0.162896,0.16252
2021-02-12 10:00:00.000 UTC,0.164547,0.161759,0.162484,0.163657
2021-02-12 09:00:00.000 UTC,0.162168,0.159407,0.159668,0.161949
2021-02-12 08:00:00.000 UTC,0.163878,0.159929,0.162702,0.162359
2021-02-12 07:00:00.000 UTC,0.162964,0.159704,0.160527,0.162964
2021-02-12 06:00:00.000 UTC,0.162065,0.159342,0.160265,0.16195
2021-02-12 05:00:00.000 UTC,0.162076,0.158761,0.160048,0.160292
2021-02-12 04:00:00.000 UTC,0.164642,0.154535,0.164642,0.158848
2021-02-12 03:00:00.000 UTC,0.166002,0.162084,0.162084,0.163564
2021-02-12 02:00:00.000 UTC,0.166198,0.162804,0.165653,0.162804
2021-02-12 01:00:00.000 UTC,0.166501,0.16324,0.16324,0.1659
2021-02-12 00:00:00.000 UTC,0.166707,0.158195,0.158195,0.165115
2021-02-11 23:00:00.000 UTC,0.161333,0.158049,0.158718,0.158501
2021-02-11 22:00:00.000 UTC,0.158827,0.155312,0.155966,0.15809
2021-02-11 21:00:00.000 UTC,0.156549,0.15463,0.15463,0.155333
2021-02-11 20:00:00.000 UTC,0.160702,0.155424,0.160061,0.155424
2021-02-11 19:00:00.000 UTC,0.164286,0.159211,0.162091,0.160253
2021-02-11 18:00:00.000 UTC,0.16074,0.157178,0.157178,0.16074
2021-02-11 17:00:00.000 UTC,0.156602,0.153493,0.154513,0.156602
2021-02-11 16:00:00.000 UTC,0.15765,0.150376,0.155465,0.154191
2021-02-11 15:00:00.000 UTC,0.156328,0.154493,0.155675,0.155814
2021-02-11 14:00:00.000 UTC,0.156568,0.152884,0.152884,0.155556
2021-02-11 13:00:00.000 UTC,0.157487,0.151352,0.153669,0.153045
2021-02-11 12:00:00.000 UTC,0.156207,0.153191,0.154377,0.153191
2021-02-11 11:00:00.000 UTC,0.162637,0.154101,0.161366,0.154212
2021-02-11 10:00:00.000 UTC,0.165396,0.161815,0.16453,0.162249
2021-02-11 09:00:00.000 UTC,0.167208,0.16095,0.16095,0.162338
2021-02-11 08:00:00.000 UTC,0.158254,0.151404,0.152519,0.158088
2021-02-11 07:00:00.000 UTC,0.15253,0.151353,0.151353,0.151821
2021-02-11 06:00:00.000 UTC,0.151872,0.145896,0.145896,0.150266
2021-02-11 05:00:00.000 UTC,0.147335,0.142355,0.142355,0.146135
2021-02-11 04:00:00.000 UTC,0.147917,0.142873,0.147759,0.142873
2021-02-11 03:00:00.000 UTC,0.147463,0.145187,0.146793,0.145187
2021-02-11 02:00:00.000 UTC,0.146686,0.144377,0.144377,0.146383
2021-02-11 01:00:00.000 UTC,0.146037,0.141537,0.14335,0.14469
2021-02-11 00:00:00.000 UTC,0.145579,0.14127,0.144963,0.141402
2021-02-10 23:00:00.000 UTC,0.146827,0.143562,0.143562,0.144877
2021-02-10 22:00:00.000 UTC,0.143965,0.140843,0.141568,0.142867
2021-02-10 21:00:00.000 UTC,0.141558,0.139531,0.139583,0.141422
2021-02-10 20:00:00.000 UTC,0.140953,0.139269,0.140713,0.139354
2021-02-10 19:00:00.000 UTC,0.141041,0.138997,0.140835,0.141041
2021-02-10 18:00:00.000 UTC,0.141573,0.140057,0.141573,0.140678
2021-02-10 17:00:00.000 UTC,0.141153,0.138634,0.140688,0.140708
2021-02-10 16:00:00.000 UTC,0.140121,0.136299,0.136642,0.139563
2021-02-10 15:00:00.000 UTC,0.140632,0.135149,0.139092,0.136849
2021-02-10 14:00:00.000 UTC,0.14474,0.139047,0.142426,0.140849
2021-02-10 13:00:00.000 UTC,0.143913,0.141016,0.14322,0.142389
2021-02-10 12:00:00.000 UTC,0.151336,0.139377,0.151336,0.140851
2021-02-10 11:00:00.000 UTC,0.152766,0.150782,0.152549,0.150972
2021-02-10 10:00:00.000 UTC,0.155691,0.149498,0.149498,0.152643
2021-02-10 09:00:00.000 UTC,0.152464,0.149138,0.149138,0.149625
2021-02-10 08:00:00.000 UTC,0.155699,0.148823,0.153807,0.148823
2021-02-10 07:00:00.000 UTC,0.150535,0.147957,0.147957,0.150535
2021-02-10 06:00:00.000 UTC,0.15173,0.146659,0.147008,0.147987
2021-02-10 05:00:00.000 UTC,0.150112,0.146109,0.146138,0.147096
2021-02-10 04:00:00.000 UTC,0.150851,0.145014,0.148482,0.145802
2021-02-10 03:00:00.000 UTC,0.152402,0.148336,0.152402,0.14863
2021-02-10 02:00:00.000 UTC,0.154659,0.14829,0.152386,0.150418
2021-02-10 01:00:00.000 UTC,0.150539,0.14517,0.150049,0.148586
2021-02-10 00:00:00.000 UTC,0.151748,0.143721,0.149687,0.14569
2021-02-09 23:00:00.000 UTC,0.154432,0.149779,0.15229,0.152304
2021-02-09 22:00:00.000 UTC,0.157809,0.151017,0.15165,0.15337
2021-02-09 21:00:00.000 UTC,0.154698,0.150769,0.154454,0.15132
2021-02-09 20:00:00.000 UTC,0.153581,0.14967,0.153399,0.150377
2021-02-09 19:00:00.000 UTC,0.153683,0.149911,0.149911,0.153635
2021-02-09 18:00:00.000 UTC,0.153046,0.14916,0.149997,0.153046
2021-02-09 17:00:00.000 UTC,0.15376,0.14874,0.14874,0.148857
2021-02-09 16:00:00.000 UTC,0.154203,0.148949,0.152921,0.148949
2021-02-09 15:00:00.000 UTC,0.156683,0.149239,0.153785,0.155537
2021-02-09 14:00:00.000 UTC,0.156531,0.149255,0.149255,0.152059
2021-02-09 13:00:00.000 UTC,0.14842,0.143747,0.144417,0.14842
2021-02-09 12:00:00.000 UTC,0.148094,0.142133,0.142133,0.145304
2021-02-09 11:00:00.000 UTC,0.144848,0.139513,0.139513,0.144848
2021-02-09 10:00:00.000 UTC,0.147017,0.142162,0.147017,0.142162
2021-02-09 09:00:00.000 UTC,0.148131,0.141638,0.14223,0.147327
2021-02-09 08:00:00.000 UTC,0.146908,0.141403,0.145992,0.142236
2021-02-09 07:00:00.000 UTC,0.146224,0.142202,0.143047,0.142202
2021-02-09 06:00:00.000 UTC,0.147837,0.143139,0.143139,0.144513
2021-02-09 05:00:00.000 UTC,0.144597,0.141241,0.142411,0.141977
2021-02-09 04:00:00.000 UTC,0.142407,0.137505,0.142111,0.140234
2021-02-09 03:00:00.000 UTC,0.146592,0.14196,0.144631,0.14196
2021-02-09 02:00:00.000 UTC,0.147508,0.142006,0.142006,0.147508
2021-02-09 01:00:00.000 UTC,0.14059,0.138414,0.139274,0.14059
2021-02-09 00:00:00.000 UTC,0.139705,0.135526,0.135905,0.13704
2021-02-08 23:00:00.000 UTC,0.140161,0.135262,0.140003,0.137342
2021-02-08 22:00:00.000 UTC,0.13987,0.136458,0.139019,0.139613
2021-02-08 21:00:00.000 UTC,0.140534,0.136461,0.140534,0.139341
2021-02-08 20:00:00.000 UTC,0.142482,0.13711,0.141281,0.14055
2021-02-08 19:00:00.000 UTC,0.141583,0.138037,0.139213,0.141427
2021-02-08 18:00:00.000 UTC,0.141969,0.138128,0.138358,0.139253
2021-02-08 17:00:00.000 UTC,0.140103,0.136197,0.138005,0.138832
2021-02-08 16:00:00.000 UTC,0.144683,0.13604,0.141446,0.139221
2021-02-08 15:00:00.000 UTC,0.143776,0.136636,0.136636,0.141581
2021-02-08 14:00:00.000 UTC,0.138933,0.133098,0.133098,0.136105
2021-02-08 13:00:00.000 UTC,0.135718,0.128081,0.13408,0.133207
2021-02-08 12:00:00.000 UTC,0.1418,0.137182,0.1418,0.137182
2021-02-08 11:00:00.000 UTC,0.144584,0.140442,0.141608,0.141918
2021-02-08 10:00:00.000 UTC,0.14441,0.139397,0.141103,0.143629
2021-02-08 09:00:00.000 UTC,0.145503,0.139663,0.142409,0.144178
2021-02-08 08:00:00.000 UTC,0.143462,0.135989,0.135989,0.143462
2021-02-08 07:00:00.000 UTC,0.138191,0.128491,0.130048,0.138191
2021-02-08 06:00:00.000 UTC,0.130076,0.126017,0.126017,0.130076
2021-02-08 05:00:00.000 UTC,0.126047,0.124779,0.126047,0.125713
2021-02-08 04:00:00.000 UTC,0.126166,0.122214,0.122214,0.126166
2021-02-08 03:00:00.000 UTC,0.123526,0.122194,0.123526,0.122435
2021-02-08 02:00:00.000 UTC,0.124222,0.123022,0.123873,0.124029
2021-02-08 01:00:00.000 UTC,0.124502,0.122252,0.123563,0.123858
2021-02-08 00:00:00.000 UTC,0.126037,0.124006,0.125685,0.124006
2021-02-07 23:00:00.000 UTC,0.128111,0.124318,0.124318,0.126489
2021-02-07 22:00:00.000 UTC,0.126857,0.123132,0.126857,0.123939
2021-02-07 21:00:00.000 UTC,0.127462,0.12497,0.12497,0.126404
2021-02-07 20:00:00.000 UTC,0.126272,0.124327,0.124709,0.124911
2021-02-07 19:00:00.000 UTC,0.128291,0.125057,0.127827,0.125771
2021-02-07 18:00:00.000 UTC,0.129161,0.125462,0.128849,0.127255
2021-02-07 17:00:00.000 UTC,0.131363,0.125037,0.125417,0.129368
2021-02-07 16:00:00.000 UTC,0.122716,0.110683,0.113711,0.122716
2021-02-07 15:00:00.000 UTC,0.115936,0.112626,0.115936,0.114797
2021-02-07 14:00:00.000 UTC,0.120669,0.115861,0.119496,0.11668
2021-02-07 13:00:00.000 UTC,0.122418,0.118155,0.121426,0.120864
2021-02-07 12:00:00.000 UTC,0.121986,0.118497,0.12131,0.12139
2021-02-07 11:00:00.000 UTC,0.12272,0.120444,0.12272,0.121286
2021-02-07 10:00:00.000 UTC,0.123954,0.121488,0.121685,0.122026
2021-02-07 09:00:00.000 UTC,0.12331,0.119166,0.12331,0.123287
2021-02-07 08:00:00.000 UTC,0.123352,0.11856,0.118751,0.123352
2021-02-07 07:00:00.000 UTC,0.120935,0.118171,0.118476,0.118171
2021-02-07 06:00:00.000 UTC,0.118675,0.11781,0.118159,0.118616
2021-02-07 05:00:00.000 UTC,0.117852,0.115773,0.115967,0.117852
2021-02-07 04:00:00.000 UTC,0.121353,0.115419,0.11998,0.115789
2021-02-07 03:00:00.000 UTC,0.120351,0.118898,0.119479,0.119419
2021-02-07 02:00:00.000 UTC,0.123533,0.118542,0.121328,0.120172
2021-02-07 01:00:00.000 UTC,0.130715,0.121877,0.129099,0.121877
2021-02-07 00:00:00.000 UTC,0.130315,0.126174,0.12828,0.129229
2021-02-06 23:00:00.000 UTC,0.130376,0.126357,0.129615,0.130376
2021-02-06 22:00:00.000 UTC,0.136209,0.128598,0.13443,0.133306
2021-02-06 21:00:00.000 UTC,0.134659,0.129608,0.130313,0.134285
2021-02-06 20:00:00.000 UTC,0.13216,0.129931,0.131557,0.130213
2021-02-06 19:00:00.000 UTC,0.132171,0.127772,0.131589,0.131216
2021-02-06 18:00:00.000 UTC,0.13206,0.127517,0.130206,0.13206
2021-02-06 17:00:00.000 UTC,0.130224,0.124872,0.129168,0.130224
2021-02-06 16:00:00.000 UTC,0.129599,0.12384,0.12384,0.129555
2021-02-06 15:00:00.000 UTC,0.130844,0.124582,0.125131,0.124582
2021-02-06 14:00:00.000 UTC,0.126076,0.12305,0.123241,0.124731
2021-02-06 13:00:00.000 UTC,0.126541,0.122497,0.122739,0.123458
2021-02-06 12:00:00.000 UTC,0.127448,0.122612,0.126511,0.123965
2021-02-06 11:00:00.000 UTC,0.126662,0.122714,0.126103,0.126662
2021-02-06 10:00:00.000 UTC,0.129142,0.125607,0.129142,0.125607
2021-02-06 09:00:00.000 UTC,0.129839,0.128419,0.128627,0.129186
2021-02-06 08:00:00.000 UTC,0.129499,0.125996,0.126081,0.128652
2021-02-06 07:00:00.000 UTC,0.127655,0.124971,0.126772,0.125907
2021-02-06 06:00:00.000 UTC,0.1297,0.125849,0.128316,0.125849
2021-02-06 05:00:00.000 UTC,0.127426,0.125436,0.125708,0.127426
2021-02-06 04:00:00.000 UTC,0.125396,0.121771,0.121771,0.123659
2021-02-06 03:00:00.000 UTC,0.127437,0.12171,0.1241,0.122503
2021-02-06 02:00:00.000 UTC,0.127457,0.120669,0.120669,0.124269
2021-02-06 01:00:00.000 UTC,0.133618,0.119264,0.129218,0.119264
2021-02-06 00:00:00.000 UTC,0.139883,0.129935,0.139883,0.134973
2021-02-05 23:00:00.000 UTC,0.140269,0.126785,0.128463,0.139912
2021-02-05 22:00:00.000 UTC,0.129184,0.123279,0.123377,0.128242
2021-02-05 21:00:00.000 UTC,0.125215,0.122778,0.125215,0.123432
2021-02-05 20:00:00.000 UTC,0.126164,0.123094,0.123555,0.125429
2021-02-05 19:00:00.000 UTC,0.123891,0.121187,0.121187,0.123265
2021-02-05 18:00:00.000 UTC,0.12686,0.122047,0.123376,0.122373
2021-02-05 17:00:00.000 UTC,0.12717,0.121774,0.123279,0.123029
2021-02-05 16:00:00.000 UTC,0.129566,0.12554,0.129566,0.129533
2021-02-05 15:00:00.000 UTC,0.135274,0.126506,0.135274,0.126506
2021-02-05 14:00:00.000 UTC,0.133108,0.126852,0.126959,0.131106
2021-02-05 13:00:00.000 UTC,0.131152,0.126347,0.126954,0.127947
2021-02-05 12:00:00.000 UTC,0.131951,0.124799,0.131134,0.124799
2021-02-05 11:00:00.000 UTC,0.137592,0.120259,0.120718,0.131541
2021-02-05 10:00:00.000 UTC,0.122376,0.11778,0.119434,0.122376
2021-02-05 09:00:00.000 UTC,0.121265,0.115534,0.117784,0.121265
2021-02-05 08:00:00.000 UTC,0.118451,0.114675,0.117526,0.11638
2021-02-05 07:00:00.000 UTC,0.119675,0.112941,0.116323,0.119675
2021-02-05 06:00:00.000 UTC,0.11684,0.11163,0.111818,0.116557
2021-02-05 05:00:00.000 UTC,0.117984,0.112563,0.114979,0.112563
2021-02-05 04:00:00.000 UTC,0.121569,0.109208,0.110281,0.117074
2021-02-05 03:00:00.000 UTC,0.109947,0.106299,0.106605,0.109947
2021-02-05 02:00:00.000 UTC,0.10722,0.102968,0.103667,0.107089
2021-02-05 01:00:00.000 UTC,0.105959,0.103281,0.104325,0.104701
2021-02-05 00:00:00.000 UTC,0.104926,0.098521,0.099469,0.104926
2021-02-04 23:00:00.000 UTC,0.100654,0.099203,0.100273,0.099804
2021-02-04 22:00:00.000 UTC,0.103471,0.09645,0.103471,0.099894
2021-02-04 21:00:00.000 UTC,0.103323,0.101349,0.101528,0.102886
2021-02-04 20:00:00.000 UTC,0.10395,0.102002,0.102743,0.10268
2021-02-04 19:00:00.000 UTC,0.103412,0.100854,0.101796,0.102647
2021-02-04 18:00:00.000 UTC,0.102519,0.099242,0.100889,0.099242
2021-02-04 17:00:00.000 UTC,0.101525,0.099064,0.099794,0.101023
2021-02-04 16:00:00.000 UTC,0.100648,0.098112,0.099667,0.098112
2021-02-04 15:00:00.000 UTC,0.101424,0.09901,0.100186,0.099438
2021-02-04 14:00:00.000 UTC,0.105805,0.098644,0.105805,0.100506
2021-02-04 13:00:00.000 UTC,0.107127,0.10384,0.106401,0.105085
2021-02-04 12:00:00.000 UTC,0.10789,0.104811,0.107555,0.106663
2021-02-04 11:00:00.000 UTC,0.109891,0.104239,0.104723,0.109891
2021-02-04 10:00:00.000 UTC,0.105999,0.099353,0.099353,0.105451
2021-02-04 09:00:00.000 UTC,0.106485,0.091103,0.092205,0.099887
2021-02-04 08:00:00.000 UTC,0.09325,0.091777,0.091999,0.092462
2021-02-04 07:00:00.000 UTC,0.094605,0.092382,0.094228,0.092502
2021-02-04 06:00:00.000 UTC,0.094473,0.092972,0.094251,0.094173
2021-02-04 05:00:00.000 UTC,0.094917,0.09328,0.093449,0.093535
2021-02-04 04:00:00.000 UTC,0.094166,0.092326,0.093242,0.09363
2021-02-04 03:00:00.000 UTC,0.095211,0.093171,0.093965,0.093272
2021-02-04 02:00:00.000 UTC,0.095925,0.093201,0.095859,0.095106
2021-02-04 01:00:00.000 UTC,0.098877,0.094313,0.096165,0.095872
2021-02-04 00:00:00.000 UTC,0.098772,0.095626,0.096301,0.096509
2021-02-03 23:00:00.000 UTC,0.097816,0.094503,0.094503,0.096491
2021-02-03 22:00:00.000 UTC,0.098612,0.09471,0.097569,0.09471
2021-02-03 21:00:00.000 UTC,0.097106,0.094168,0.097106,0.096085
2021-02-03 20:00:00.000 UTC,0.097183,0.09425,0.097183,0.094858
2021-02-03 19:00:00.000 UTC,0.097721,0.094842,0.095911,0.09487
2021-02-03 18:00:00.000 UTC,0.097576,0.094327,0.095574,0.097363
2021-02-03 17:00:00.000 UTC,0.096902,0.093374,0.09437,0.095315
2021-02-03 16:00:00.000 UTC,0.097548,0.093123,0.097253,0.097303
2021-02-03 15:00:00.000 UTC,0.097691,0.094319,0.09624,0.096099
2021-02-03 14:00:00.000 UTC,0.096403,0.093478,0.093959,0.093478
2021-02-03 13:00:00.000 UTC,0.097237,0.094046,0.096065,0.095504
2021-02-03 12:00:00.000 UTC,0.098061,0.093736,0.094611,0.095963
2021-02-03 11:00:00.000 UTC,0.095242,0.09282,0.09282,0.095242
2021-02-03 10:00:00.000 UTC,0.095287,0.09294,0.094898,0.09294
2021-02-03 09:00:00.000 UTC,0.093286,0.091481,0.09198,0.093286
2021-02-03 08:00:00.000 UTC,0.093162,0.09088,0.093162,0.092394
2021-02-03 07:00:00.000 UTC,0.095205,0.093039,0.093238,0.093883
2021-02-03 06:00:00.000 UTC,0.095005,0.092636,0.092937,0.093313
2021-02-03 05:00:00.000 UTC,0.094984,0.092595,0.092647,0.092595
2021-02-03 04:00:00.000 UTC,0.094338,0.092532,0.094048,0.092532
2021-02-03 03:00:00.000 UTC,0.094244,0.092491,0.092491,0.094244
2021-02-03 02:00:00.000 UTC,0.094919,0.092488,0.094919,0.09261
2021-02-03 01:00:00.000 UTC,0.095595,0.092147,0.092835,0.094165
2021-02-03 00:00:00.000 UTC,0.097663,0.09286,0.09286,0.09343
2021-02-02 23:00:00.000 UTC,0.094459,0.092342,0.092655,0.094459
2021-02-02 22:00:00.000 UTC,0.095374,0.092548,0.094975,0.092558
2021-02-02 21:00:00.000 UTC,0.097829,0.095044,0.095044,0.095108
2021-02-02 20:00:00.000 UTC,0.100753,0.092596,0.092596,0.095225
2021-02-02 19:00:00.000 UTC,0.09414,0.092247,0.09245,0.09414
2021-02-02 18:00:00.000 UTC,0.092191,0.090028,0.090857,0.091607
2021-02-02 17:00:00.000 UTC,0.091666,0.089797,0.091666,0.091519
2021-02-02 16:00:00.000 UTC,0.091819,0.089865,0.090394,0.090415
2021-02-02 15:00:00.000 UTC,0.092093,0.089845,0.090747,0.090499
2021-02-02 14:00:00.000 UTC,0.090288,0.088714,0.089094,0.090288
2021-02-02 13:00:00.000 UTC,0.090826,0.088981,0.090198,0.088988
2021-02-02 12:00:00.000 UTC,0.09047,0.088406,0.089891,0.090004
2021-02-02 11:00:00.000 UTC,0.091071,0.08845,0.089867,0.090375
2021-02-02 10:00:00.000 UTC,0.092032,0.088753,0.088867,0.08919
2021-02-02 09:00:00.000 UTC,0.090661,0.087144,0.08843,0.088141
2021-02-02 08:00:00.000 UTC,0.09021,0.084693,0.084693,0.09021
2021-02-02 07:00:00.000 UTC,0.08453,0.081949,0.082083,0.084382
2021-02-02 06:00:00.000 UTC,0.083635,0.081738,0.081738,0.082107
2021-02-02 05:00:00.000 UTC,0.08201,0.081645,0.08201,0.081671
2021-02-02 04:00:00.000 UTC,0.082113,0.081444,0.081602,0.082024
2021-02-02 03:00:00.000 UTC,0.083172,0.081488,0.083172,0.081683
2021-02-02 02:00:00.000 UTC,0.083077,0.081629,0.081786,0.083077
2021-02-02 01:00:00.000 UTC,0.08423,0.081551,0.08423,0.081752
2021-02-02 00:00:00.000 UTC,0.084251,0.081378,0.081378,0.084251
2021-02-01 23:00:00.000 UTC,0.08196,0.081305,0.081507,0.081599
2021-02-01 22:00:00.000 UTC,0.08294,0.080594,0.081915,0.08083
2021-02-01 21:00:00.000 UTC,0.084193,0.081444,0.084193,0.081768
2021-02-01 20:00:00.000 UTC,0.083972,0.081679,0.083057,0.083972
2021-02-01 19:00:00.000 UTC,0.083326,0.079342,0.079499,0.083302
2021-02-01 18:00:00.000 UTC,0.079672,0.078647,0.07885,0.079672
2021-02-01 17:00:00.000 UTC,0.079236,0.078307,0.079236,0.078631
2021-02-01 16:00:00.000 UTC,0.079157,0.078492,0.078606,0.079123
2021-02-01 15:00:00.000 UTC,0.078978,0.078087,0.078135,0.078978
2021-02-01 14:00:00.000 UTC,0.079054,0.07778,0.078841,0.078003
2021-02-01 13:00:00.000 UTC,0.079621,0.078696,0.078942,0.079104
2021-02-01 12:00:00.000 UTC,0.078951,0.078568,0.078833,0.078603
2021-02-01 11:00:00.000 UTC,0.079462,0.079111,0.079462,0.079237
2021-02-01 10:00:00.000 UTC,0.079697,0.079414,0.079697,0.079484
2021-02-01 09:00:00.000 UTC,0.079995,0.078879,0.078964,0.079498
2021-02-01 08:00:00.000 UTC,0.079986,0.078469,0.079986,0.078995
2021-02-01 07:00:00.000 UTC,0.080507,0.080057,0.08022,0.080128
2021-02-01 06:00:00.000 UTC,0.080888,0.080096,0.080767,0.080096
2021-02-01 05:00:00.000 UTC,0.080854,0.080452,0.080725,0.080734
2021-02-01 04:00:00.000 UTC,0.08097,0.080666,0.080942,0.080698
2021-02-01 03:00:00.000 UTC,0.082119,0.080973,0.082119,0.080973
2021-02-01 02:00:00.000 UTC,0.08253,0.081399,0.081477,0.082048
2021-02-01 01:00:00.000 UTC,0.081492,0.080599,0.080661,0.081492
2021-02-01 00:00:00.000 UTC,0.082141,0.080739,0.082141,0.080739
2021-01-31 23:00:00.000 UTC,0.082744,0.082112,0.082167,0.08226
2021-01-31 22:00:00.000 UTC,0.082411,0.081686,0.082214,0.082123
2021-01-31 21:00:00.000 UTC,0.082777,0.082121,0.082297,0.08233
2021-01-31 20:00:00.000 UTC,0.082333,0.081798,0.082218,0.082014
2021-01-31 19:00:00.000 UTC,0.082324,0.081708,0.082324,0.0823
2021-01-31 18:00:00.000 UTC,0.082514,0.081258,0.081258,0.082428
2021-01-31 17:00:00.000 UTC,0.081865,0.081394,0.081779,0.081394
2021-01-31 16:00:00.000 UTC,0.081826,0.081458,0.081608,0.081771
2021-01-31 15:00:00.000 UTC,0.083102,0.081568,0.08297,0.081631
2021-01-31 14:00:00.000 UTC,0.083245,0.082419,0.083216,0.082743
2021-01-31 13:00:00.000 UTC,0.08318,0.0828,0.083016,0.083038
2021-01-31 12:00:00.000 UTC,0.083165,0.082396,0.082964,0.082937
2021-01-31 11:00:00.000 UTC,0.083019,0.082207,0.082207,0.083019
2021-01-31 10:00:00.000 UTC,0.082517,0.082048,0.082423,0.082452
2021-01-31 09:00:00.000 UTC,0.082943,0.082434,0.082445,0.082434
2021-01-31 08:00:00.000 UTC,0.082772,0.081984,0.082772,0.082699
2021-01-31 07:00:00.000 UTC,0.084434,0.083406,0.084395,0.083525
2021-01-31 06:00:00.000 UTC,0.084802,0.084394,0.084606,0.084394
2021-01-31 05:00:00.000 UTC,0.08508,0.084544,0.084982,0.084605
2021-01-31 04:00:00.000 UTC,0.085161,0.084769,0.084875,0.084955
2021-01-31 03:00:00.000 UTC,0.085093,0.084701,0.085093,0.085006
2021-01-31 02:00:00.000 UTC,0.085616,0.085074,0.085211,0.085074
2021-01-31 01:00:00.000 UTC,0.08589,0.084846,0.08589,0.085033
2021-01-31 00:00:00.000 UTC,0.08907,0.085824,0.086618,0.085824
2021-01-30 23:00:00.000 UTC,0.087109,0.085842,0.087109,0.086818
2021-01-30 22:00:00.000 UTC,0.087755,0.086367,0.086553,0.086837
2021-01-30 21:00:00.000 UTC,0.087122,0.086135,0.086332,0.086702
2021-01-30 20:00:00.000 UTC,0.087101,0.086089,0.08651,0.086467
2021-01-30 19:00:00.000 UTC,0.086533,0.085583,0.085721,0.086533
2021-01-30 18:00:00.000 UTC,0.086331,0.085576,0.086135,0.08579
2021-01-30 17:00:00.000 UTC,0.086363,0.085167,0.085815,0.086086
2021-01-30 16:00:00.000 UTC,0.087594,0.084912,0.087594,0.085735
2021-01-30 15:00:00.000 UTC,0.088259,0.087596,0.087596,0.087941
2021-01-30 14:00:00.000 UTC,0.088176,0.087434,0.088176,0.087453
2021-01-30 13:00:00.000 UTC,0.089755,0.087753,0.088122,0.088029
2021-01-30 12:00:00.000 UTC,0.088296,0.086938,0.087058,0.088231
2021-01-30 11:00:00.000 UTC,0.087803,0.086347,0.086864,0.086978
2021-01-30 10:00:00.000 UTC,0.088085,0.086724,0.087985,0.08677
2021-01-30 09:00:00.000 UTC,0.090022,0.088594,0.088658,0.088594
2021-01-30 08:00:00.000 UTC,0.088926,0.086591,0.087979,0.0885
2021-01-30 07:00:00.000 UTC,0.086883,0.085968,0.085968,0.086883
2021-01-30 06:00:00.000 UTC,0.086985,0.08593,0.08668,0.08593
2021-01-30 05:00:00.000 UTC,0.08694,0.085976,0.086225,0.086769
2021-01-30 04:00:00.000 UTC,0.086537,0.085083,0.085083,0.086339
2021-01-30 03:00:00.000 UTC,0.0857,0.084541,0.0857,0.084541
2021-01-30 02:00:00.000 UTC,0.086844,0.085832,0.085973,0.086242
2021-01-30 01:00:00.000 UTC,0.088904,0.086298,0.088199,0.086298
2021-01-30 00:00:00.000 UTC,0.08874,0.086601,0.086842,0.08874
2021-01-29 23:00:00.000 UTC,0.088527,0.08633,0.088527,0.086747
2021-01-29 22:00:00.000 UTC,0.089446,0.088402,0.089446,0.08864
2021-01-29 21:00:00.000 UTC,0.090106,0.088197,0.08967,0.088197
2021-01-29 20:00:00.000 UTC,0.089465,0.088211,0.088211,0.089465
2021-01-29 19:00:00.000 UTC,0.089651,0.088181,0.088549,0.089651
2021-01-29 18:00:00.000 UTC,0.089544,0.088107,0.088365,0.088302
2021-01-29 17:00:00.000 UTC,0.089791,0.087671,0.088685,0.088402
2021-01-29 16:00:00.000 UTC,0.089134,0.088178,0.088178,0.088875
2021-01-29 15:00:00.000 UTC,0.091182,0.087837,0.087837,0.088084
2021-01-29 14:00:00.000 UTC,0.089986,0.087237,0.089986,0.087782
2021-01-29 13:00:00.000 UTC,0.089991,0.088148,0.088298,0.088148
2021-01-29 12:00:00.000 UTC,0.089125,0.087967,0.089094,0.088663
2021-01-29 11:00:00.000 UTC,0.08907,0.085241,0.085241,0.08907
2021-01-29 10:00:00.000 UTC,0.085291,0.084289,0.084289,0.085078
2021-01-29 09:00:00.000 UTC,0.084968,0.084045,0.084707,0.0845
2021-01-29 08:00:00.000 UTC,0.084375,0.083164,0.083164,0.084375
2021-01-29 07:00:00.000 UTC,0.084236,0.082766,0.08379,0.083146
2021-01-29 06:00:00.000 UTC,0.084789,0.083734,0.08429,0.083744
2021-01-29 05:00:00.000 UTC,0.084718,0.083959,0.084419,0.084194
2021-01-29 04:00:00.000 UTC,0.091264,0.083811,0.091264,0.084293
2021-01-29 03:00:00.000 UTC,0.089324,0.088067,0.088899,0.088263
2021-01-29 02:00:00.000 UTC,0.089995,0.088896,0.089847,0.089293
2021-01-29 01:00:00.000 UTC,0.091474,0.087098,0.090553,0.089374
2021-01-29 00:00:00.000 UTC,0.095007,0.088226,0.088226,0.091356
2021-01-28 23:00:00.000 UTC,0.089934,0.087621,0.089934,0.088182
2021-01-28 22:00:00.000 UTC,0.089289,0.087744,0.088299,0.089289
2021-01-28 21:00:00.000 UTC,0.088656,0.087379,0.088274,0.08854
2021-01-28 20:00:00.000 UTC,0.088987,0.08726,0.088441,0.088839
2021-01-28 19:00:00.000 UTC,0.088552,0.086954,0.086954,0.088552
2021-01-28 18:00:00.000 UTC,0.087744,0.08643,0.08643,0.086844
2021-01-28 17:00:00.000 UTC,0.087927,0.086492,0.087927,0.086506
2021-01-28 16:00:00.000 UTC,0.088676,0.086858,0.088626,0.087844
2021-01-28 15:00:00.000 UTC,0.088479,0.086483,0.088479,0.087069
2021-01-28 14:00:00.000 UTC,0.089682,0.086714,0.087725,0.088393
2021-01-28 13:00:00.000 UTC,0.088907,0.08592,0.08595,0.088021
2021-01-28 12:00:00.000 UTC,0.085618,0.083858,0.083858,0.08539
2021-01-28 11:00:00.000 UTC,0.08501,0.083568,0.084468,0.083568
2021-01-28 10:00:00.000 UTC,0.084415,0.083084,0.083894,0.084381
2021-01-28 09:00:00.000 UTC,0.083756,0.081804,0.081804,0.083687
2021-01-28 08:00:00.000 UTC,0.084502,0.083452,0.084489,0.083515
2021-01-28 07:00:00.000 UTC,0.086099,0.083786,0.086099,0.084837
2021-01-28 06:00:00.000 UTC,0.088384,0.086686,0.087635,0.086686
2021-01-28 05:00:00.000 UTC,0.088193,0.0866,0.087853,0.08744
2021-01-28 04:00:00.000 UTC,0.088261,0.084535,0.08477,0.088261
2021-01-28 03:00:00.000 UTC,0.085234,0.08078,0.081858,0.085234
2021-01-28 02:00:00.000 UTC,0.081907,0.080246,0.080246,0.081907
2021-01-28 01:00:00.000 UTC,0.080331,0.07873,0.079395,0.079568
2021-01-28 00:00:00.000 UTC,0.081659,0.077975,0.081659,0.079171
2021-01-27 23:00:00.000 UTC,0.081741,0.080373,0.080992,0.081475
2021-01-27 22:00:00.000 UTC,0.083662,0.081001,0.083377,0.082516
2021-01-27 21:00:00.000 UTC,0.085395,0.083183,0.08491,0.083183
2021-01-27 20:00:00.000 UTC,0.084956,0.083815,0.083815,0.084956
2021-01-27 19:00:00.000 UTC,0.084505,0.081326,0.081326,0.083948
2021-01-27 18:00:00.000 UTC,0.083864,0.081285,0.083864,0.081285
2021-01-27 17:00:00.000 UTC,0.08537,0.078909,0.07906,0.084497
2021-01-27 16:00:00.000 UTC,0.080835,0.079016,0.07944,0.079416
2021-01-27 15:00:00.000 UTC,0.078383,0.077124,0.077124,0.078383
2021-01-27 14:00:00.000 UTC,0.079404,0.076567,0.079404,0.076567
2021-01-27 13:00:00.000 UTC,0.08189,0.079895,0.08153,0.079895
2021-01-27 12:00:00.000 UTC,0.081899,0.081368,0.081736,0.081466
2021-01-27 11:00:00.000 UTC,0.083615,0.08203,0.082498,0.08203
2021-01-27 10:00:00.000 UTC,0.084159,0.082752,0.083543,0.082854
2021-01-27 09:00:00.000 UTC,0.085052,0.082392,0.085052,0.08352
2021-01-27 08:00:00.000 UTC,0.089473,0.086269,0.089473,0.086269
2021-01-27 07:00:00.000 UTC,0.089517,0.088847,0.08891,0.089364
2021-01-27 06:00:00.000 UTC,0.089317,0.088869,0.089012,0.088913
2021-01-27 05:00:00.000 UTC,0.089458,0.088943,0.089328,0.088943
2021-01-27 04:00:00.000 UTC,0.089348,0.089059,0.089348,0.089314
2021-01-27 03:00:00.000 UTC,0.089959,0.089078,0.089594,0.08924
2021-01-27 02:00:00.000 UTC,0.090358,0.089569,0.090358,0.089569
2021-01-27 01:00:00.000 UTC,0.090779,0.089791,0.090329,0.089791
2021-01-27 00:00:00.000 UTC,0.093523,0.090705,0.093125,0.090736
2021-01-26 23:00:00.000 UTC,0.093602,0.09197,0.093216,0.093602
2021-01-26 22:00:00.000 UTC,0.093188,0.091424,0.091573,0.093182
2021-01-26 21:00:00.000 UTC,0.092238,0.091502,0.091688,0.09165
2021-01-26 20:00:00.000 UTC,0.092487,0.091126,0.091126,0.092251
2021-01-26 19:00:00.000 UTC,0.091462,0.091005,0.091101,0.091005
2021-01-26 18:00:00.000 UTC,0.09147,0.090586,0.090586,0.091029
2021-01-26 17:00:00.000 UTC,0.09117,0.090223,0.090223,0.090522
2021-01-26 16:00:00.000 UTC,0.091304,0.089462,0.090305,0.090569
2021-01-26 15:00:00.000 UTC,0.090251,0.088981,0.088991,0.090251
2021-01-26 14:00:00.000 UTC,0.090537,0.088952,0.090421,0.089398
2021-01-26 13:00:00.000 UTC,0.090292,0.089001,0.089327,0.090292
2021-01-26 12:00:00.000 UTC,0.091359,0.090828,0.090963,0.09084
2021-01-26 11:00:00.000 UTC,0.092138,0.090635,0.092138,0.09094
2021-01-26 10:00:00.000 UTC,0.092,0.089917,0.089917,0.091797
2021-01-26 09:00:00.000 UTC,0.090679,0.089748,0.089748,0.090615
2021-01-26 08:00:00.000 UTC,0.090665,0.089438,0.089904,0.089731
2021-01-26 07:00:00.000 UTC,0.090641,0.089446,0.090623,0.089949
2021-01-26 06:00:00.000 UTC,0.091958,0.090295,0.091958,0.090681
2021-01-26 05:00:00.000 UTC,0.092016,0.090832,0.09122,0.091594
2021-01-26 04:00:00.000 UTC,0.091515,0.090212,0.090397,0.090958
2021-01-26 03:00:00.000 UTC,0.093095,0.090036,0.092206,0.090036
2021-01-26 02:00:00.000 UTC,0.094812,0.092585,0.094812,0.092585
2021-01-26 01:00:00.000 UTC,0.094752,0.09291,0.09337,0.094708
2021-01-26 00:00:00.000 UTC,0.095514,0.092054,0.093296,0.093642
2021-01-25 23:00:00.000 UTC,0.093424,0.092181,0.09275,0.092933
2021-01-25 22:00:00.000 UTC,0.092853,0.092127,0.092253,0.092853
2021-01-25 21:00:00.000 UTC,0.094515,0.092063,0.094429,0.092595
2021-01-25 20:00:00.000 UTC,0.09531,0.094073,0.09531,0.094073
2021-01-25 19:00:00.000 UTC,0.095886,0.094368,0.094922,0.095818
2021-01-25 18:00:00.000 UTC,0.096271,0.094428,0.095261,0.095046
2021-01-25 17:00:00.000 UTC,0.095706,0.094964,0.095393,0.095199
2021-01-25 16:00:00.000 UTC,0.097482,0.094998,0.097482,0.095342
2021-01-25 15:00:00.000 UTC,0.099611,0.09497,0.09497,0.098983
2021-01-25 14:00:00.000 UTC,0.095756,0.093276,0.093373,0.094882
2021-01-25 13:00:00.000 UTC,0.093916,0.092906,0.093916,0.093715
2021-01-25 12:00:00.000 UTC,0.094182,0.093431,0.093936,0.093431
2021-01-25 11:00:00.000 UTC,0.094029,0.093253,0.093317,0.093976
2021-01-25 10:00:00.000 UTC,0.093937,0.093246,0.093693,0.09334
2021-01-25 09:00:00.000 UTC,0.095603,0.093831,0.094503,0.093831
2021-01-25 08:00:00.000 UTC,0.094948,0.09425,0.094785,0.094906
2021-01-25 07:00:00.000 UTC,0.09602,0.094007,0.095832,0.094141
2021-01-25 06:00:00.000 UTC,0.09563,0.094478,0.094737,0.09563
2021-01-25 05:00:00.000 UTC,0.094784,0.093755,0.093755,0.094771
2021-01-25 04:00:00.000 UTC,0.094092,0.093359,0.094092,0.093748
2021-01-25 03:00:00.000 UTC,0.095603,0.094096,0.095103,0.094096
2021-01-25 02:00:00.000 UTC,0.095927,0.094949,0.094949,0.095479
2021-01-25 01:00:00.000 UTC,0.095191,0.094265,0.09501,0.094897
2021-01-25 00:00:00.000 UTC,0.097043,0.094741,0.094741,0.09626
2021-01-24 23:00:00.000 UTC,0.094694,0.094068,0.094526,0.094694
2021-01-24 22:00:00.000 UTC,0.095297,0.094616,0.095199,0.094641
2021-01-24 21:00:00.000 UTC,0.094698,0.094006,0.094042,0.094698
2021-01-24 20:00:00.000 UTC,0.094618,0.093833,0.093833,0.09449
2021-01-24 19:00:00.000 UTC,0.095467,0.093768,0.094991,0.093814
2021-01-24 18:00:00.000 UTC,0.095646,0.094128,0.094902,0.094801
2021-01-24 17:00:00.000 UTC,0.095667,0.093475,0.093711,0.094959
2021-01-24 16:00:00.000 UTC,0.094828,0.093261,0.094313,0.093742
2021-01-24 15:00:00.000 UTC,0.094958,0.094016,0.094628,0.094797
2021-01-24 14:00:00.000 UTC,0.095354,0.09474,0.094784,0.095082
2021-01-24 13:00:00.000 UTC,0.095888,0.094862,0.095587,0.094862
2021-01-24 12:00:00.000 UTC,0.096895,0.094754,0.096699,0.0954
2021-01-24 11:00:00.000 UTC,0.09741,0.096161,0.096161,0.096348
2021-01-24 10:00:00.000 UTC,0.096708,0.096016,0.096415,0.09654
2021-01-24 09:00:00.000 UTC,0.098545,0.096226,0.098545,0.0971
2021-01-24 08:00:00.000 UTC,0.097944,0.096672,0.096672,0.097944
2021-01-24 07:00:00.000 UTC,0.097729,0.096773,0.096791,0.096798
2021-01-24 06:00:00.000 UTC,0.096984,0.096005,0.096518,0.096984
2021-01-24 05:00:00.000 UTC,0.097124,0.095896,0.096567,0.095966
2021-01-24 04:00:00.000 UTC,0.09832,0.097104,0.09832,0.097104
2021-01-24 03:00:00.000 UTC,0.098511,0.09779,0.09779,0.098336
2021-01-24 02:00:00.000 UTC,0.099243,0.097733,0.098574,0.097733
2021-01-24 01:00:00.000 UTC,0.099785,0.09913,0.099785,0.09913
2021-01-24 00:00:00.000 UTC,0.101887,0.099191,0.100704,0.100111
2021-01-23 23:00:00.000 UTC,0.102688,0.099071,0.099172,0.101271
2021-01-23 22:00:00.000 UTC,0.099235,0.098442,0.098753,0.099151
2021-01-23 21:00:00.000 UTC,0.099655,0.097874,0.099158,0.099167
2021-01-23 20:00:00.000 UTC,0.099959,0.099132,0.099221,0.099222
2021-01-23 19:00:00.000 UTC,0.099768,0.09863,0.098787,0.09971
2021-01-23 18:00:00.000 UTC,0.099215,0.098161,0.099011,0.098787
2021-01-23 17:00:00.000 UTC,0.099851,0.098402,0.099851,0.098402
2021-01-23 16:00:00.000 UTC,0.099854,0.098391,0.098471,0.09936
2021-01-23 15:00:00.000 UTC,0.100069,0.098936,0.100069,0.098936
2021-01-23 14:00:00.000 UTC,0.099861,0.097662,0.098815,0.09984
2021-01-23 13:00:00.000 UTC,0.098792,0.097428,0.098183,0.098792
2021-01-23 12:00:00.000 UTC,0.099147,0.097587,0.097587,0.098262
2021-01-23 11:00:00.000 UTC,0.100738,0.097085,0.099401,0.098362
2021-01-23 10:00:00.000 UTC,0.102218,0.097886,0.101569,0.099775
2021-01-23 09:00:00.000 UTC,0.103847,0.101663,0.10366,0.102115
2021-01-23 08:00:00.000 UTC,0.104374,0.103398,0.104282,0.103608
2021-01-23 07:00:00.000 UTC,0.103995,0.102701,0.103995,0.10378
2021-01-23 06:00:00.000 UTC,0.106109,0.10395,0.104916,0.10395
2021-01-23 05:00:00.000 UTC,0.105764,0.104735,0.105382,0.105764
2021-01-23 04:00:00.000 UTC,0.10595,0.10461,0.10505,0.10595
2021-01-23 03:00:00.000 UTC,0.105873,0.104467,0.104769,0.105873
2021-01-23 02:00:00.000 UTC,0.107276,0.104146,0.106682,0.104146
2021-01-23 01:00:00.000 UTC,0.110144,0.106674,0.107526,0.106688
2021-01-23 00:00:00.000 UTC,0.109462,0.10693,0.10873,0.10693
2021-01-22 23:00:00.000 UTC,0.111846,0.107743,0.108526,0.109554
2021-01-22 22:00:00.000 UTC,0.113234,0.108061,0.108168,0.110212
2021-01-22 21:00:00.000 UTC,0.108446,0.107593,0.108272,0.108248
2021-01-22 20:00:00.000 UTC,0.108492,0.106942,0.106942,0.107606
2021-01-22 19:00:00.000 UTC,0.109655,0.107033,0.108695,0.107673
2021-01-22 18:00:00.000 UTC,0.109878,0.106751,0.106818,0.108708
2021-01-22 17:00:00.000 UTC,0.108236,0.106706,0.108236,0.107428
2021-01-22 16:00:00.000 UTC,0.109234,0.106862,0.109234,0.106862
2021-01-22 15:00:00.000 UTC,0.111359,0.108453,0.111359,0.10857
2021-01-22 14:00:00.000 UTC,0.112256,0.107503,0.108135,0.110899
2021-01-22 13:00:00.000 UTC,0.109004,0.106664,0.107689,0.108238
2021-01-22 12:00:00.000 UTC,0.109761,0.106623,0.108792,0.107445
2021-01-22 11:00:00.000 UTC,0.111657,0.107795,0.108144,0.109215
2021-01-22 10:00:00.000 UTC,0.109231,0.105847,0.109128,0.106633
2021-01-22 09:00:00.000 UTC,0.113669,0.10852,0.112574,0.110005
2021-01-22 08:00:00.000 UTC,0.113799,0.108567,0.109388,0.113586
2021-01-22 07:00:00.000 UTC,0.118816,0.110204,0.118816,0.111539
2021-01-22 06:00:00.000 UTC,0.114553,0.104772,0.106248,0.114553
2021-01-22 05:00:00.000 UTC,0.108728,0.103158,0.103158,0.10557
2021-01-22 04:00:00.000 UTC,0.106778,0.10163,0.10163,0.103258
2021-01-22 03:00:00.000 UTC,0.104533,0.099356,0.104533,0.101273
2021-01-22 02:00:00.000 UTC,0.106156,0.102387,0.104889,0.104445
2021-01-22 01:00:00.000 UTC,0.107582,0.093724,0.098327,0.107582
2021-01-22 00:00:00.000 UTC,0.11276,0.096128,0.110171,0.10124
2021-01-21 23:00:00.000 UTC,0.115062,0.110692,0.112924,0.110692
2021-01-21 22:00:00.000 UTC,0.1141,0.10617,0.1141,0.113304
2021-01-21 21:00:00.000 UTC,0.118346,0.112437,0.113355,0.112437
2021-01-21 20:00:00.000 UTC,0.12417,0.115519,0.12417,0.115904
2021-01-21 19:00:00.000 UTC,0.128651,0.123032,0.123032,0.124569
2021-01-21 18:00:00.000 UTC,0.123596,0.119342,0.123055,0.122928
2021-01-21 17:00:00.000 UTC,0.125512,0.12041,0.121212,0.123572
2021-01-21 16:00:00.000 UTC,0.132588,0.125217,0.13107,0.125217
2021-01-21 15:00:00.000 UTC,0.131548,0.125994,0.127509,0.131548
2021-01-21 14:00:00.000 UTC,0.138671,0.130438,0.134015,0.130691
2021-01-21 13:00:00.000 UTC,0.151137,0.120411,0.120411,0.13633
2021-01-21 12:00:00.000 UTC,0.121455,0.115299,0.121006,0.121011
2021-01-21 11:00:00.000 UTC,0.123528,0.113088,0.113203,0.121331
2021-01-21 10:00:00.000 UTC,0.119196,0.10467,0.119196,0.11376
2021-01-21 09:00:00.000 UTC,0.131264,0.122433,0.131264,0.12432
2021-01-21 08:00:00.000 UTC,0.189995,0.058449,0.058449,0.144509
2021-01-21 07:00:00.000 UTC,0.058372,0.053354,0.053354,0.058372
2021-01-21 06:00:00.000 UTC,0.054823,0.053272,0.05335,0.054823
2021-01-21 05:00:00.000 UTC,0.053269,0.050361,0.051453,0.053269
2021-01-21 04:00:00.000 UTC,0.053599,0.05083,0.05317,0.05083
2021-01-21 03:00:00.000 UTC,0.05296,0.051452,0.052263,0.05296
2021-01-21 02:00:00.000 UTC,0.052033,0.050571,0.051802,0.052033
2021-01-21 01:00:00.000 UTC,0.052207,0.051096,0.051254,0.05191
2021-01-21 00:00:00.000 UTC,0.053823,0.05246,0.053645,0.052544
2021-01-20 23:00:00.000 UTC,0.053397,0.052577,0.052882,0.053397
2021-01-20 22:00:00.000 UTC,0.052889,0.052376,0.052525,0.052726
2021-01-20 21:00:00.000 UTC,0.05335,0.051346,0.053298,0.052557
2021-01-20 20:00:00.000 UTC,0.054248,0.053103,0.053673,0.053106
2021-01-20 19:00:00.000 UTC,0.053036,0.052594,0.052877,0.053036
2021-01-20 18:00:00.000 UTC,0.052938,0.051411,0.051466,0.052806
2021-01-20 17:00:00.000 UTC,0.051772,0.050335,0.050551,0.051286
2021-01-20 16:00:00.000 UTC,0.051268,0.048792,0.050322,0.051268
2021-01-20 15:00:00.000 UTC,0.05109,0.049721,0.05109,0.050409
2021-01-20 14:00:00.000 UTC,0.051741,0.050436,0.051106,0.051254
2021-01-20 13:00:00.000 UTC,0.051404,0.049104,0.049859,0.051404
2021-01-20 12:00:00.000 UTC,0.051008,0.049091,0.050232,0.050539
2021-01-20 11:00:00.000 UTC,0.052248,0.049919,0.052248,0.05004
2021-01-20 10:00:00.000 UTC,0.053354,0.051603,0.053354,0.052106
2021-01-20 09:00:00.000 UTC,0.057243,0.052739,0.057243,0.052739
2021-01-20 08:00:00.000 UTC,0.057662,0.0548,0.05623,0.057291
2021-01-20 07:00:00.000 UTC,0.056287,0.053691,0.055298,0.056273
2021-01-20 06:00:00.000 UTC,0.055657,0.053207,0.053207,0.055643
2021-01-20 05:00:00.000 UTC,0.055266,0.052978,0.055082,0.052978
2021-01-20 04:00:00.000 UTC,0.054714,0.052216,0.052545,0.054714
2021-01-20 03:00:00.000 UTC,0.0585,0.052956,0.058153,0.052956
2021-01-20 02:00:00.000 UTC,0.05996,0.056902,0.05996,0.058083
2021-01-20 01:00:00.000 UTC,0.060306,0.053911,0.056144,0.059983
2021-01-20 00:00:00.000 UTC,0.054519,0.05325,0.054064,0.054426
2021-01-19 23:00:00.000 UTC,0.056781,0.053168,0.055929,0.053168
2021-01-19 22:00:00.000 UTC,0.055197,0.053025,0.053025,0.054085
2021-01-19 21:00:00.000 UTC,0.053341,0.052357,0.053341,0.053204
2021-01-19 20:00:00.000 UTC,0.05331,0.051851,0.051851,0.05331
2021-01-19 19:00:00.000 UTC,0.055119,0.051648,0.055119,0.051752
2021-01-19 18:00:00.000 UTC,0.05679,0.055374,0.05679,0.055374
2021-01-19 17:00:00.000 UTC,0.056708,0.055686,0.055686,0.056664
2021-01-19 16:00:00.000 UTC,0.055933,0.05509,0.055897,0.055488
2021-01-19 15:00:00.000 UTC,0.056096,0.0546,0.0546,0.056054
2021-01-19 14:00:00.000 UTC,0.05654,0.055831,0.055886,0.056253
2021-01-19 13:00:00.000 UTC,0.056729,0.054275,0.055613,0.055899
2021-01-19 12:00:00.000 UTC,0.056294,0.052662,0.052662,0.054703
2021-01-19 11:00:00.000 UTC,0.055439,0.05108,0.051109,0.054266
2021-01-19 10:00:00.000 UTC,0.051931,0.051084,0.051237,0.051084
2021-01-19 09:00:00.000 UTC,0.052223,0.051019,0.051186,0.051019
2021-01-19 08:00:00.000 UTC,0.051206,0.050686,0.050889,0.0509
2021-01-19 07:00:00.000 UTC,0.051002,0.050268,0.051002,0.050478
2021-01-19 06:00:00.000 UTC,0.051133,0.050381,0.050469,0.051006
2021-01-19 05:00:00.000 UTC,0.050487,0.050001,0.050001,0.050487
2021-01-19 04:00:00.000 UTC,0.050285,0.049769,0.049769,0.050051
2021-01-19 03:00:00.000 UTC,0.050016,0.049604,0.050016,0.049702
2021-01-19 02:00:00.000 UTC,0.051122,0.050046,0.051046,0.050118
2021-01-19 01:00:00.000 UTC,0.052424,0.051153,0.052197,0.051948
2021-01-19 00:00:00.000 UTC,0.052773,0.051631,0.05216,0.052148
2021-01-18 23:00:00.000 UTC,0.051377,0.050543,0.0513,0.051212
2021-01-18 22:00:00.000 UTC,0.052161,0.050689,0.05128,0.050724
2021-01-18 21:00:00.000 UTC,0.051697,0.05116,0.051426,0.051218
2021-01-18 20:00:00.000 UTC,0.051776,0.050567,0.051183,0.051423
2021-01-18 19:00:00.000 UTC,0.051674,0.050576,0.051466,0.05122
2021-01-18 18:00:00.000 UTC,0.051673,0.050183,0.051673,0.050751
2021-01-18 17:00:00.000 UTC,0.052132,0.050481,0.051996,0.050626
2021-01-18 16:00:00.000 UTC,0.05193,0.049539,0.049636,0.051758
2021-01-18 15:00:00.000 UTC,0.050407,0.049511,0.050086,0.049617
2021-01-18 14:00:00.000 UTC,0.050964,0.049397,0.050055,0.049617
2021-01-18 13:00:00.000 UTC,0.050909,0.050002,0.050508,0.050057
2021-01-18 12:00:00.000 UTC,0.052044,0.050666,0.051199,0.050755
2021-01-18 11:00:00.000 UTC,0.051254,0.050218,0.05045,0.051254
2021-01-18 10:00:00.000 UTC,0.050612,0.05025,0.050425,0.050505
2021-01-18 09:00:00.000 UTC,0.052069,0.050363,0.051636,0.050363
2021-01-18 08:00:00.000 UTC,0.052573,0.051579,0.052056,0.051747
2021-01-18 07:00:00.000 UTC,0.052565,0.050403,0.050403,0.052188
2021-01-18 06:00:00.000 UTC,0.051172,0.049987,0.049987,0.05096
2021-01-18 05:00:00.000 UTC,0.050013,0.049283,0.049806,0.049931
2021-01-18 04:00:00.000 UTC,0.050897,0.049531,0.049984,0.049767
2021-01-18 03:00:00.000 UTC,0.05284,0.049536,0.05284,0.049745
2021-01-18 02:00:00.000 UTC,0.053512,0.052589,0.052608,0.053367
2021-01-18 01:00:00.000 UTC,0.054303,0.052024,0.054303,0.052693
2021-01-18 00:00:00.000 UTC,0.053929,0.050949,0.051056,0.053929
2021-01-17 23:00:00.000 UTC,0.052689,0.05062,0.050862,0.052237
2021-01-17 22:00:00.000 UTC,0.051201,0.050195,0.050246,0.051025
2021-01-17 21:00:00.000 UTC,0.051502,0.049947,0.050138,0.050095
2021-01-17 20:00:00.000 UTC,0.050803,0.049699,0.050178,0.050468
2021-01-17 19:00:00.000 UTC,0.050568,0.050063,0.050063,0.050389
2021-01-17 18:00:00.000 UTC,0.049896,0.049081,0.049081,0.049633
2021-01-17 17:00:00.000 UTC,0.05071,0.049162,0.049302,0.049162
2021-01-17 16:00:00.000 UTC,0.051201,0.04724,0.051201,0.049599
2021-01-17 15:00:00.000 UTC,0.051641,0.049366,0.049366,0.050553
2021-01-17 14:00:00.000 UTC,0.051544,0.049265,0.051544,0.049485
2021-01-17 13:00:00.000 UTC,0.051343,0.04567,0.04567,0.051118
2021-01-17 12:00:00.000 UTC,0.044866,0.043709,0.043709,0.044866
2021-01-17 11:00:00.000 UTC,0.044069,0.043163,0.043167,0.043593
2021-01-17 10:00:00.000 UTC,0.043016,0.042439,0.042452,0.043
2021-01-17 09:00:00.000 UTC,0.043255,0.042433,0.042689,0.042433
2021-01-17 08:00:00.000 UTC,0.042749,0.042422,0.04243,0.042634
2021-01-17 07:00:00.000 UTC,0.043665,0.042517,0.043665,0.042611
2021-01-17 06:00:00.000 UTC,0.044773,0.043442,0.044773,0.043605
2021-01-17 05:00:00.000 UTC,0.045268,0.043828,0.044249,0.043929
2021-01-17 04:00:00.000 UTC,0.044904,0.044557,0.044557,0.04458
2021-01-17 03:00:00.000 UTC,0.045649,0.044465,0.044683,0.045297
2021-01-17 02:00:00.000 UTC,0.045827,0.044622,0.045168,0.044987
2021-01-17 01:00:00.000 UTC,0.045091,0.044031,0.044352,0.045091
2021-01-17 00:00:00.000 UTC,0.045035,0.043281,0.043531,0.045035
2021-01-16 23:00:00.000 UTC,0.043514,0.042861,0.043001,0.043514
2021-01-16 22:00:00.000 UTC,0.043357,0.042715,0.043357,0.043048
2021-01-16 21:00:00.000 UTC,0.043805,0.043411,0.043735,0.043454
2021-01-16 20:00:00.000 UTC,0.043743,0.043418,0.04348,0.043652
2021-01-16 19:00:00.000 UTC,0.043507,0.043182,0.043497,0.043463
2021-01-16 18:00:00.000 UTC,0.043721,0.043399,0.043671,0.043499
2021-01-16 17:00:00.000 UTC,0.043596,0.04315,0.04315,0.043596
2021-01-16 16:00:00.000 UTC,0.044544,0.04271,0.044347,0.043024
2021-01-16 15:00:00.000 UTC,0.044451,0.04329,0.04407,0.044437
2021-01-16 14:00:00.000 UTC,0.044164,0.0429,0.044063,0.043259
2021-01-16 13:00:00.000 UTC,0.044469,0.043935,0.043935,0.044198
2021-01-16 12:00:00.000 UTC,0.044575,0.042913,0.044575,0.043151
2021-01-16 11:00:00.000 UTC,0.044784,0.04444,0.044773,0.044506
2021-01-16 10:00:00.000 UTC,0.04512,0.043543,0.04512,0.044861
2021-01-16 09:00:00.000 UTC,0.045465,0.043767,0.045386,0.045033
2021-01-16 08:00:00.000 UTC,0.045437,0.044049,0.044097,0.045437
2021-01-16 07:00:00.000 UTC,0.046047,0.044144,0.045571,0.044144
2021-01-16 06:00:00.000 UTC,0.045738,0.045099,0.045138,0.045544
2021-01-16 05:00:00.000 UTC,0.046482,0.044904,0.04609,0.04517
2021-01-16 04:00:00.000 UTC,0.045926,0.045719,0.045815,0.045857
2021-01-16 03:00:00.000 UTC,0.045535,0.045163,0.045526,0.045344
2021-01-16 02:00:00.000 UTC,0.046027,0.045492,0.045564,0.045598
2021-01-16 01:00:00.000 UTC,0.046261,0.045324,0.045324,0.045519
2021-01-16 00:00:00.000 UTC,0.0453,0.044088,0.044088,0.045248
2021-01-15 23:00:00.000 UTC,0.044602,0.042762,0.044602,0.04406
2021-01-15 22:00:00.000 UTC,0.045119,0.044576,0.045119,0.044577
2021-01-15 21:00:00.000 UTC,0.044924,0.042427,0.043474,0.043587
2021-01-15 20:00:00.000 UTC,0.043301,0.042271,0.042355,0.043301
2021-01-15 19:00:00.000 UTC,0.043496,0.042142,0.043067,0.042305
2021-01-15 18:00:00.000 UTC,0.043014,0.041821,0.042694,0.042776
2021-01-15 17:00:00.000 UTC,0.042892,0.041619,0.041999,0.042598
2021-01-15 16:00:00.000 UTC,0.042027,0.040619,0.041127,0.041937
2021-01-15 15:00:00.000 UTC,0.044113,0.041326,0.043807,0.041326
2021-01-15 14:00:00.000 UTC,0.04529,0.04357,0.045037,0.043805
2021-01-15 13:00:00.000 UTC,0.045178,0.044637,0.044637,0.045014
2021-01-15 12:00:00.000 UTC,0.045674,0.042892,0.042892,0.044651
2021-01-15 11:00:00.000 UTC,0.042512,0.041335,0.041993,0.042512
2021-01-15 10:00:00.000 UTC,0.042087,0.041172,0.041856,0.042028
2021-01-15 09:00:00.000 UTC,0.041962,0.041101,0.041226,0.04187
2021-01-15 08:00:00.000 UTC,0.041313,0.040756,0.04077,0.041182
2021-01-15 07:00:00.000 UTC,0.041189,0.040165,0.040165,0.040843
2021-01-15 06:00:00.000 UTC,0.040384,0.039992,0.039992,0.04026
2021-01-15 05:00:00.000 UTC,0.041068,0.040101,0.040357,0.040101
2021-01-15 04:00:00.000 UTC,0.040644,0.040049,0.0403,0.04046
2021-01-15 03:00:00.000 UTC,0.040986,0.040178,0.040986,0.040178
2021-01-15 02:00:00.000 UTC,0.041462,0.040874,0.041084,0.041093
2021-01-15 01:00:00.000 UTC,0.041493,0.040824,0.041299,0.041175
2021-01-15 00:00:00.000 UTC,0.041359,0.0405,0.0405,0.041359
2021-01-14 23:00:00.000 UTC,0.040389,0.039805,0.039881,0.040389
2021-01-14 22:00:00.000 UTC,0.039834,0.039642,0.039677,0.039774
2021-01-14 21:00:00.000 UTC,0.040661,0.039612,0.040642,0.039612
2021-01-14 20:00:00.000 UTC,0.040907,0.040726,0.040829,0.040726
2021-01-14 19:00:00.000 UTC,0.041029,0.040753,0.040753,0.040853
2021-01-14 18:00:00.000 UTC,0.041384,0.040616,0.040878,0.040764
2021-01-14 17:00:00.000 UTC,0.041532,0.040697,0.040821,0.041472
2021-01-14 16:00:00.000 UTC,0.041701,0.040477,0.040583,0.040742
2021-01-14 15:00:00.000 UTC,0.041884,0.040506,0.040955,0.040506
2021-01-14 14:00:00.000 UTC,0.041916,0.040955,0.041861,0.040955
2021-01-14 13:00:00.000 UTC,0.041751,0.040286,0.040369,0.041751
2021-01-14 12:00:00.000 UTC,0.041079,0.040066,0.04062,0.041079
2021-01-14 11:00:00.000 UTC,0.041016,0.039856,0.040939,0.040605
2021-01-14 10:00:00.000 UTC,0.041021,0.039983,0.040112,0.041021
2021-01-14 09:00:00.000 UTC,0.041296,0.039967,0.040375,0.04008
2021-01-14 08:00:00.000 UTC,0.041824,0.040547,0.041083,0.040564
2021-01-14 07:00:00.000 UTC,0.041503,0.040885,0.041331,0.04147
2021-01-14 06:00:00.000 UTC,0.041255,0.040147,0.040819,0.041255
2021-01-14 05:00:00.000 UTC,0.04088,0.040472,0.040644,0.040767
2021-01-14 04:00:00.000 UTC,0.040714,0.040356,0.04046,0.040659
2021-01-14 03:00:00.000 UTC,0.040696,0.039431,0.040696,0.040459
2021-01-14 02:00:00.000 UTC,0.040746,0.040329,0.040329,0.040746
2021-01-14 01:00:00.000 UTC,0.040798,0.040389,0.040798,0.040389
2021-01-14 00:00:00.000 UTC,0.041085,0.040601,0.040643,0.040821
2021-01-13 23:00:00.000 UTC,0.040819,0.040289,0.040674,0.040606
2021-01-13 22:00:00.000 UTC,0.041175,0.040522,0.040576,0.040522
2021-01-13 21:00:00.000 UTC,0.040535,0.039164,0.040308,0.040453
2021-01-13 20:00:00.000 UTC,0.04042,0.039166,0.04042,0.04018
2021-01-13 19:00:00.000 UTC,0.040467,0.040083,0.040083,0.040384
2021-01-13 18:00:00.000 UTC,0.040125,0.03877,0.038913,0.039907
2021-01-13 17:00:00.000 UTC,0.039733,0.038785,0.039586,0.039733
2021-01-13 16:00:00.000 UTC,0.039659,0.038477,0.038745,0.039659
2021-01-13 15:00:00.000 UTC,0.039287,0.03818,0.038626,0.038868
2021-01-13 14:00:00.000 UTC,0.039493,0.038488,0.03849,0.039415
2021-01-13 13:00:00.000 UTC,0.038695,0.038108,0.038108,0.038608
2021-01-13 12:00:00.000 UTC,0.038542,0.037782,0.037934,0.038542
2021-01-13 11:00:00.000 UTC,0.03921,0.03806,0.03921,0.03806
2021-01-13 10:00:00.000 UTC,0.039119,0.03804,0.03804,0.038892
2021-01-13 09:00:00.000 UTC,0.039107,0.038092,0.038318,0.038755
2021-01-13 08:00:00.000 UTC,0.038335,0.037964,0.038335,0.038205
2021-01-13 07:00:00.000 UTC,0.03886,0.03756,0.037615,0.03886
2021-01-13 06:00:00.000 UTC,0.03781,0.037241,0.037241,0.03781
2021-01-13 05:00:00.000 UTC,0.038043,0.03718,0.037492,0.037186
2021-01-13 04:00:00.000 UTC,0.037617,0.037316,0.037523,0.037421
2021-01-13 03:00:00.000 UTC,0.03791,0.037137,0.037154,0.037584
2021-01-13 02:00:00.000 UTC,0.037387,0.036946,0.037206,0.036986
2021-01-13 01:00:00.000 UTC,0.037257,0.036822,0.036935,0.03704
2021-01-13 00:00:00.000 UTC,0.037647,0.036985,0.037428,0.037024
2021-01-12 23:00:00.000 UTC,0.038078,0.037318,0.037943,0.037499
2021-01-12 22:00:00.000 UTC,0.039165,0.038433,0.038889,0.038856
2021-01-12 21:00:00.000 UTC,0.038869,0.037937,0.037937,0.038869
2021-01-12 20:00:00.000 UTC,0.038957,0.037407,0.038918,0.037496
2021-01-12 19:00:00.000 UTC,0.039304,0.038084,0.039304,0.039079
2021-01-12 18:00:00.000 UTC,0.039762,0.039222,0.039407,0.03938
2021-01-12 17:00:00.000 UTC,0.039395,0.038063,0.038063,0.038324
2021-01-12 16:00:00.000 UTC,0.039368,0.037981,0.03801,0.039368
2021-01-12 15:00:00.000 UTC,0.037902,0.036634,0.036634,0.037902
2021-01-12 14:00:00.000 UTC,0.037835,0.036135,0.036757,0.036404
2021-01-12 13:00:00.000 UTC,0.03974,0.03759,0.039505,0.037631
2021-01-12 12:00:00.000 UTC,0.039493,0.038514,0.03927,0.038514
2021-01-12 11:00:00.000 UTC,0.039642,0.038888,0.038888,0.039341
2021-01-12 10:00:00.000 UTC,0.040469,0.038826,0.040383,0.038826
2021-01-12 09:00:00.000 UTC,0.040726,0.039646,0.039767,0.040457
2021-01-12 08:00:00.000 UTC,0.040766,0.039716,0.040766,0.039716
2021-01-12 07:00:00.000 UTC,0.040776,0.040057,0.040531,0.040682
2021-01-12 06:00:00.000 UTC,0.04079,0.040126,0.040368,0.040449
2021-01-12 05:00:00.000 UTC,0.040404,0.039655,0.039655,0.040404
2021-01-12 04:00:00.000 UTC,0.039751,0.039373,0.039373,0.039448
2021-01-12 03:00:00.000 UTC,0.039483,0.03804,0.038661,0.039483
2021-01-12 02:00:00.000 UTC,0.038952,0.038555,0.038952,0.038763
2021-01-12 01:00:00.000 UTC,0.03948,0.037693,0.038037,0.038802
2021-01-12 00:00:00.000 UTC,0.040698,0.038765,0.040698,0.039022
2021-01-11 23:00:00.000 UTC,0.040834,0.040129,0.040321,0.0405
2021-01-11 22:00:00.000 UTC,0.040696,0.038665,0.038833,0.040287
2021-01-11 21:00:00.000 UTC,0.040255,0.037025,0.037025,0.040255
2021-01-11 20:00:00.000 UTC,0.037202,0.035404,0.036392,0.037202
2021-01-11 19:00:00.000 UTC,0.037078,0.035334,0.036475,0.036479
2021-01-11 18:00:00.000 UTC,0.036781,0.035968,0.035968,0.036572
2021-01-11 17:00:00.000 UTC,0.036434,0.034988,0.035123,0.036188
2021-01-11 16:00:00.000 UTC,0.036852,0.034732,0.036852,0.034763
2021-01-11 15:00:00.000 UTC,0.037917,0.036632,0.037307,0.036632
2021-01-11 14:00:00.000 UTC,0.037631,0.036689,0.037631,0.037443
2021-01-11 13:00:00.000 UTC,0.038674,0.037618,0.038674,0.037979
2021-01-11 12:00:00.000 UTC,0.039199,0.038191,0.038438,0.038881
2021-01-11 11:00:00.000 UTC,0.039211,0.038533,0.039211,0.038583
2021-01-11 10:00:00.000 UTC,0.040488,0.039253,0.040097,0.039253
2021-01-11 09:00:00.000 UTC,0.040134,0.038924,0.039509,0.039124
2021-01-11 08:00:00.000 UTC,0.039491,0.0385,0.038546,0.039488
2021-01-11 07:00:00.000 UTC,0.038717,0.03754,0.037659,0.038595
2021-01-11 06:00:00.000 UTC,0.039106,0.037744,0.039106,0.037744
2021-01-11 05:00:00.000 UTC,0.039945,0.039257,0.039767,0.039257
2021-01-11 04:00:00.000 UTC,0.039972,0.039174,0.039766,0.039503
2021-01-11 03:00:00.000 UTC,0.04107,0.039161,0.041067,0.039917
2021-01-11 02:00:00.000 UTC,0.041489,0.040937,0.041489,0.041115
2021-01-11 01:00:00.000 UTC,0.041876,0.041316,0.04153,0.041316
2021-01-11 00:00:00.000 UTC,0.042284,0.041515,0.042284,0.041515
2021-01-10 23:00:00.000 UTC,0.043164,0.042248,0.042753,0.042248
2021-01-10 22:00:00.000 UTC,0.04315,0.04231,0.042368,0.042807
2021-01-10 21:00:00.000 UTC,0.04248,0.041985,0.041985,0.042408
2021-01-10 20:00:00.000 UTC,0.042088,0.041119,0.041821,0.041933
2021-01-10 19:00:00.000 UTC,0.042447,0.041902,0.042156,0.041902
2021-01-10 18:00:00.000 UTC,0.042967,0.042179,0.042823,0.042179
2021-01-10 17:00:00.000 UTC,0.043,0.042115,0.043,0.042488
2021-01-10 16:00:00.000 UTC,0.043574,0.043003,0.043516,0.043003
2021-01-10 15:00:00.000 UTC,0.043538,0.042939,0.043538,0.043501
2021-01-10 14:00:00.000 UTC,0.044272,0.043531,0.04413,0.043695
2021-01-10 13:00:00.000 UTC,0.04461,0.043475,0.043563,0.043709
2021-01-10 12:00:00.000 UTC,0.043702,0.042881,0.043472,0.043628
2021-01-10 11:00:00.000 UTC,0.04476,0.043124,0.04476,0.043418
2021-01-10 10:00:00.000 UTC,0.045855,0.044618,0.045855,0.044744
2021-01-10 09:00:00.000 UTC,0.045958,0.045609,0.045609,0.045958
2021-01-10 08:00:00.000 UTC,0.045795,0.045467,0.045701,0.045639
2021-01-10 07:00:00.000 UTC,0.046085,0.045249,0.045323,0.045682
2021-01-10 06:00:00.000 UTC,0.046192,0.045133,0.045904,0.045395
2021-01-10 05:00:00.000 UTC,0.045993,0.045033,0.045871,0.045033
2021-01-10 04:00:00.000 UTC,0.046016,0.045083,0.045905,0.045771
2021-01-10 03:00:00.000 UTC,0.046529,0.045151,0.046505,0.046024
2021-01-10 02:00:00.000 UTC,0.046434,0.045007,0.045112,0.045559
2021-01-10 01:00:00.000 UTC,0.046289,0.045005,0.045005,0.045052
2021-01-10 00:00:00.000 UTC,0.046302,0.044983,0.044983,0.045068
2021-01-09 23:00:00.000 UTC,0.046074,0.0457,0.04583,0.045892
2021-01-09 22:00:00.000 UTC,0.046191,0.044816,0.046191,0.045768
2021-01-09 21:00:00.000 UTC,0.046236,0.044834,0.045858,0.046236
2021-01-09 20:00:00.000 UTC,0.046058,0.044722,0.044722,0.045687
2021-01-09 19:00:00.000 UTC,0.046023,0.045712,0.045923,0.046023
2021-01-09 18:00:00.000 UTC,0.045943,0.045669,0.045669,0.045943
2021-01-09 17:00:00.000 UTC,0.046073,0.043529,0.044521,0.045859
2021-01-09 16:00:00.000 UTC,0.04597,0.043787,0.04597,0.044657
2021-01-09 15:00:00.000 UTC,0.046542,0.044783,0.046542,0.046096
2021-01-09 14:00:00.000 UTC,0.046617,0.045015,0.045015,0.045094
2021-01-09 13:00:00.000 UTC,0.046635,0.045032,0.0466,0.046607
2021-01-09 12:00:00.000 UTC,0.045945,0.044743,0.045414,0.044926
2021-01-09 11:00:00.000 UTC,0.046171,0.044287,0.045991,0.044287
2021-01-09 10:00:00.000 UTC,0.047044,0.044333,0.047044,0.044536
2021-01-09 09:00:00.000 UTC,0.046959,0.044476,0.044476,0.046959
2021-01-09 08:00:00.000 UTC,0.045392,0.043715,0.043715,0.044485
2021-01-09 07:00:00.000 UTC,0.04452,0.042808,0.042943,0.04452
2021-01-09 06:00:00.000 UTC,0.044291,0.043055,0.043367,0.043707
2021-01-09 05:00:00.000 UTC,0.044009,0.043395,0.043979,0.043588
2021-01-09 04:00:00.000 UTC,0.043953,0.043053,0.043524,0.043945
2021-01-09 03:00:00.000 UTC,0.043705,0.042042,0.042042,0.043603
2021-01-09 02:00:00.000 UTC,0.04292,0.042101,0.04228,0.042101
2021-01-09 01:00:00.000 UTC,0.042552,0.04199,0.042069,0.042075
2021-01-09 00:00:00.000 UTC,0.043444,0.041958,0.042779,0.041958
2021-01-08 23:00:00.000 UTC,0.043493,0.042545,0.042645,0.042812
2021-01-08 22:00:00.000 UTC,0.042737,0.041881,0.041881,0.042634
2021-01-08 21:00:00.000 UTC,0.042011,0.04137,0.041649,0.041867
2021-01-08 20:00:00.000 UTC,0.042638,0.041572,0.042638,0.04168
2021-01-08 19:00:00.000 UTC,0.043878,0.042915,0.042989,0.043579
2021-01-08 18:00:00.000 UTC,0.045656,0.042758,0.045656,0.043183
2021-01-08 17:00:00.000 UTC,0.045928,0.044528,0.045427,0.045775
2021-01-08 16:00:00.000 UTC,0.045541,0.04463,0.04463,0.045541
2021-01-08 15:00:00.000 UTC,0.046548,0.04329,0.046471,0.043513
2021-01-08 14:00:00.000 UTC,0.047082,0.045125,0.045125,0.046154
2021-01-08 13:00:00.000 UTC,0.046319,0.045182,0.046153,0.046319
2021-01-08 12:00:00.000 UTC,0.046164,0.044417,0.045612,0.046135
2021-01-08 11:00:00.000 UTC,0.046344,0.044556,0.046344,0.04562
2021-01-08 10:00:00.000 UTC,0.04696,0.044757,0.044757,0.046567
2021-01-08 09:00:00.000 UTC,0.0454,0.04415,0.0453,0.044856
2021-01-08 08:00:00.000 UTC,0.046004,0.044398,0.045218,0.045337
2021-01-08 07:00:00.000 UTC,0.045432,0.044494,0.04522,0.045199
2021-01-08 06:00:00.000 UTC,0.045054,0.043299,0.043299,0.044858
2021-01-08 05:00:00.000 UTC,0.045437,0.042935,0.042935,0.044538
2021-01-08 04:00:00.000 UTC,0.042501,0.041993,0.041993,0.042501
2021-01-08 03:00:00.000 UTC,0.041902,0.041403,0.041403,0.041901
2021-01-08 02:00:00.000 UTC,0.044237,0.041373,0.043481,0.041631
2021-01-08 01:00:00.000 UTC,0.045111,0.043142,0.044117,0.043142
2021-01-08 00:00:00.000 UTC,0.045595,0.04292,0.04292,0.045116
2021-01-07 23:00:00.000 UTC,0.04363,0.042386,0.04363,0.042823
2021-01-07 22:00:00.000 UTC,0.044353,0.043118,0.044353,0.043551
2021-01-07 21:00:00.000 UTC,0.044885,0.043201,0.043201,0.043613
2021-01-07 20:00:00.000 UTC,0.044121,0.042935,0.043304,0.043117
2021-01-07 19:00:00.000 UTC,0.043101,0.042074,0.042347,0.04299
2021-01-07 18:00:00.000 UTC,0.045655,0.041597,0.044244,0.041597
2021-01-07 17:00:00.000 UTC,0.045968,0.043777,0.044426,0.045013
2021-01-07 16:00:00.000 UTC,0.044775,0.043916,0.044721,0.044295
2021-01-07 15:00:00.000 UTC,0.044826,0.043464,0.044409,0.044826
2021-01-07 14:00:00.000 UTC,0.044566,0.043332,0.044075,0.044212
2021-01-07 13:00:00.000 UTC,0.04441,0.043126,0.043228,0.04397
2021-01-07 12:00:00.000 UTC,0.044717,0.043121,0.043976,0.04408
2021-01-07 11:00:00.000 UTC,0.045077,0.043826,0.043826,0.043939
2021-01-07 10:00:00.000 UTC,0.044785,0.043466,0.043808,0.043919
2021-01-07 09:00:00.000 UTC,0.04378,0.042958,0.042966,0.04378
2021-01-07 08:00:00.000 UTC,0.045063,0.042353,0.044015,0.042898
2021-01-07 07:00:00.000 UTC,0.045282,0.043268,0.043283,0.04406
2021-01-07 06:00:00.000 UTC,0.043746,0.042941,0.043613,0.043176
2021-01-07 05:00:00.000 UTC,0.043765,0.042722,0.043593,0.043552
2021-01-07 04:00:00.000 UTC,0.043726,0.042659,0.043073,0.043567
2021-01-07 03:00:00.000 UTC,0.043896,0.042496,0.04347,0.043844
2021-01-07 02:00:00.000 UTC,0.043515,0.042826,0.042977,0.043455
2021-01-07 01:00:00.000 UTC,0.043886,0.042895,0.043436,0.042919
2021-01-07 00:00:00.000 UTC,0.045006,0.043523,0.044875,0.043523
2021-01-06 23:00:00.000 UTC,0.045066,0.044708,0.044708,0.045066
2021-01-06 22:00:00.000 UTC,0.046224,0.043708,0.046186,0.044991
2021-01-06 21:00:00.000 UTC,0.046325,0.042797,0.042797,0.045852
2021-01-06 20:00:00.000 UTC,0.044032,0.041873,0.043085,0.044029
2021-01-06 19:00:00.000 UTC,0.046692,0.043198,0.046692,0.043198
2021-01-06 18:00:00.000 UTC,0.047381,0.044744,0.046804,0.046902
2021-01-06 17:00:00.000 UTC,0.045942,0.043866,0.043866,0.045658
2021-01-06 16:00:00.000 UTC,0.044563,0.043281,0.043729,0.043856
2021-01-06 15:00:00.000 UTC,0.043765,0.042432,0.042597,0.043535
2021-01-06 14:00:00.000 UTC,0.044244,0.042571,0.04297,0.043273
2021-01-06 13:00:00.000 UTC,0.042928,0.04193,0.04193,0.042928
2021-01-06 12:00:00.000 UTC,0.042342,0.041793,0.042342,0.041882
2021-01-06 11:00:00.000 UTC,0.042937,0.04206,0.04206,0.042285
2021-01-06 10:00:00.000 UTC,0.042141,0.041462,0.041462,0.042141
2021-01-06 09:00:00.000 UTC,0.041566,0.041201,0.041538,0.041566
2021-01-06 08:00:00.000 UTC,0.042016,0.041422,0.041874,0.04143
2021-01-06 07:00:00.000 UTC,0.042352,0.041582,0.04192,0.041885
2021-01-06 06:00:00.000 UTC,0.042075,0.041601,0.041601,0.041967
2021-01-06 05:00:00.000 UTC,0.04229,0.041424,0.042133,0.04154
2021-01-06 04:00:00.000 UTC,0.04228,0.041299,0.041795,0.041923
2021-01-06 03:00:00.000 UTC,0.04175,0.040888,0.041104,0.04175
2021-01-06 02:00:00.000 UTC,0.041921,0.040556,0.041158,0.04117
2021-01-06 01:00:00.000 UTC,0.041474,0.04056,0.041437,0.041173
2021-01-06 00:00:00.000 UTC,0.041899,0.040847,0.041865,0.041632
2021-01-05 23:00:00.000 UTC,0.042016,0.040865,0.040865,0.041937
2021-01-05 22:00:00.000 UTC,0.042206,0.041106,0.041192,0.042095
2021-01-05 21:00:00.000 UTC,0.043023,0.041187,0.042851,0.041187
2021-01-05 20:00:00.000 UTC,0.042895,0.042401,0.042538,0.04261
2021-01-05 19:00:00.000 UTC,0.043621,0.041194,0.041812,0.042507
2021-01-05 18:00:00.000 UTC,0.044994,0.043362,0.04478,0.043362
2021-01-05 17:00:00.000 UTC,0.04501,0.044623,0.044623,0.044808
2021-01-05 16:00:00.000 UTC,0.044843,0.043508,0.043508,0.044449
2021-01-05 15:00:00.000 UTC,0.043485,0.042597,0.042729,0.043485
2021-01-05 14:00:00.000 UTC,0.043217,0.041983,0.043217,0.04256
2021-01-05 13:00:00.000 UTC,0.044128,0.043288,0.043425,0.043314
2021-01-05 12:00:00.000 UTC,0.043459,0.041246,0.042913,0.043459
2021-01-05 11:00:00.000 UTC,0.042806,0.040933,0.041391,0.042806
2021-01-05 10:00:00.000 UTC,0.041861,0.040183,0.041861,0.0414
2021-01-05 09:00:00.000 UTC,0.041977,0.040393,0.040393,0.041744
2021-01-05 08:00:00.000 UTC,0.041244,0.039561,0.039561,0.041244
2021-01-05 07:00:00.000 UTC,0.040864,0.039701,0.040641,0.040427
2021-01-05 06:00:00.000 UTC,0.040591,0.039337,0.040258,0.040591
2021-01-05 05:00:00.000 UTC,0.040811,0.039479,0.04055,0.040111
2021-01-05 04:00:00.000 UTC,0.040825,0.038756,0.039607,0.040825
2021-01-05 03:00:00.000 UTC,0.040817,0.038954,0.040728,0.038954
2021-01-05 02:00:00.000 UTC,0.041534,0.040744,0.041534,0.040744
2021-01-05 01:00:00.000 UTC,0.041495,0.040791,0.041042,0.041495
2021-01-05 00:00:00.000 UTC,0.041528,0.040543,0.040755,0.04125
2021-01-04 23:00:00.000 UTC,0.040512,0.039766,0.040108,0.040512
2021-01-04 22:00:00.000 UTC,0.040025,0.039621,0.03968,0.039896
2021-01-04 21:00:00.000 UTC,0.039738,0.038557,0.038631,0.039651
2021-01-04 20:00:00.000 UTC,0.039811,0.038806,0.039091,0.039327
2021-01-04 19:00:00.000 UTC,0.039929,0.038188,0.038242,0.039918
2021-01-04 18:00:00.000 UTC,0.038287,0.037505,0.037505,0.038287
2021-01-04 17:00:00.000 UTC,0.037855,0.037405,0.037759,0.037405
2021-01-04 16:00:00.000 UTC,0.038191,0.037371,0.038191,0.03772
2021-01-04 15:00:00.000 UTC,0.038722,0.038173,0.03859,0.038185
2021-01-04 14:00:00.000 UTC,0.038246,0.037892,0.037892,0.038246
2021-01-04 13:00:00.000 UTC,0.038052,0.037541,0.038052,0.037793
2021-01-04 12:00:00.000 UTC,0.038227,0.037628,0.038055,0.038012
2021-01-04 11:00:00.000 UTC,0.037994,0.03731,0.037824,0.037752
2021-01-04 10:00:00.000 UTC,0.0382,0.036849,0.037937,0.037592
2021-01-04 09:00:00.000 UTC,0.038943,0.03764,0.038943,0.03779
2021-01-04 08:00:00.000 UTC,0.04052,0.038842,0.039483,0.038842
2021-01-04 07:00:00.000 UTC,0.041596,0.039137,0.041335,0.039659
2021-01-04 06:00:00.000 UTC,0.04279,0.04101,0.04167,0.042422
2021-01-04 05:00:00.000 UTC,0.041815,0.040404,0.041714,0.040567
2021-01-04 04:00:00.000 UTC,0.041779,0.040245,0.040281,0.041779
2021-01-04 03:00:00.000 UTC,0.041134,0.039788,0.040804,0.041134
2021-01-04 02:00:00.000 UTC,0.040653,0.039553,0.040368,0.040653
2021-01-04 01:00:00.000 UTC,0.040941,0.039521,0.040595,0.039521
2021-01-04 00:00:00.000 UTC,0.041094,0.039543,0.041094,0.040512
2021-01-03 23:00:00.000 UTC,0.041538,0.039498,0.039498,0.041477
2021-01-03 22:00:00.000 UTC,0.039744,0.039135,0.039202,0.039376
2021-01-03 21:00:00.000 UTC,0.039326,0.038469,0.039002,0.039186
2021-01-03 20:00:00.000 UTC,0.039266,0.038396,0.038396,0.03906
2021-01-03 19:00:00.000 UTC,0.038625,0.038336,0.038519,0.038408
2021-01-03 18:00:00.000 UTC,0.039616,0.038131,0.039042,0.0385
2021-01-03 17:00:00.000 UTC,0.038985,0.038675,0.03871,0.038985
2021-01-03 16:00:00.000 UTC,0.039093,0.038707,0.038707,0.038883
2021-01-03 15:00:00.000 UTC,0.038664,0.038135,0.038416,0.038635
2021-01-03 14:00:00.000 UTC,0.038672,0.03796,0.03796,0.038404
2021-01-03 13:00:00.000 UTC,0.037971,0.037473,0.037576,0.037971
2021-01-03 12:00:00.000 UTC,0.037687,0.037464,0.037512,0.037543
2021-01-03 11:00:00.000 UTC,0.037585,0.037171,0.037254,0.037585
2021-01-03 10:00:00.000 UTC,0.037565,0.037293,0.03755,0.037388
2021-01-03 09:00:00.000 UTC,0.037829,0.037588,0.037818,0.037647
2021-01-03 08:00:00.000 UTC,0.037928,0.037591,0.037928,0.037812
2021-01-03 07:00:00.000 UTC,0.038117,0.037883,0.038006,0.037893
2021-01-03 06:00:00.000 UTC,0.037986,0.037844,0.037925,0.037986
2021-01-03 05:00:00.000 UTC,0.038314,0.037697,0.037997,0.038022
2021-01-03 04:00:00.000 UTC,0.037908,0.037532,0.037673,0.037908
2021-01-03 03:00:00.000 UTC,0.038032,0.037716,0.038032,0.037728
2021-01-03 02:00:00.000 UTC,0.038649,0.038023,0.038276,0.038023
2021-01-03 01:00:00.000 UTC,0.038563,0.037902,0.037978,0.038279
2021-01-03 00:00:00.000 UTC,0.038395,0.037552,0.037674,0.038001
2021-01-02 23:00:00.000 UTC,0.038052,0.037622,0.037715,0.037702
2021-01-02 22:00:00.000 UTC,0.038125,0.037413,0.037506,0.037688
2021-01-02 21:00:00.000 UTC,0.037543,0.036963,0.03723,0.037529
2021-01-02 20:00:00.000 UTC,0.03806,0.03714,0.037647,0.037218
2021-01-02 19:00:00.000 UTC,0.038843,0.037589,0.038286,0.037589
2021-01-02 18:00:00.000 UTC,0.03875,0.037751,0.03825,0.038345
2021-01-02 17:00:00.000 UTC,0.038201,0.03738,0.037542,0.037591
2021-01-02 16:00:00.000 UTC,0.037644,0.037015,0.037132,0.037589
2021-01-02 15:00:00.000 UTC,0.037958,0.037134,0.03782,0.037134
2021-01-02 14:00:00.000 UTC,0.038344,0.037057,0.038204,0.037159
2021-01-02 13:00:00.000 UTC,0.038408,0.037266,0.037314,0.038195
2021-01-02 12:00:00.000 UTC,0.03824,0.03739,0.03819,0.03739
2021-01-02 11:00:00.000 UTC,0.038374,0.037654,0.038374,0.038195
2021-01-02 10:00:00.000 UTC,0.038592,0.037536,0.0383,0.038365
2021-01-02 09:00:00.000 UTC,0.03897,0.038027,0.038724,0.038352
2021-01-02 08:00:00.000 UTC,0.03875,0.037696,0.038233,0.03875
2021-01-02 07:00:00.000 UTC,0.038347,0.037767,0.038147,0.038243
2021-01-02 06:00:00.000 UTC,0.038312,0.037199,0.037591,0.038312
2021-01-02 05:00:00.000 UTC,0.037639,0.037154,0.037533,0.037617
2021-01-02 04:00:00.000 UTC,0.037138,0.037046,0.037087,0.037072
2021-01-02 03:00:00.000 UTC,0.037083,0.036718,0.036718,0.03707
2021-01-02 02:00:00.000 UTC,0.036802,0.036555,0.036555,0.036774
2021-01-02 01:00:00.000 UTC,0.036572,0.036359,0.036359,0.036563
2021-01-02 00:00:00.000 UTC,0.037263,0.036393,0.036506,0.036393
2021-01-01 23:00:00.000 UTC,0.036975,0.036416,0.036898,0.036455
2021-01-01 22:00:00.000 UTC,0.03693,0.036261,0.036387,0.036435
2021-01-01 21:00:00.000 UTC,0.036386,0.035983,0.035983,0.036386
2021-01-01 20:00:00.000 UTC,0.036117,0.035924,0.035976,0.035994
2021-01-01 19:00:00.000 UTC,0.036005,0.035782,0.036005,0.035967
2021-01-01 18:00:00.000 UTC,0.037413,0.036008,0.037413,0.03607
2021-01-01 17:00:00.000 UTC,0.037555,0.036779,0.037362,0.037417
2021-01-01 16:00:00.000 UTC,0.03725,0.036433,0.036456,0.03725
2021-01-01 15:00:00.000 UTC,0.037044,0.036451,0.037028,0.036451
2021-01-01 14:00:00.000 UTC,0.037174,0.03635,0.037146,0.036423
2021-01-01 13:00:00.000 UTC,0.036972,0.036322,0.036824,0.036465
2021-01-01 12:00:00.000 UTC,0.037257,0.036854,0.037034,0.036903
2021-01-01 11:00:00.000 UTC,0.037262,0.036964,0.036981,0.037079
2021-01-01 10:00:00.000 UTC,0.037184,0.036745,0.036745,0.037085
2021-01-01 09:00:00.000 UTC,0.036871,0.036593,0.036664,0.036759
2021-01-01 08:00:00.000 UTC,0.036902,0.036655,0.036781,0.036688
2021-01-01 07:00:00.000 UTC,0.037273,0.036751,0.037273,0.036807
2021-01-01 06:00:00.000 UTC,0.037254,0.037062,0.037062,0.037246
2021-01-01 05:00:00.000 UTC,0.037106,0.036882,0.036963,0.037061
2021-01-01 04:00:00.000 UTC,0.037771,0.036792,0.036811,0.037162
2021-01-01 03:00:00.000 UTC,0.037303,0.036464,0.036999,0.036761
2021-01-01 02:00:00.000 UTC,0.037121,0.036106,0.036754,0.036365
2021-01-01 01:00:00.000 UTC,0.0369,0.035684,0.035684,0.036866
2021-01-01 00:00:00.000 UTC,0.035708,0.034969,0.035708,0.035515
2020-12-31 23:00:00.000 UTC,0.035713,0.0351,0.035183,0.035713
2020-12-31 22:00:00.000 UTC,0.035544,0.035113,0.035144,0.035145
2020-12-31 21:00:00.000 UTC,0.035311,0.035112,0.03522,0.035185
2020-12-31 20:00:00.000 UTC,0.035899,0.035217,0.035864,0.035217
2020-12-31 19:00:00.000 UTC,0.035876,0.035167,0.035167,0.035853
2020-12-31 18:00:00.000 UTC,0.035493,0.035077,0.035123,0.03525
2020-12-31 17:00:00.000 UTC,0.035096,0.034918,0.035001,0.035096
2020-12-31 16:00:00.000 UTC,0.035352,0.035029,0.035029,0.035033
2020-12-31 15:00:00.000 UTC,0.035038,0.034838,0.034838,0.035038
2020-12-31 14:00:00.000 UTC,0.034889,0.034701,0.034889,0.034887
2020-12-31 13:00:00.000 UTC,0.035283,0.034721,0.035283,0.034928
2020-12-31 12:00:00.000 UTC,0.035843,0.035357,0.035843,0.035357
2020-12-31 11:00:00.000 UTC,0.035923,0.035743,0.035834,0.035923
2020-12-31 10:00:00.000 UTC,0.035759,0.035355,0.035377,0.035759
2020-12-31 09:00:00.000 UTC,0.035394,0.035259,0.035375,0.035376
2020-12-31 08:00:00.000 UTC,0.035537,0.035343,0.035537,0.035343
2020-12-31 07:00:00.000 UTC,0.035625,0.035513,0.035513,0.035595
2020-12-31 06:00:00.000 UTC,0.035762,0.035447,0.035479,0.035612
2020-12-31 05:00:00.000 UTC,0.035672,0.035472,0.035672,0.035472
2020-12-31 04:00:00.000 UTC,0.035652,0.035478,0.03553,0.035637
2020-12-31 03:00:00.000 UTC,0.035552,0.035402,0.035402,0.035552
2020-12-31 02:00:00.000 UTC,0.035536,0.03534,0.035405,0.035423
2020-12-31 01:00:00.000 UTC,0.036101,0.035249,0.036101,0.035274
2020-12-31 00:00:00.000 UTC,0.036175,0.035967,0.036175,0.036073
2020-12-30 23:00:00.000 UTC,0.036293,0.035854,0.035854,0.036052
2020-12-30 22:00:00.000 UTC,0.036142,0.035833,0.036041,0.036023
2020-12-30 21:00:00.000 UTC,0.03606,0.035786,0.035786,0.035999
2020-12-30 20:00:00.000 UTC,0.036127,0.035792,0.036127,0.035933
2020-12-30 19:00:00.000 UTC,0.036507,0.035933,0.036507,0.036
2020-12-30 18:00:00.000 UTC,0.036624,0.036287,0.036287,0.036371
2020-12-30 17:00:00.000 UTC,0.036263,0.035963,0.036016,0.036263
2020-12-30 16:00:00.000 UTC,0.036336,0.03575,0.035889,0.036023
2020-12-30 15:00:00.000 UTC,0.035963,0.035853,0.035905,0.03595
2020-12-30 14:00:00.000 UTC,0.035847,0.035623,0.035668,0.0358
2020-12-30 13:00:00.000 UTC,0.035899,0.035719,0.035781,0.035719
2020-12-30 12:00:00.000 UTC,0.035816,0.035623,0.035778,0.035793
2020-12-30 11:00:00.000 UTC,0.036107,0.035732,0.035985,0.035788
2020-12-30 10:00:00.000 UTC,0.035929,0.035737,0.035764,0.035869
2020-12-30 09:00:00.000 UTC,0.035866,0.03568,0.035783,0.035707
2020-12-30 08:00:00.000 UTC,0.036381,0.035781,0.035996,0.035806
2020-12-30 07:00:00.000 UTC,0.036969,0.036144,0.036969,0.036516
2020-12-30 06:00:00.000 UTC,0.036869,0.0362,0.036858,0.036756
2020-12-30 05:00:00.000 UTC,0.036961,0.036244,0.03627,0.036896
2020-12-30 04:00:00.000 UTC,0.036891,0.036228,0.036367,0.036777
2020-12-30 03:00:00.000 UTC,0.037572,0.036351,0.037493,0.036351
2020-12-30 02:00:00.000 UTC,0.037778,0.037538,0.037764,0.037594
2020-12-30 01:00:00.000 UTC,0.038091,0.037706,0.038091,0.03773
2020-12-30 00:00:00.000 UTC,0.03819,0.037227,0.037227,0.038188
2020-12-29 23:00:00.000 UTC,0.037469,0.037031,0.037333,0.037186
2020-12-29 22:00:00.000 UTC,0.037569,0.036278,0.036278,0.036557
2020-12-29 21:00:00.000 UTC,0.037314,0.036089,0.0361,0.036271
2020-12-29 20:00:00.000 UTC,0.036054,0.035836,0.035979,0.036054
2020-12-29 19:00:00.000 UTC,0.036145,0.035839,0.035873,0.036143
2020-12-29 18:00:00.000 UTC,0.035908,0.035567,0.035694,0.035862
2020-12-29 17:00:00.000 UTC,0.03577,0.035262,0.035605,0.035488
2020-12-29 16:00:00.000 UTC,0.036965,0.035451,0.036965,0.035451
2020-12-29 15:00:00.000 UTC,0.037644,0.036928,0.037576,0.036928
2020-12-29 14:00:00.000 UTC,0.037574,0.037422,0.037561,0.037574
2020-12-29 13:00:00.000 UTC,0.037583,0.037408,0.037541,0.037527
2020-12-29 12:00:00.000 UTC,0.038136,0.037558,0.037558,0.037657
2020-12-29 11:00:00.000 UTC,0.038428,0.037479,0.037942,0.037479
2020-12-29 10:00:00.000 UTC,0.038394,0.037896,0.038121,0.038309
2020-12-29 09:00:00.000 UTC,0.038314,0.037531,0.037667,0.037837
2020-12-29 08:00:00.000 UTC,0.039017,0.03759,0.038812,0.037631
2020-12-29 07:00:00.000 UTC,0.038594,0.037801,0.03796,0.038594
2020-12-29 06:00:00.000 UTC,0.038011,0.036944,0.036944,0.038011
2020-12-29 05:00:00.000 UTC,0.037133,0.036793,0.036988,0.03698
2020-12-29 04:00:00.000 UTC,0.03709,0.036672,0.037041,0.036951
2020-12-29 03:00:00.000 UTC,0.038105,0.037007,0.038093,0.037007
2020-12-29 02:00:00.000 UTC,0.038279,0.038039,0.038208,0.038048
2020-12-29 01:00:00.000 UTC,0.038363,0.037795,0.038363,0.038091
2020-12-29 00:00:00.000 UTC,0.039372,0.038506,0.038855,0.038506